25,335.938202,213.316177,14.169098,30.163483,0.003278
25,371.879211,91.008240,34.601074,76.956314,0.002452
25,357.777008,85.283600,43.364899,99.176193,0.000975
25,323.650757,209.813919,17.678101,37.514389,0.000579
25,398.329834,153.723831,14.580933,29.768661,0.000544
25,276.197235,214.799347,11.143616,24.502884,0.000389
25,361.660278,93.560432,29.990204,65.100838,0.000305
25,362.520355,68.049606,60.727295,124.726959,0.000273
25,379.962463,104.047577,40.988892,91.531937,0.000273
25,290.582855,216.196350,11.307709,23.651260,0.000233
25,324.868713,208.499039,12.013000,25.204193,0.000194
25,276.296356,207.072357,10.479706,22.656311,0.000154
25,290.802490,207.180878,11.122620,23.714935,0.000147
25,309.090088,216.335236,11.504883,24.083176,0.000098
25,308.658142,206.695435,11.389313,24.022354,0.000088
25,260.514709,217.344620,10.604797,22.883270,0.000084
25,352.434479,213.701233,13.634430,28.623199,0.000062
25,328.022766,192.204407,26.429443,57.405212,0.000058
25,259.847870,204.567627,11.334686,25.030899,0.000050
25,376.078949,125.329239,32.077148,71.191666,0.000045
25,496.024170,66.069145,102.336365,218.076965,0.000042
25,592.734741,184.554794,43.244507,96.834213,0.000041
25,572.562561,98.122383,89.624268,197.398346,0.000038
25,242.770874,216.461884,10.892532,23.399185,0.000020
25,355.706818,37.427845,89.251801,186.777878,0.000017
25,242.383179,203.399261,12.115829,26.628204,0.000015
25,369.918610,213.346313,13.340973,28.622192,0.000011
25,517.636780,80.249504,115.394226,248.040833,0.000008
25,226.666962,215.470337,12.057098,26.128265,0.000006
25,227.462845,203.829163,12.090347,26.588882,0.000005
25,196.503998,132.551636,30.732224,67.445358,0.000002
50,356.488098,207.756439,12.366699,26.928604,0.008374
50,291.631592,213.159393,11.435486,24.569077,0.003100
50,277.363770,213.582718,11.554749,25.795319,0.002280
50,288.255127,198.109314,18.198395,38.680450,0.001315
50,306.123444,204.956451,10.644287,22.801727,0.000600
50,405.799561,76.539055,33.858490,75.825020,0.000381
50,277.325989,203.945969,12.162292,27.051498,0.000294
50,342.847595,206.677643,11.053192,23.545685,0.000240
50,176.672211,164.701660,37.768173,84.596664,0.000200
50,364.989655,202.956970,16.491821,35.110855,0.000173
50,397.472046,59.151009,65.640350,134.194763,0.000171
50,342.579163,214.873596,11.343964,23.631409,0.000165
50,356.042267,198.289825,12.248444,26.353867,0.000145
50,324.014801,205.258423,10.290100,21.724060,0.000113
50,178.669662,168.162277,15.637787,33.744873,0.000111
50,369.082031,207.153839,11.221252,24.029633,0.000104
50,163.764954,169.476013,40.278732,89.764923,0.000087
50,412.891266,86.913307,42.545166,95.165382,0.000070
50,388.399597,83.432457,43.045837,96.437859,0.000057
50,165.045898,173.548752,11.592682,24.448502,0.000033
50,368.848419,195.042725,12.764526,26.631638,0.000025
50,406.421173,109.698441,36.182068,79.469254,0.000015
50,386.681000,212.984360,12.059143,25.821655,0.000015
50,363.394318,55.160446,91.954895,185.510010,0.000014
50,385.577759,203.406525,12.032227,25.626373,0.000012
50,671.189575,143.835205,45.291016,195.962250,0.000010
50,574.149780,80.343842,100.956421,218.563751,0.000007
50,630.956177,81.787468,83.035889,208.891785,0.000005
50,159.710297,143.855728,75.001663,152.802475,0.000002
50,600.017883,127.576805,105.665894,224.720856,0.000002
50,123.789810,82.530113,101.481949,211.480499,0.000001
50,3.269314,43.824169,78.483124,244.829910,0.000001
75,290.320892,217.187683,11.457886,24.939255,0.008696
75,355.751709,216.076630,12.193420,26.681595,0.003586
75,276.458466,217.730881,11.472900,25.242828,0.001185
75,272.520081,211.834824,18.553741,38.769165,0.000564
75,275.927643,207.554047,13.556976,29.669830,0.000391
75,306.631714,217.445389,10.493927,22.136536,0.000285
75,341.865326,217.953552,11.439636,24.420532,0.000214
75,369.909271,207.012711,12.541931,26.680069,0.000209
75,430.756165,84.558762,39.235657,90.796356,0.000182
75,370.361023,216.419510,11.893951,25.464142,0.000161
75,261.230652,218.401566,11.928223,25.887589,0.000148
75,305.806915,206.742874,11.121002,24.259277,0.000136
75,341.710968,206.709564,11.479095,25.626389,0.000120
75,392.690460,54.025723,75.897736,154.603287,0.000110
75,403.591400,82.185760,43.102539,96.345642,0.000095
75,324.449402,217.887772,10.519287,22.016769,0.000062
75,386.263275,214.603271,12.443085,26.751968,0.000052
75,411.219849,57.052559,87.364502,181.955872,0.000048
75,385.437286,206.600296,12.387421,26.264313,0.000040
75,381.524292,202.685303,18.900574,39.761154,0.000039
75,324.181030,208.483261,10.242371,21.796448,0.000035
75,450.839996,116.718414,36.231262,83.972229,0.000034
75,670.589844,136.805252,47.619690,212.345352,0.000023
75,389.605469,86.561127,41.703033,92.469589,0.000022
75,1.450857,132.969772,13.569826,30.763992,0.000017
75,403.156952,216.045502,12.130646,26.472839,0.000014
75,671.676819,293.987579,45.760620,203.809570,0.000012
75,357.937592,52.787590,99.658813,202.554901,0.000008
75,606.199280,74.533264,101.126160,218.683807,0.000005
75,2.011160,35.504791,54.278248,202.375961,0.000002
75,467.872528,110.961281,105.942474,226.109344,0.000001
75,549.801331,80.450943,120.573669,254.292130,0.000001
100,306.447845,217.207306,11.820709,25.493347,0.289717
100,386.899597,206.454010,13.133881,28.304642,0.083090
100,291.818817,217.241898,12.504486,27.444031,0.033232
100,321.548859,216.984863,10.812408,22.403046,0.004944
100,277.300507,217.714310,12.184814,26.632950,0.003824
100,273.524506,211.946335,18.750122,38.479050,0.001686
100,563.338684,89.690300,37.244568,86.833916,0.000545
100,375.092651,204.862213,11.668976,26.243652,0.000535
100,401.566895,204.971222,11.824799,25.202103,0.000514
100,550.346252,92.826645,37.749817,88.048599,0.000293
100,482.339325,224.102112,14.468170,31.909332,0.000184
100,438.432159,81.984657,38.861938,89.906395,0.000148
100,436.395813,213.036438,12.771027,28.208954,0.000126
100,418.804901,204.301025,11.514221,24.935699,0.000100
100,482.107574,215.258255,13.851227,29.799469,0.000094
100,419.578552,211.420380,12.472748,26.954285,0.000083
100,463.044495,87.214340,39.667786,88.819733,0.000039
100,538.423889,56.677143,76.137756,154.433350,0.000038
100,338.280914,215.006943,10.366394,21.821136,0.000035
100,450.233856,213.074081,13.482330,29.704239,0.000035
100,435.663055,205.131866,11.603790,25.201340,0.000035
100,432.770294,52.354744,75.714294,152.060486,0.000026
100,339.514618,208.311096,9.067993,20.265839,0.000024
100,467.498291,216.377228,12.411957,26.906738,0.000022
100,356.897980,216.951355,10.297089,20.796494,0.000018
100,448.494904,48.511761,90.162811,180.993774,0.000014
100,557.144409,62.770958,98.123047,206.689362,0.000010
100,599.432190,57.343300,101.455444,217.290710,0.000004
125,383.521637,219.543030,12.870972,27.868423,0.030012
125,289.199890,222.519409,13.974548,30.602951,0.020095
125,374.546021,221.560364,11.861267,25.872925,0.017298
125,259.477570,229.025345,14.332642,31.840591,0.007505
125,242.330185,230.389694,13.859390,30.062454,0.004946
125,272.478027,228.228470,14.888275,32.261703,0.004601
125,230.969711,232.944489,12.513824,26.726196,0.001743
125,304.403076,228.741699,12.780518,26.309708,0.000893
125,627.375305,281.217682,13.035645,28.311951,0.000509
125,449.366364,211.036255,17.975861,38.938934,0.000419
125,464.520355,92.059456,44.722961,105.327019,0.000280
125,445.401428,215.013092,24.120209,51.790649,0.000254
125,176.325287,154.725159,16.422195,35.863525,0.000223
125,409.008911,51.332603,97.618469,207.260498,0.000215
125,253.189255,211.570450,27.414658,60.381943,0.000206
125,429.011078,87.483322,54.074493,124.108948,0.000200
125,358.940399,219.686569,11.236328,24.429092,0.000161
125,412.660706,209.197861,20.393066,44.600861,0.000145
125,416.285492,205.287308,13.982391,29.955078,0.000128
125,401.699921,216.726120,12.984802,27.416031,0.000114
125,582.059937,74.260216,105.479980,229.742432,0.000062
125,322.676086,221.860718,10.026123,20.595444,0.000029
125,556.864197,107.368637,102.904297,219.779861,0.000011
125,375.245026,75.564186,109.520355,230.733490,0.000010
125,331.099335,178.091141,120.584503,251.396255,0.000003
150,305.355957,231.362396,11.495941,24.633575,0.028606
150,292.544189,234.896194,10.896301,23.788895,0.012358
150,388.224335,224.649185,13.543335,28.672516,0.009255
150,511.388763,88.538406,37.107819,78.751556,0.003480
150,292.635376,226.189453,11.442230,24.760681,0.003204
150,496.257050,79.240128,45.824371,98.881393,0.002389
150,276.115295,235.766266,10.539459,22.483276,0.002103
150,503.495087,102.415855,29.789276,67.096443,0.001743
150,508.524292,114.109314,19.265747,42.746048,0.001198
150,462.889374,147.544388,47.572021,101.425919,0.000826
150,459.802643,70.941650,50.848083,113.151230,0.000443
150,452.112671,64.825447,75.830994,159.861969,0.000417
150,375.828857,224.666565,10.895325,23.560272,0.000389
150,448.620544,118.775734,50.937592,114.848396,0.000389
150,258.518127,233.650452,10.789062,23.446503,0.000300
150,490.847046,66.873360,74.206116,155.143616,0.000242
150,400.562622,221.392181,12.413849,27.081146,0.000237
150,322.405884,223.386993,9.909332,21.394562,0.000220
150,473.494843,129.482681,51.464569,111.131897,0.000215
150,243.514618,232.952866,11.427216,25.118210,0.000160
150,178.793488,156.697571,13.899094,28.474457,0.000137
150,322.032898,230.548569,10.520569,22.333710,0.000081
150,417.692810,54.032669,113.573853,225.993332,0.000046
150,507.705536,51.526428,91.511017,196.353607,0.000038
150,258.819733,225.560883,11.457184,24.064911,0.000026
150,340.502502,210.710083,108.395996,225.336273,0.000010
150,468.015930,123.090797,93.026367,200.422180,0.000008
175,543.522583,69.774185,51.190063,112.791962,0.004972
175,507.452118,71.400124,86.313812,186.004730,0.002418
175,506.342682,58.180359,57.532928,131.159683,0.002073
175,513.345581,142.908066,50.695679,107.937439,0.001594
175,307.416016,233.161346,12.120605,26.717438,0.001096
175,532.702698,79.911896,36.503296,82.555038,0.000823
175,554.712524,94.796532,25.753540,57.816490,0.000809
175,321.951752,223.959595,11.024017,24.305420,0.000704
175,515.059570,76.455261,39.658142,91.278046,0.000700
175,405.301758,236.179214,11.235046,24.745956,0.000374
175,321.014313,231.451797,11.476685,24.367157,0.000287
175,538.917358,109.160988,54.440979,122.576164,0.000242
175,520.717407,108.900047,92.090698,203.743011,0.000192
175,418.021545,232.119736,13.014252,27.581558,0.000162
175,291.699127,234.602966,12.070557,26.214813,0.000129
175,540.782532,43.487103,104.923767,217.853409,0.000109
175,338.210480,223.126099,9.927948,21.116989,0.000085
175,433.055573,218.997482,14.370758,30.833786,0.000074
175,497.188934,129.076340,50.915863,114.109253,0.000074
175,390.073578,236.125900,10.772583,23.078415,0.000062
175,568.915527,56.301563,110.700195,238.334213,0.000032
175,437.466614,68.283089,98.325989,206.792847,0.000023
175,275.309723,235.514145,13.130829,28.135086,0.000021
175,271.293793,227.850311,19.970032,42.210480,0.000019
175,542.687683,105.901001,110.024597,240.100739,0.000016
175,607.799500,94.081978,99.456299,211.838470,0.000012
175,358.298706,209.053360,114.076111,234.855606,0.000004
175,160.568161,116.386009,107.626633,223.301819,0.000000
200,321.877960,216.831421,10.887329,23.515015,0.046807
200,308.070953,218.947662,10.720337,23.442581,0.012548
200,403.941162,233.002594,12.050598,26.076233,0.006487
200,290.408295,228.549042,11.574310,24.759537,0.002822
200,505.735016,55.068558,88.181488,191.582687,0.000877
200,287.997681,217.132446,17.185760,35.979263,0.000748
200,577.875488,127.290253,50.724121,111.838837,0.000610
200,586.848755,99.792572,52.825500,119.772934,0.000466
200,388.718231,231.516724,11.796082,25.642334,0.000439
200,524.690247,129.744171,51.089172,109.329788,0.000430
200,417.435425,229.430435,12.982178,27.778976,0.000417
200,574.636230,55.117584,86.614380,192.066406,0.000415
200,588.860413,99.771210,25.617554,55.019226,0.000238
200,548.200745,71.133728,88.710144,192.276489,0.000220
200,524.640381,68.190788,57.702820,127.842857,0.000200
200,602.261230,98.601410,25.169434,54.933441,0.000170
200,620.545898,100.597298,21.529663,43.549080,0.000126
200,375.349487,232.232147,10.907990,23.113235,0.000110
200,460.739136,42.031834,92.740112,194.228165,0.000109
200,596.357483,89.685547,36.798584,79.584610,0.000087
200,613.723450,91.132133,30.995178,70.138435,0.000073
200,476.086517,66.527786,53.511444,114.676117,0.000060
200,581.739197,83.991875,42.444763,93.732826,0.000058
200,82.522263,136.535889,14.261215,31.182190,0.000050
200,605.201111,83.624207,44.764648,100.795013,0.000041
200,377.702362,212.717117,114.926270,240.191330,0.000014
200,471.159332,133.069275,77.944489,172.880310,0.000010
200,612.279907,164.146271,96.085815,205.017426,0.000004
200,128.503616,66.003723,107.019150,229.937683,0.000001
225,606.300049,61.127861,82.949219,178.341064,0.086576
225,474.343170,176.613632,20.156189,44.218307,0.020655
225,322.580994,202.379105,10.138336,22.465454,0.020243
225,435.784027,167.908142,33.137451,76.415329,0.012660
225,60.284138,125.746002,24.480534,53.411774,0.010083
225,461.652435,173.620331,24.962158,55.950699,0.007401
225,290.357300,205.902039,10.603363,22.988495,0.006242
225,401.115540,217.934555,12.710907,27.954163,0.006140
225,390.344086,215.977341,12.485413,27.181198,0.001972
225,642.004333,41.316452,63.330933,204.595718,0.001030
225,309.032715,204.097198,10.059021,22.042557,0.000928
225,272.330170,218.628250,11.617523,24.610062,0.000794
225,289.515015,213.028534,10.607208,22.985870,0.000646
225,44.306969,116.437180,23.904289,52.726013,0.000591
225,419.119690,218.250656,11.866394,25.833130,0.000582
225,275.035339,211.508438,10.838470,23.357208,0.000412
225,259.261902,227.079773,11.695862,26.288589,0.000276
225,256.578705,214.287628,18.763458,40.613983,0.000231
225,551.025879,101.949615,60.748657,130.774338,0.000224
225,18.424097,131.847000,15.854136,32.996048,0.000219
225,538.877136,68.762810,96.905396,207.955627,0.000155
225,68.398758,49.941830,103.310257,218.631226,0.000116
225,1.720326,89.311317,99.519188,233.577545,0.000012
225,79.265488,29.471567,142.933426,283.374603,0.000011
225,18.868528,52.797913,129.537582,277.117920,0.000011
250,310.522064,201.092911,11.198669,24.604523,0.124153
250,319.346283,201.558609,11.323547,24.818878,0.102066
250,401.930847,213.730347,14.888702,32.415115,0.013492
250,482.684143,157.595932,38.081421,85.857224,0.004132
250,465.837646,162.650742,38.823181,88.076981,0.004072
250,635.126343,38.203857,51.062256,116.818985,0.003340
250,551.052979,111.966354,37.496582,83.783783,0.002308
250,458.491882,131.617203,63.192688,132.494400,0.000905
250,206.491241,153.605133,18.519943,37.927399,0.000686
250,193.604065,158.441605,16.442383,34.475174,0.000666
250,128.833511,156.268524,15.713684,32.031448,0.000509
250,294.029236,203.603210,10.490814,22.612305,0.000411
250,614.894531,34.608761,89.261963,160.601456,0.000344
250,447.212189,47.548969,102.934845,211.823410,0.000199
250,653.878296,60.830429,44.883301,98.851776,0.000194
250,390.470642,216.378860,12.208344,25.853516,0.000183
250,492.918549,48.351883,99.813446,193.762222,0.000123
250,539.986023,55.604069,77.358398,161.360168,0.000091
250,414.327911,223.491959,17.881409,38.297867,0.000041
250,460.791626,189.980713,29.573822,65.278152,0.000039
250,579.674438,41.561962,127.384216,242.428879,0.000032
250,416.085419,216.030945,14.396881,31.403534,0.000030
250,337.241394,204.034698,10.990479,22.569489,0.000023
250,434.965851,231.524323,12.028442,25.434174,0.000020
250,10.728580,15.558616,149.548203,237.987213,0.000005
250,183.345764,112.479309,87.340210,186.072693,0.000005
275,322.966370,203.445572,12.169647,27.138947,0.441384
275,50.164593,35.541439,67.865311,138.667343,0.055780
275,432.983948,210.414032,19.804688,43.573242,0.002417
275,309.851105,204.614899,11.691620,24.508026,0.001443
275,445.104645,216.227325,21.645599,46.544373,0.001360
275,419.087830,211.098206,18.102661,38.614426,0.001309
275,53.666279,75.322121,46.947590,99.596733,0.001114
275,499.880280,183.417603,40.544830,90.076660,0.000420
275,162.300079,114.957115,40.520233,88.304893,0.000369
275,63.501118,121.556236,23.721165,49.258904,0.000352
275,71.298210,96.495705,31.374008,70.945503,0.000206
275,613.360779,33.028629,93.732483,195.350555,0.000199
275,157.935669,138.728729,26.962250,58.295074,0.000172
275,407.948517,172.243011,35.056702,75.818024,0.000145
275,448.441681,233.392136,17.790070,37.536728,0.000108
275,476.217743,114.369431,88.465485,179.856308,0.000086
275,516.372803,207.096008,33.398743,75.457947,0.000082
275,177.193985,116.168373,39.954681,88.069191,0.000059
275,336.593628,204.398880,10.864471,23.376846,0.000044
275,554.298950,34.746826,132.543152,226.013824,0.000033
275,431.123138,173.379944,51.111237,108.424164,0.000032
275,500.257782,49.873970,131.619537,254.758820,0.000023
275,148.405014,75.396164,69.568878,143.094482,0.000008
275,127.117462,46.441971,98.434235,205.312302,0.000002
275,83.716438,35.312546,105.717812,218.828033,0.000002
300,324.168274,190.390228,14.029938,30.820114,0.900084
300,507.652863,226.623032,20.332550,44.588943,0.085757
300,479.615204,222.386703,15.555634,33.541946,0.055908
300,499.876312,223.426758,20.217987,43.306000,0.017144
300,474.826050,205.102020,23.645935,54.714020,0.015432
300,33.034466,115.223373,16.448696,34.877258,0.006589
300,586.918457,89.502625,93.027832,199.563080,0.003562
300,467.482941,167.256668,40.378815,87.767563,0.003340
300,333.628174,191.191666,12.752563,28.073822,0.001906
300,97.581161,135.199081,14.323746,31.503586,0.001546
300,621.533813,189.731415,46.273682,99.688568,0.001503
300,309.977112,200.992065,12.765686,26.409546,0.001384
300,139.615494,126.560555,24.712906,56.066231,0.001289
300,468.992523,225.612152,14.185425,31.279633,0.001215
300,498.773560,219.869720,14.707520,32.273972,0.001123
300,456.737762,129.305969,66.151825,139.416382,0.000936
300,46.351166,113.174774,16.637089,35.175430,0.000794
300,132.206329,99.038696,38.758743,87.087402,0.000636
300,629.291138,221.345139,31.799255,69.164566,0.000528
300,595.901917,183.123856,41.058716,91.744980,0.000455
300,84.831024,135.081985,13.495972,29.424332,0.000325
300,148.292755,101.165894,38.980545,87.245453,0.000325
300,162.658905,106.814110,36.584641,82.321144,0.000309
300,489.828857,200.150360,32.246338,68.173553,0.000216
300,113.599327,136.195328,12.832596,28.413330,0.000097
300,441.885529,82.834656,99.040253,196.382996,0.000043
300,478.598053,155.826828,62.949799,130.414932,0.000034
300,124.100983,65.938026,69.488831,145.209808,0.000013
325,303.524780,194.126236,17.683716,39.148376,0.994100
325,544.941101,241.834412,14.208130,30.227295,0.026335
325,296.648438,198.411957,14.312042,32.450943,0.014318
325,530.228271,242.553589,14.025513,30.266205,0.012318
325,499.917938,240.876297,14.497894,31.466476,0.010563
325,514.284973,242.578476,14.061768,30.574326,0.004012
325,579.360718,242.579681,12.857605,28.520905,0.003464
325,320.850616,202.393631,11.685425,24.259979,0.003390
325,525.994995,224.462860,22.954102,48.568085,0.002499
325,337.356567,203.286774,10.581543,22.356873,0.001056
325,508.636658,219.545456,25.203186,53.313095,0.000441
325,513.383667,229.263702,16.736145,36.402435,0.000269
325,494.988739,215.899429,26.375763,57.400711,0.000178
325,579.215881,39.372421,124.673523,261.333008,0.000166
325,480.130615,119.166100,84.939880,169.185638,0.000142
325,98.637505,94.196686,38.099327,85.158463,0.000083
325,32.161366,118.944267,16.304134,35.147850,0.000076
325,106.037949,103.129478,25.149384,56.843773,0.000058
325,84.832924,98.165024,39.181259,86.981125,0.000056
325,628.962402,84.543297,86.315613,223.007751,0.000055
325,466.224884,229.380814,13.720245,28.443039,0.000042
325,466.028870,214.975845,14.680481,32.238358,0.000035
325,27.919168,101.268188,22.897642,50.087097,0.000032
325,70.724785,100.248871,38.196877,85.377563,0.000032
325,115.177055,109.452927,33.463188,74.089081,0.000031
325,21.833349,90.838310,36.598701,80.385353,0.000016
325,86.369972,64.345161,61.532204,128.438660,0.000015
325,462.045349,69.420135,127.781372,255.277008,0.000006
325,61.575603,63.224316,74.816345,156.937195,0.000003
350,282.002136,194.711365,21.701294,46.832199,0.995947
350,304.715607,195.829956,12.204346,25.982864,0.962697
350,276.193787,193.723495,19.801483,44.934540,0.780757
350,591.690247,227.185913,22.279236,48.968933,0.017977
350,16.635778,100.064148,20.758970,44.416946,0.004608
350,597.154846,227.323334,28.073181,64.359406,0.004523
350,590.328247,248.568222,21.740723,46.359268,0.001386
350,21.217390,83.547501,35.891441,80.367142,0.000590
350,163.886475,149.497787,14.050735,31.445084,0.000572
350,577.429016,217.701111,30.243347,69.056854,0.000433
350,36.834618,86.357597,35.787750,79.521080,0.000409
350,476.464661,196.470093,28.062836,62.061127,0.000233
350,481.755524,208.693604,18.962891,41.735748,0.000188
350,535.815796,65.650101,110.272034,229.059250,0.000171
350,321.479675,202.841919,10.852753,22.497025,0.000139
350,486.647675,199.900085,27.188385,59.199860,0.000125
350,465.430206,142.622757,60.210480,128.677963,0.000085
350,573.493652,184.119400,57.376404,116.904007,0.000078
350,483.067749,226.434280,15.456024,33.210587,0.000076
350,492.888000,212.621765,17.725952,37.461929,0.000059
350,51.620399,89.566826,34.539429,77.303246,0.000052
350,496.361542,71.620773,118.074677,240.547501,0.000036
350,456.910431,109.786880,87.817047,181.118668,0.000031
350,496.983429,230.415390,12.943970,28.985001,0.000030
350,339.304016,206.274826,9.593323,19.947678,0.000028
350,12.343779,47.947571,70.090881,145.814651,0.000011
375,249.937057,199.934784,28.516739,61.118286,0.994892
375,294.070801,201.015823,15.888916,34.459976,0.964687
375,487.434601,91.871857,87.932648,186.770172,0.018338
375,300.796173,205.131775,13.664703,29.247910,0.016836
375,264.663361,207.570145,19.338165,40.701141,0.014279
375,483.380096,161.612625,45.756378,105.307755,0.004688
375,667.094543,260.555023,28.569153,65.517944,0.002471
375,507.994934,173.428925,45.225708,101.462067,0.001136
375,321.275574,211.767517,12.131561,26.020874,0.000895
375,626.720215,235.487793,36.094543,83.460205,0.000854
375,272.618225,212.332947,13.623871,27.910797,0.000536
375,274.180908,204.715912,14.224304,27.109970,0.000416
375,131.416702,149.103943,14.218796,33.288300,0.000275
375,532.828857,54.231972,128.970032,265.761261,0.000230
375,144.784744,149.254074,14.867096,33.382843,0.000213
375,162.169510,138.395615,16.132706,35.338547,0.000185
375,505.465637,203.908768,31.504456,68.211929,0.000146
375,449.047424,52.564041,106.534973,228.732864,0.000132
375,623.047424,268.126953,22.096619,51.461700,0.000052
375,658.594788,146.800003,55.746765,201.264664,0.000048
375,158.027527,143.687347,21.181839,45.805542,0.000042
375,176.156067,151.301987,14.988541,32.516602,0.000027
375,596.158447,152.324295,86.657043,180.354355,0.000027
375,192.350159,154.956802,14.314835,30.509338,0.000024
375,566.764526,90.636757,125.019409,262.110809,0.000022
375,234.059875,182.990814,54.222809,109.752777,0.000021
375,415.926086,43.109222,98.394714,188.910980,0.000011
400,177.168182,174.646240,33.304672,72.506653,0.995175
400,260.229736,172.064178,21.241028,46.127640,0.992028
400,226.080704,181.124573,16.033249,35.090439,0.006606
400,549.103149,63.864964,103.672668,216.824890,0.002137
400,593.445374,70.831551,103.288208,214.269012,0.002078
400,198.112686,186.123642,22.221848,44.931274,0.001069
400,289.044800,183.859772,12.619507,26.249588,0.000586
400,208.243927,188.263992,12.913574,25.602982,0.000539
400,654.624634,165.443008,45.960144,104.281082,0.000358
400,664.726807,68.546555,51.179871,209.538162,0.000318
400,146.321701,104.928238,39.267303,87.820557,0.000304
400,638.383850,152.909973,47.696411,106.950348,0.000301
400,132.885422,87.726341,39.776398,87.395546,0.000253
400,252.952301,158.791367,40.960846,84.204056,0.000249
400,505.735840,72.937416,101.678589,215.892822,0.000171
400,127.704834,83.498291,69.779266,152.522583,0.000154
400,288.303986,176.220093,12.106598,26.006897,0.000148
400,151.114914,119.065208,70.730164,143.889374,0.000105
400,482.483429,184.766663,12.909332,27.783707,0.000097
400,637.591614,104.121124,74.808044,198.440552,0.000088
400,306.866302,189.210281,10.864227,23.051331,0.000065
400,549.326965,161.926300,43.721558,98.115112,0.000049
400,577.819336,154.360275,48.111755,107.442459,0.000044
400,143.581909,114.404869,18.200562,39.369362,0.000023
425,212.914810,164.254211,29.080231,63.365555,0.996018
425,218.788620,162.678635,21.416229,44.375610,0.015429
425,261.962799,187.045441,13.172089,29.119766,0.014201
425,273.151154,189.044662,12.006775,26.100143,0.005510
425,120.765594,97.220016,24.114227,55.840332,0.002267
425,190.193832,170.738190,23.619827,50.988678,0.001735
425,160.676056,141.461945,14.429993,32.313354,0.000464
425,156.645645,137.231354,21.585846,46.750839,0.000449
425,290.964996,190.174469,10.764404,23.749008,0.000330
425,260.647339,180.206039,11.993774,25.357712,0.000306
425,57.993519,94.341454,23.808399,52.417961,0.000300
425,161.357254,151.662231,15.102112,33.802261,0.000252
425,307.793488,192.104660,10.194611,22.580017,0.000241
425,241.964401,184.093140,13.093185,26.542969,0.000135
425,307.599915,199.896683,11.375458,23.550964,0.000113
425,42.250950,80.323395,33.401897,74.523972,0.000107
425,484.089111,185.062683,12.064819,26.426758,0.000075
425,496.279999,184.787964,12.396851,26.907486,0.000050
425,109.160225,94.809502,29.281395,60.992912,0.000047
425,1.000000,164.419113,27.826708,102.359421,0.000046
425,579.232910,48.329201,118.508728,256.260895,0.000040
425,112.671227,111.979469,20.062157,45.691399,0.000028
425,7.576531,44.955242,97.404190,236.080063,0.000021
425,180.923386,129.758011,57.128159,118.020111,0.000021
425,3.617060,90.101135,55.597313,194.609680,0.000017
425,115.683617,120.061485,13.883537,28.948341,0.000017
425,103.724243,67.247627,68.017044,141.907654,0.000013
425,141.627014,83.141167,89.322006,181.950378,0.000002
450,141.700333,167.948578,34.611389,75.165802,0.995314
450,144.280487,171.471832,24.013443,47.145035,0.059621
450,255.987091,205.621155,12.500244,27.240402,0.022724
450,246.662460,206.145889,12.259140,26.507874,0.022062
450,153.002197,179.508652,23.109116,46.914780,0.003322
450,146.462280,162.851898,16.947723,34.880325,0.002171
450,130.392303,165.936615,25.161804,56.795044,0.001914
450,495.493317,193.246552,19.259308,40.110626,0.001756
450,131.060059,171.161087,16.841309,36.644897,0.001078
450,142.443268,194.020142,26.231781,58.813522,0.000865
450,124.491035,142.551941,56.976616,115.322662,0.000752
450,131.865829,160.934525,14.715256,31.825943,0.000624
450,291.804138,206.813171,10.217560,22.760941,0.000361
450,273.885132,205.573929,11.210388,24.173508,0.000305
450,498.466156,186.872559,14.716217,33.142914,0.000123
450,16.334873,90.563667,38.809788,86.220833,0.000114
450,58.420071,131.084503,22.651943,51.821518,0.000104
450,136.039490,150.338120,32.483109,74.188965,0.000100
450,510.915771,198.319382,12.821533,28.377197,0.000092
450,51.411030,118.943291,34.033192,75.646172,0.000054
450,63.437519,149.066238,15.037327,33.565231,0.000025
450,5.217243,57.100636,78.034470,167.587112,0.000021
450,672.502930,92.528603,44.859314,190.252197,0.000014
450,93.975960,84.761246,89.747658,183.962509,0.000013
450,36.057194,68.659012,86.875473,186.418015,0.000004
475,243.446442,230.277313,12.489243,27.961365,0.011392
475,258.178223,232.462708,11.587280,25.318939,0.004205
475,488.504944,201.522781,24.465027,55.224319,0.003443
475,227.797867,230.288284,12.112488,26.597122,0.001565
475,17.861019,101.871307,48.254444,110.600555,0.000946
475,30.199249,126.953674,48.432175,116.049042,0.000883
475,274.264740,234.504028,10.623627,22.695465,0.000843
475,226.718689,220.827530,12.799957,27.568130,0.000736
475,475.340698,150.496338,54.235840,115.943726,0.000444
475,212.225876,220.133636,12.106552,27.154129,0.000402
475,11.202958,65.645653,62.019089,210.812683,0.000358
475,21.016119,164.587448,41.110138,93.412949,0.000357
475,484.373535,220.720215,17.733521,37.835266,0.000338
475,467.948639,104.803246,87.398224,180.306061,0.000263
475,495.268616,222.293167,15.501801,34.592484,0.000150
475,231.178268,99.932976,104.421768,216.846252,0.000116
475,39.749535,138.307068,31.500679,69.747772,0.000107
475,705.793335,212.728119,14.206665,35.924011,0.000101
475,705.434814,196.949387,14.565186,36.617264,0.000088
475,692.744080,175.961243,26.545532,88.744781,0.000066
475,635.686951,59.941586,77.783691,194.881439,0.000031
475,673.561829,101.924866,45.107849,201.076721,0.000019
475,255.893127,96.261665,46.951721,107.635170,0.000015
475,441.350769,36.748131,140.014832,286.411224,0.000013
475,36.900806,59.872253,127.527374,273.034637,0.000006
475,98.153618,335.698547,121.378883,217.983643,0.000005
475,275.912140,48.931686,112.476715,235.009781,0.000001
500,211.147964,264.288483,12.220016,27.375305,0.026933
500,196.521362,264.271515,11.987106,26.584137,0.004249
500,225.145294,266.317841,11.230591,24.821991,0.002832
500,195.720459,254.988724,12.595108,26.752029,0.001135
500,46.363274,103.479713,18.028519,39.374535,0.000387
500,180.401962,265.461365,11.333725,24.316437,0.000350
500,629.882385,78.433937,29.666321,61.731377,0.000256
500,337.487762,267.328766,12.175537,25.828796,0.000240
500,63.549625,108.189156,13.250835,28.713539,0.000194
500,26.389112,70.580147,36.536972,79.191048,0.000179
500,38.606525,89.662239,30.846233,65.508537,0.000179
500,624.220215,81.309097,39.237366,90.310303,0.000117
500,656.741882,104.383766,41.043945,95.599388,0.000105
500,58.970127,101.820236,19.270016,41.604645,0.000103
500,701.340515,254.438553,18.659485,51.054581,0.000078
500,705.141052,245.030655,14.858948,36.742416,0.000072
500,706.060059,263.879791,13.939941,32.776550,0.000071
500,705.054565,229.295105,14.945435,37.265289,0.000071
500,25.193012,53.917671,56.713383,119.668983,0.000061
500,34.648216,98.263329,20.461796,44.393440,0.000059
500,43.562092,118.362366,23.450191,49.194748,0.000052
500,429.633545,89.382889,104.510925,221.922623,0.000050
500,699.097717,221.137650,20.334473,58.199203,0.000046
500,692.208435,222.683746,27.031372,90.050873,0.000042
500,638.552917,80.755333,74.091431,194.449921,0.000042
500,48.865852,86.850204,33.023682,71.985397,0.000039
500,324.386841,269.042084,10.858948,22.913086,0.000036
500,616.590942,78.582436,66.646423,152.178070,0.000030
500,465.910706,260.296967,14.095703,31.379852,0.000028
500,673.186035,142.587646,44.573120,195.114258,0.000016
500,339.105927,165.232422,12.905396,29.564575,0.000005
500,131.472000,311.572235,120.627884,240.308929,0.000005
500,16.540644,40.539078,80.000565,178.970001,0.000003
525,241.638657,295.554932,12.379196,27.298523,0.974052
525,290.881622,295.371643,13.061981,28.291840,0.371164
525,179.027405,293.966187,11.907913,26.031158,0.182439
525,276.630707,296.529968,12.524689,26.714294,0.162497
525,368.512756,307.064148,12.665924,28.462585,0.036615
525,230.281784,296.928680,10.948456,24.069366,0.028776
525,75.120758,267.341858,23.176117,50.234711,0.022028
525,213.295197,297.477020,10.780563,23.657166,0.019083
525,163.795120,282.740448,12.936783,28.502441,0.016537
525,301.803314,295.161621,13.475250,28.016083,0.003071
525,195.650391,297.250580,10.585403,22.494659,0.002106
525,260.157867,297.656982,10.589050,21.853455,0.001099
525,304.244965,288.558746,12.170929,26.837524,0.000830
525,668.821350,60.054306,42.492004,96.923386,0.000400
525,149.395599,281.480286,12.603424,27.320984,0.000381
525,283.908844,278.448364,25.348938,55.584930,0.000313
525,659.808105,57.270561,57.662170,149.743378,0.000177
525,418.141632,306.679504,12.959808,29.179596,0.000165
525,405.860809,305.695435,12.622620,28.462524,0.000144
525,412.255371,286.890076,23.240356,48.962219,0.000143
525,415.830933,295.001495,15.720184,34.517090,0.000126
525,264.956055,254.104095,57.026703,116.897736,0.000003
525,453.080048,142.235931,111.562836,234.613129,0.000003
525,200.121078,47.873890,120.501968,257.833923,0.000001
550,303.547272,285.108887,15.000580,33.076202,0.915614
550,198.309387,285.907837,11.018051,24.052582,0.845109
550,288.249756,285.373718,13.441711,29.181213,0.837955
550,211.486420,286.296570,10.609116,23.652069,0.789170
550,227.695786,287.982788,9.641830,20.773926,0.652717
550,244.381729,286.177429,9.927170,21.952545,0.589942
550,259.231171,287.839355,9.747772,20.590637,0.144542
550,280.139038,285.920135,11.469940,24.178833,0.121667
550,312.867249,283.738098,16.997589,37.117279,0.004879
550,440.961243,294.059814,23.011353,48.483704,0.004145
550,162.907578,281.317078,11.848053,26.034363,0.001736
550,437.385406,296.998779,18.096283,39.177124,0.001392
550,443.658600,310.641266,18.749512,38.440399,0.000779
550,182.281876,284.828094,10.418884,22.529846,0.000340
550,386.213135,309.894562,12.513794,28.759399,0.000226
550,148.764084,280.679260,12.117615,26.864685,0.000103
550,125.614227,101.809654,111.384399,228.637115,0.000062
550,667.451111,147.130539,49.646545,205.909317,0.000025
550,613.980652,137.109756,95.574890,228.212357,0.000005
550,444.312897,110.694756,102.657257,212.792419,0.000004
550,196.640594,50.225288,121.953827,262.251831,0.000004
575,256.905029,231.136322,13.184235,28.891663,0.961067
575,340.890320,230.201233,15.469421,34.082001,0.951087
575,246.826797,230.923309,13.337570,29.028503,0.935868
575,291.784424,231.657410,11.166748,23.932587,0.867224
575,274.704132,231.911438,11.483643,24.718292,0.812527
575,304.012024,231.555634,11.339600,24.055298,0.591334
575,354.575470,230.313690,13.938263,30.033966,0.578428
575,365.568939,229.210587,14.205139,30.092911,0.079558
575,328.292023,232.461288,10.832428,21.986801,0.001952
575,460.251526,252.467575,13.856873,29.360214,0.001169
575,454.138458,252.561752,13.596313,29.596298,0.001119
575,209.248398,229.723495,12.548447,27.136124,0.000575
575,194.997299,228.300217,13.979538,29.966904,0.000133
575,540.562195,230.767578,29.002197,61.373627,0.000104
575,230.677490,233.261017,10.858170,22.707489,0.000061
575,544.573608,231.134979,20.054810,40.807098,0.000030
575,548.270996,43.073578,118.693176,249.090881,0.000023
575,587.356384,38.282505,105.336304,209.934875,0.000021
575,545.822815,254.134933,18.333191,37.331741,0.000019
575,530.950806,192.202515,55.823547,114.961029,0.000013
575,167.830276,45.791161,109.540085,233.867523,0.000009
575,524.354675,108.190781,105.012390,217.105362,0.000005
600,288.777893,227.236710,13.688812,29.815201,0.961922
600,273.320221,226.427704,14.048187,31.088501,0.954380
600,374.071503,223.339172,15.400970,33.555664,0.937756
600,322.686829,225.127441,11.813110,25.879486,0.870772
600,306.361267,225.459732,11.913940,25.907761,0.718945
600,397.760193,222.004822,14.968506,32.974899,0.700361
600,383.936554,222.593582,15.544464,33.785110,0.610471
600,336.611694,225.009903,11.051910,22.978012,0.028417
600,262.600189,224.585251,12.119324,25.285980,0.016977
600,414.436218,224.252808,12.121490,25.981720,0.000538
600,1.624898,153.545898,41.948986,91.641510,0.000435
600,67.057076,177.225769,37.102425,88.882538,0.000385
600,359.626221,224.452621,10.459229,21.452972,0.000305
600,14.997300,155.490234,18.098206,38.393219,0.000294
600,1.142144,150.666107,17.677198,40.626022,0.000236
600,662.698425,236.638565,33.608154,73.928146,0.000210
600,1.000000,139.672150,57.922482,138.887848,0.000126
600,145.568253,231.743515,12.571823,27.459366,0.000097
600,130.687988,229.840439,13.397614,29.634506,0.000089
600,513.115601,247.632202,20.436401,43.023834,0.000088
600,226.557480,229.154800,12.598557,26.614487,0.000054
600,227.212463,220.529465,11.974976,25.662674,0.000032
600,244.586945,220.630173,11.599579,23.656555,0.000009
600,525.109070,249.584122,14.994385,31.406448,0.000009
600,8.578745,101.086601,80.302292,191.182983,0.000009
600,506.868622,223.703690,31.266083,66.558365,0.000009
600,576.469971,122.269211,104.580139,220.041214,0.000003
625,384.272675,176.853027,16.864349,37.172241,0.991915
625,260.253113,177.448853,16.194977,35.730560,0.969437
625,275.162964,178.745697,16.029785,35.187683,0.948807
625,322.126068,181.895935,12.198853,26.488663,0.900722
625,307.209106,181.992813,12.258331,26.380112,0.852605
625,286.454987,180.956955,14.524750,31.841721,0.843272
625,402.795074,178.801605,15.507690,33.545700,0.606802
625,411.129211,175.330093,18.109070,38.706924,0.264380
625,336.460114,182.848938,11.150024,23.363983,0.155821
625,377.801361,178.943085,12.876038,30.963211,0.007589
625,374.767914,178.832123,11.837189,24.879105,0.004922
625,431.058441,176.390442,12.508423,27.010498,0.000633
625,496.899689,138.616470,16.612274,35.677017,0.000554
625,226.435623,184.205231,12.234634,25.745346,0.000386
625,356.402740,183.501572,11.032074,21.895370,0.000321
625,247.622253,185.000671,11.671417,24.219086,0.000293
625,498.576660,251.977829,11.565491,24.435226,0.000180
625,489.115509,139.652344,31.197174,64.089188,0.000161
625,213.157883,185.414978,12.009735,25.973969,0.000047
625,574.127869,198.296326,21.001892,45.654556,0.000020
625,566.992676,176.843506,33.174744,70.547592,0.000012
625,481.034729,92.940704,86.275330,185.051483,0.000007
625,546.666138,100.734825,85.452271,176.543182,0.000002
650,239.889633,185.460144,18.078537,39.961700,0.992519
650,369.697632,185.663162,15.857452,34.744781,0.968833
650,304.231720,187.981674,12.571411,27.550827,0.938953
650,215.604080,182.105743,20.093216,43.178955,0.930904
650,274.865295,188.547424,12.463043,27.739792,0.873094
650,290.757263,188.329956,12.147644,26.691315,0.836434
650,355.786987,190.145279,11.669128,24.876831,0.249861
650,385.222504,186.028442,15.144989,32.942123,0.244941
650,398.530579,185.963989,15.778595,34.059921,0.241425
650,505.827057,113.976814,24.296661,53.320824,0.031155
650,563.495911,217.499420,13.826050,30.245972,0.005730
650,259.474579,189.848785,12.169647,25.054230,0.005580
650,342.723694,189.621918,11.167816,23.126770,0.002676
650,321.417542,189.256042,11.067291,22.567383,0.001286
650,414.876709,186.162476,12.498505,26.803787,0.000866
650,196.173553,188.580414,12.303879,24.528641,0.000542
650,626.141785,173.622330,39.702087,83.184128,0.000137
650,602.160950,72.806587,89.069092,189.250763,0.000080
650,497.964478,122.804718,40.553040,89.946625,0.000072
650,633.711670,186.488510,25.850830,55.838181,0.000039
650,510.050751,203.608948,13.880829,29.745972,0.000018
675,165.369568,192.494507,24.543594,52.979050,0.995541
675,196.180252,195.880615,21.221146,46.550400,0.989963
675,363.583557,199.488602,16.638885,35.996338,0.901792
675,325.732300,203.161087,14.956177,32.266449,0.895827
675,256.085327,201.001373,13.876862,30.495651,0.829295
675,385.860748,201.385757,15.801392,34.340347,0.827232
675,274.926880,202.315567,12.579681,27.260040,0.822210
675,290.413910,202.368164,12.570984,27.357407,0.753646
675,331.748505,203.347809,15.997437,34.693420,0.608164
675,304.924316,203.572342,11.719727,24.943710,0.376408
675,394.481934,200.164642,17.922119,38.569275,0.140452
675,247.446854,200.852112,13.116013,27.480515,0.068385
675,639.143127,213.114426,27.539978,60.233017,0.044771
675,399.909210,198.834595,12.757599,27.424896,0.016394
675,538.336426,106.517540,28.973328,64.073158,0.013463
675,227.129089,202.291336,11.796082,23.884872,0.002626
675,524.695984,97.619759,55.017212,122.756935,0.001547
675,541.037659,200.849915,23.848450,50.523270,0.000026
675,465.663727,201.481476,12.971771,28.815063,0.000009
700,144.608353,190.828232,29.775040,63.947723,0.997772
700,185.759796,194.373581,26.011154,56.669754,0.996976
700,405.682739,202.893417,15.809479,34.271027,0.970943
700,341.355530,204.299408,16.444366,36.111603,0.941394
700,416.298615,203.035599,16.207825,35.229538,0.916508
700,348.875488,206.156113,14.998505,32.736038,0.907840
700,442.330780,200.261627,17.252747,37.567673,0.818050
700,434.184814,203.047714,14.876282,32.373901,0.737518
700,291.441101,206.105682,14.368042,31.243637,0.711506
700,276.299225,202.823380,14.835724,32.468491,0.699756
700,318.699280,205.274872,14.112152,30.198151,0.570381
700,304.819092,206.013626,14.039917,30.689346,0.316831
700,183.867477,199.124969,19.741135,41.032455,0.238136
700,463.793457,194.026428,12.619263,27.226440,0.010223
700,391.523041,205.524719,11.463837,22.964005,0.000790
700,263.418457,206.822647,11.602234,23.504166,0.000689
700,369.427002,205.895630,11.178833,22.588043,0.000537
700,529.385986,189.108917,22.554443,49.618515,0.000125
700,591.989258,204.775467,18.907959,39.884109,0.000065
700,532.073486,205.075821,16.085205,37.424377,0.000052
700,586.184814,185.125641,27.208130,58.115265,0.000044
700,66.992287,113.370949,98.107124,201.455505,0.000007
725,311.944580,202.956528,22.227539,47.110275,0.994894
725,4.664421,171.952225,46.631336,100.683578,0.992973
725,72.996284,179.300430,38.686844,82.711227,0.985422
725,339.455994,203.334137,16.525909,36.549942,0.974703
725,401.070892,204.192673,16.970490,36.773285,0.961036
725,287.499725,203.549164,16.091095,35.568802,0.954057
725,416.749512,202.522476,18.392090,40.142944,0.934018
725,444.537903,198.078201,19.591400,42.111938,0.924372
725,241.897293,206.109421,15.470413,33.120834,0.754207
725,431.857697,199.161835,18.643799,40.933105,0.600735
725,389.292725,203.777100,12.677979,26.264984,0.562708
725,269.884094,204.477127,15.861725,34.530655,0.526902
725,259.574036,205.844406,15.301361,32.750916,0.508339
725,231.242340,206.627823,13.405792,29.220596,0.030500
725,481.237915,190.552811,11.773621,25.875671,0.013254
725,463.067413,191.922043,13.488586,28.059357,0.007883
725,371.987885,205.200470,11.068634,22.573532,0.005152
725,87.593452,192.492065,24.847847,53.730423,0.001718
725,68.384628,192.297348,25.459824,54.693268,0.001551
725,144.962585,213.140427,14.407242,30.482040,0.001507
725,299.110779,192.569702,37.450867,74.195374,0.000813
725,350.562622,206.125580,13.243500,27.138550,0.000653
725,562.025085,75.602890,96.881165,206.740799,0.000013
725,130.649033,40.627674,95.807098,198.969620,0.000009
750,242.764984,201.941208,30.763977,65.665024,0.997253
750,430.638275,197.612732,22.867523,49.723389,0.993796
750,177.376282,208.770905,20.091461,43.712280,0.992256
750,340.447601,207.992767,17.606018,38.187195,0.990954
750,220.698853,206.252899,21.386627,45.853455,0.981767
750,396.996460,209.186188,20.827576,45.506439,0.944520
750,370.367523,207.736496,13.223816,28.441757,0.943098
750,192.451263,208.517731,20.005112,43.940979,0.843685
750,205.984421,210.487274,17.788010,38.739151,0.239125
750,346.663666,210.987167,16.452240,35.209152,0.156890
750,666.478088,197.057266,30.755676,66.243332,0.013981
750,412.411560,204.663513,20.171356,44.755142,0.011983
750,387.983917,208.700897,12.294434,27.094666,0.009801
750,481.304413,188.293930,16.251526,35.517212,0.005376
750,445.412445,200.266068,14.456207,30.274887,0.002210
750,82.717407,226.165146,14.736664,31.487564,0.000999
750,653.504211,150.951630,57.848328,123.301239,0.000175
750,11.934205,39.882111,120.617783,211.283646,0.000073
750,76.618568,206.527466,26.860947,56.127014,0.000055
750,90.073891,215.675995,18.481773,39.483612,0.000036
750,577.973572,58.601559,117.715820,244.463226,0.000014
750,89.508751,34.406803,100.536110,211.560257,0.000008
775,103.379379,201.618393,48.877533,106.266556,0.994464
775,183.443130,227.527420,22.749954,48.901779,0.992478
775,370.061462,222.516068,21.118896,46.086258,0.991846
775,158.111130,228.339539,21.595367,46.758636,0.990948
775,442.037445,226.999069,18.388214,39.761185,0.965938
775,220.882782,226.711975,20.996155,45.807220,0.956161
775,209.253693,226.475983,20.167007,44.181488,0.937510
775,400.021942,223.916702,22.462341,48.147751,0.700797
775,408.079742,223.398300,22.954681,49.858963,0.321963
775,124.809669,215.697769,37.367607,79.622238,0.098249
775,379.526428,227.878708,17.024536,37.319107,0.048883
775,503.439087,194.588486,30.344421,66.373489,0.008079
775,142.533356,230.323196,18.390945,39.611801,0.005780
775,436.834564,228.494339,16.807892,35.813309,0.002255
775,74.268669,117.098831,88.240044,186.644028,0.001198
775,82.253250,121.878426,43.753601,92.972191,0.000626
775,11.457311,221.657761,28.422707,62.143295,0.000278
775,557.607178,238.849976,19.954407,43.293335,0.000259
775,555.956238,68.563362,113.134216,237.891052,0.000018
800,64.083344,203.661392,36.862877,79.434402,0.990768
800,113.806145,211.725449,29.364738,62.675552,0.982089
800,470.146820,220.420639,18.316620,40.497910,0.959746
800,198.758347,213.431396,20.021683,44.047302,0.889813
800,188.929810,210.944275,25.447266,54.723450,0.879718
800,382.310730,215.333694,13.256989,28.673096,0.869272
800,142.853500,214.629456,26.442886,57.565521,0.855727
800,178.397583,214.143021,24.592148,52.696121,0.831708
800,415.623779,216.018845,21.382507,46.758011,0.753972
800,424.006561,212.347565,26.062164,56.128357,0.408692
800,376.039459,217.122162,12.192932,25.573776,0.316761
800,557.942505,169.872726,45.132446,97.137589,0.076826
800,153.137131,222.414413,20.714188,45.525284,0.044039
800,405.318390,221.637894,10.100525,22.436966,0.001874
800,357.747833,218.196686,11.210297,24.469986,0.001452
800,448.099152,214.701263,17.135345,37.961411,0.001206
800,27.423841,85.498764,87.842125,187.184677,0.000581
800,44.843502,110.363434,47.168720,99.755569,0.000344
800,561.470886,106.159683,82.984131,171.774124,0.000045
800,490.472931,69.175224,109.169464,222.354309,0.000008
825,71.529106,194.481857,36.457939,78.975815,0.994306
825,490.532990,206.340164,26.315338,57.084793,0.990965
825,123.090881,192.975983,31.938324,68.404022,0.980891
825,385.053284,204.376770,14.459106,31.018616,0.975952
825,24.874731,189.679993,36.899223,79.403320,0.972205
825,428.530853,204.938293,24.823700,54.048553,0.934278
825,137.376801,194.820801,28.799698,62.115906,0.903638
825,422.297546,210.007675,20.144531,43.532700,0.641283
825,147.562103,203.093933,23.705383,51.241165,0.412283
825,445.089478,200.416443,29.406067,63.146027,0.375068
825,59.369888,197.131317,29.104240,64.529236,0.135093
825,421.844208,208.812454,13.159149,28.436859,0.110084
825,455.865051,209.849640,21.624329,44.945297,0.009963
825,156.484909,203.180283,16.706726,35.483002,0.002722
825,672.620483,194.282471,41.769348,91.754700,0.001308
825,544.807678,212.870438,15.607788,34.155945,0.000471
825,403.417725,207.239334,9.709869,19.727997,0.000375
825,356.848633,204.220581,11.572723,24.731430,0.000104
825,594.419434,100.407501,39.653870,83.982147,0.000067
825,191.338074,201.664368,13.981842,28.974380,0.000035
825,586.969666,71.746277,75.271057,167.040115,0.000013
850,504.465759,207.976288,25.817627,55.493805,0.994372
850,399.539337,202.469345,19.265076,42.452805,0.993899
850,25.107336,186.307755,38.156609,83.138565,0.992988
850,442.433502,204.182983,25.861542,54.998596,0.986345
850,463.944000,205.143234,28.181213,60.392593,0.858346
850,384.922333,204.011398,13.582825,29.396301,0.257789
850,435.532043,206.422302,15.527374,33.362106,0.172578
850,434.806183,203.632675,23.941498,50.962479,0.109676
850,375.754120,202.961319,12.707733,25.519989,0.103431
850,408.816986,199.460678,18.884155,40.835434,0.059817
850,419.463684,207.440262,13.111908,27.880173,0.048905
850,41.268265,182.704468,33.377693,72.784256,0.035022
850,500.596191,205.932495,16.030518,33.721085,0.003517
850,438.552795,193.342239,37.741028,78.802872,0.002265
850,572.637878,149.242035,46.843689,100.276794,0.000455
850,555.636902,70.851074,87.399780,183.965652,0.000250
850,573.187195,90.349228,48.028564,109.060715,0.000132
850,339.752350,204.383423,11.036438,24.043793,0.000033
875,364.832001,204.925781,22.902039,49.794510,0.993339
875,449.679413,211.256744,26.024658,55.379120,0.985025
875,478.231720,202.719116,31.085510,66.498291,0.980024
875,520.998291,208.206680,27.014832,58.492477,0.976648
875,416.892975,206.047226,15.225555,32.504150,0.483360
875,374.330261,208.033875,19.399719,43.122391,0.130651
875,433.294434,206.752594,13.017517,28.941910,0.085239
875,461.799835,209.332947,21.119446,42.805191,0.053601
875,406.003876,207.405945,11.934265,25.331696,0.017035
875,641.440735,182.729645,42.577881,94.212463,0.007982
875,361.639832,190.293533,35.832855,75.256302,0.007929
875,489.372406,204.533966,23.439972,50.223312,0.006385
875,479.633514,203.472672,21.267029,42.345261,0.002364
875,514.735535,206.056747,20.024963,42.528214,0.001978
875,382.834015,205.624893,14.298096,28.508636,0.000827
875,604.887573,225.904404,20.158630,41.711777,0.000641
875,640.983887,62.720955,53.337341,122.705299,0.000581
875,621.143005,51.234680,92.431458,209.627472,0.000408
875,495.047699,157.154999,67.714630,135.216492,0.000092
900,487.027313,185.261200,36.735809,81.432953,0.995021
900,531.858337,196.613358,31.563721,68.268661,0.993627
900,312.910736,189.365402,25.397339,54.673599,0.993058
900,449.250732,189.314865,36.208374,77.035843,0.990153
900,401.944977,198.614105,13.277863,28.684677,0.966453
900,337.238708,192.123749,13.991516,29.522247,0.372259
900,414.388123,198.763748,13.027618,26.491440,0.368260
900,329.556885,193.176041,19.471802,42.067993,0.116323
900,391.844940,200.494354,11.457642,24.794846,0.051676
900,671.036987,199.870285,25.649292,55.692368,0.025849
900,500.874329,194.334702,24.043457,55.285202,0.018052
900,475.595001,196.556839,22.241119,46.470078,0.014257
900,373.794373,200.796890,11.050598,22.812469,0.000742
900,660.008423,172.272903,52.771423,109.461075,0.000459
900,521.117920,180.585831,50.396301,101.917282,0.000190
900,353.285156,199.572296,11.566589,23.475098,0.000137
925,548.169556,189.333160,42.106384,91.254150,0.997051
925,483.739319,181.091507,47.200562,103.135391,0.996167
925,167.267761,179.891037,41.192459,92.068527,0.995200
925,445.346771,197.184036,36.428833,79.951706,0.993069
925,371.933136,198.398209,16.088837,34.691559,0.917403
925,434.662933,203.711243,12.846741,28.224823,0.475861
925,300.476593,193.540619,17.134033,37.669220,0.077897
925,293.757050,197.961243,16.509399,35.493195,0.077762
925,379.933777,201.106720,15.026917,32.114929,0.032804
925,421.895874,203.546753,11.360016,23.310394,0.010889
925,360.157349,201.869736,12.770569,28.547867,0.006714
925,527.978943,203.486481,15.573547,31.968597,0.005950
925,159.851730,203.632370,23.396179,49.824371,0.005382
925,512.869446,188.960968,36.148682,79.209351,0.001698
925,628.471802,191.103195,31.045471,67.875748,0.000759
925,634.285522,196.733505,21.637756,46.955673,0.000268
925,620.961792,173.594666,50.054565,111.404999,0.000073
925,403.160339,203.795258,11.175201,23.171066,0.000053
950,611.286499,177.072205,56.019226,122.546448,0.997076
950,519.388550,168.237137,57.311279,125.575729,0.996097
950,471.449646,168.866333,58.223267,125.743439,0.989805
950,490.192535,166.114807,63.485870,132.949188,0.838323
950,364.725586,198.220215,15.377441,33.424301,0.686266
950,359.553467,198.266907,14.915863,33.063950,0.170310
950,422.647583,203.583633,9.991058,21.959549,0.069488
950,432.803009,203.229828,10.448303,22.512192,0.058706
950,667.168701,195.592056,26.493347,59.535675,0.050409
950,495.874908,130.355637,85.861847,176.820389,0.015073
950,384.460083,204.055038,11.418762,24.383316,0.010723
950,284.669434,192.574890,18.396118,39.451218,0.002632
950,483.365112,129.651108,38.677795,87.110840,0.000820
950,644.748779,172.299713,54.370239,115.377960,0.000761
950,476.626923,190.744415,28.761810,59.896225,0.000644
950,341.605804,203.454849,11.164429,24.019257,0.000413
950,469.368835,201.790085,12.229706,25.498138,0.000388
950,278.141022,194.757996,15.319092,34.698090,0.000305
950,451.140991,203.647751,10.941956,22.575363,0.000116
950,404.459778,204.604462,10.475800,22.470078,0.000088
950,559.534241,145.835953,81.841187,170.102646,0.000026
975,549.923584,183.824036,38.425476,85.037018,0.994216
975,609.374817,144.744385,94.209351,204.814484,0.992672
975,387.599457,206.657547,16.144867,35.438431,0.957036
975,517.883606,206.085968,9.479126,20.961533,0.039716
975,530.613708,203.746445,10.982727,23.522888,0.016334
975,392.908142,206.346069,17.279510,37.233826,0.007084
975,299.506958,192.472412,21.868652,47.643585,0.005708
975,594.858887,214.333481,12.972107,30.420013,0.004276
975,626.586731,207.397873,18.465820,41.761185,0.003677
975,373.446442,205.349579,13.543152,30.068649,0.003410
975,623.630859,210.176086,62.251709,132.850006,0.003337
975,549.533630,195.173721,21.924194,46.383118,0.003294
975,622.042236,192.234421,26.718018,52.936920,0.001670
975,658.866821,139.484619,40.048889,88.017776,0.001398
975,590.459167,201.445557,18.925903,40.797745,0.001306
975,644.246643,131.734894,62.405396,136.528564,0.001272
975,292.547791,193.584641,20.823425,44.529251,0.000632
975,400.149506,212.582352,11.960022,26.322876,0.000567
975,589.110046,170.237228,59.416077,125.499557,0.000260
975,544.997375,149.698730,70.091370,144.491699,0.000129
1000,619.401184,181.276138,44.381042,98.686111,0.992193
1000,381.752136,205.949387,17.113037,37.265976,0.978952
1000,596.044128,205.442215,13.464722,29.518951,0.828674
1000,604.943481,202.426254,14.734863,32.559418,0.409365
1000,583.101257,204.483643,11.538696,24.566788,0.124545
1000,375.376892,202.151108,17.955261,38.343689,0.072653
1000,517.213562,207.766876,9.744446,21.751160,0.037868
1000,530.449219,206.056747,9.979248,22.033478,0.015846
1000,611.237305,192.313385,32.784180,70.448914,0.007869
1000,609.676880,195.699738,13.941101,28.929047,0.004715
1000,503.538330,207.231369,9.030029,20.520218,0.002459
1000,354.802155,204.434494,16.055573,33.746765,0.002355
1000,607.340027,198.998993,21.346436,48.228409,0.001863
1000,277.712067,184.344086,27.264587,59.456085,0.001176
1000,467.012238,206.849335,9.604126,21.446655,0.000402
1000,164.484940,181.310684,30.563766,65.545563,0.000190
1000,399.613434,213.103363,12.544189,26.426575,0.000154
1000,453.203674,206.935440,10.035797,22.505890,0.000113
1000,266.348969,162.431320,44.295044,94.822708,0.000055
1000,53.706619,92.355232,96.138977,206.120422,0.000004
1025,651.206177,180.278915,61.651550,132.543930,0.990456
1025,300.058655,214.437042,17.951538,38.907333,0.990346
1025,531.415527,215.135803,12.730591,28.229980,0.982468
1025,518.523621,218.654343,11.797180,25.474518,0.804588
1025,173.839142,196.954834,30.473770,65.537262,0.752205
1025,541.288025,218.047882,12.332825,25.958908,0.480772
1025,437.810944,219.613846,10.219666,22.850632,0.306335
1025,450.291809,219.009979,10.217041,22.280029,0.198191
1025,374.670135,219.170898,10.571228,23.209656,0.010379
1025,383.794739,219.768448,11.301056,24.065918,0.006490
1025,276.220154,214.749435,17.605408,36.877274,0.004488
1025,502.666626,217.448059,11.281738,23.812119,0.004351
1025,657.730713,223.610550,42.835144,92.835007,0.001919
1025,466.674042,216.688354,10.515137,22.177612,0.001885
1025,424.212341,220.083160,9.213379,20.385788,0.000559
1025,150.521820,136.592361,58.689056,125.307205,0.000287
1025,703.637268,213.044128,16.362732,37.268112,0.000255
1025,665.336487,250.511887,29.831116,62.102585,0.000194
1025,319.420105,217.143814,13.013977,28.346985,0.000094
1025,608.319092,142.389709,95.377869,189.904816,0.000055
1025,137.554581,70.119888,87.393921,181.680740,0.000041
1025,89.155724,61.777821,110.075645,225.732834,0.000002
1050,171.938385,206.530014,22.427475,49.017242,0.990615
1050,445.377502,213.376907,13.969635,30.097336,0.987844
1050,421.121246,213.905029,14.348083,31.727051,0.979960
1050,166.528656,210.062180,19.489288,43.381042,0.865339
1050,434.794708,211.399628,14.354523,31.057236,0.802336
1050,340.255432,216.757553,11.040588,24.637131,0.611879
1050,1.000000,186.550232,35.652248,90.646576,0.516435
1050,353.116394,216.834946,10.703735,23.340393,0.503353
1050,275.459595,216.354019,12.010468,26.523132,0.113662
1050,407.040771,214.844025,12.360321,26.010757,0.067546
1050,328.717438,218.407898,10.036804,22.250137,0.007754
1050,665.524353,239.914291,19.431213,41.012924,0.003745
1050,660.447449,237.634979,18.016113,38.450500,0.003471
1050,370.868408,215.182236,10.661774,22.125854,0.001645
1050,191.329941,213.742188,13.915237,29.831863,0.000935
1050,240.484543,226.141846,13.556030,29.040375,0.000735
1050,227.855988,226.353317,13.667801,29.839920,0.000718
1050,287.836731,218.507935,11.388641,23.768631,0.000670
1050,1.000000,189.467422,23.361740,60.060760,0.000529
1050,261.383331,217.803391,11.169098,24.087357,0.000095
1050,354.792938,59.521408,91.227600,195.536789,0.000035
1050,211.145477,216.615326,12.568054,27.417908,0.000032
1050,185.132599,102.984489,83.014099,172.469482,0.000027
1075,410.716797,207.758759,16.442780,35.649185,0.994494
1075,387.073242,210.340820,15.402435,33.550674,0.982885
1075,72.198143,201.481003,22.550446,49.707947,0.926368
1075,292.616821,214.814926,11.496552,25.824661,0.847765
1075,306.421387,215.097595,10.829590,23.609421,0.794011
1075,321.070099,215.159653,10.158386,21.208832,0.210785
1075,224.309509,210.989380,14.873047,32.692245,0.072575
1075,376.276367,214.675720,11.694824,24.559006,0.019059
1075,357.656525,214.782410,10.927246,22.106003,0.007707
1075,280.803772,217.704620,10.088531,22.078018,0.005663
1075,374.283997,211.137238,10.680664,21.725754,0.003093
1075,215.092545,216.471283,12.106476,25.520004,0.001893
1075,66.603142,198.707382,33.203865,70.025101,0.000850
1075,239.734360,216.806747,11.836456,24.132599,0.000477
1075,261.608765,217.643295,10.269409,21.565720,0.000131
1075,84.490280,64.106819,90.235260,189.100189,0.000126
1075,161.787582,228.524277,13.131714,28.293991,0.000068
1075,131.639847,228.464020,12.872025,27.878021,0.000054
1075,147.488403,229.026154,13.071808,28.333679,0.000044
1075,97.624519,105.209450,44.615807,102.282600,0.000028
1075,131.366089,220.640762,12.134048,24.837006,0.000024
1075,115.079025,44.229736,111.790329,227.345001,0.000010
1075,321.653290,45.930538,101.761658,216.907471,0.000009
1075,147.468353,220.514572,12.495972,26.160873,0.000008
1075,21.217976,39.317360,123.413284,245.418915,0.000003
1075,47.471291,145.296295,72.255836,146.237946,0.000002
1100,396.081329,209.665833,17.542725,37.995895,0.994892
1100,371.291992,211.127747,16.018555,34.293457,0.975145
1100,359.828003,212.171463,12.464874,29.960953,0.930477
1100,285.614777,206.926437,16.634247,35.229736,0.526841
1100,384.033081,212.315216,14.668732,32.457642,0.444216
1100,274.540375,213.823776,11.378021,25.511215,0.165859
1100,341.708099,215.235977,11.534546,23.602539,0.021957
1100,263.243988,213.106461,9.730591,20.015610,0.010125
1100,338.876617,206.251526,13.983917,28.495575,0.003036
1100,9.681552,42.853420,98.560326,221.072723,0.001659
1100,307.322235,214.553040,9.375519,21.707001,0.001142
1100,187.083267,207.316086,19.218826,41.033798,0.001118
1100,182.106339,212.183395,13.993362,31.058319,0.000562
1100,90.795448,221.519821,21.836075,47.404922,0.000517
1100,80.963150,223.321991,20.434525,42.437317,0.000322
1100,247.295059,218.002991,10.027817,21.478989,0.000125
1100,416.092163,207.839371,10.793060,22.889282,0.000098
1100,83.823418,221.164566,13.626923,28.587250,0.000092
1100,34.063374,50.694283,118.799316,235.143646,0.000084
1100,49.708340,229.361771,13.944035,30.297806,0.000048
1100,672.230103,126.515305,45.502747,199.844864,0.000035
1100,96.294029,220.601730,13.714165,29.718811,0.000030
1100,303.915466,46.936626,96.964752,207.307327,0.000024
1100,103.791473,55.356403,98.123901,211.327652,0.000023
1100,67.117973,230.759323,12.561790,27.525955,0.000021
1100,269.174591,60.266422,87.402069,189.631058,0.000005
1100,362.571747,179.420090,50.304443,98.990738,0.000002
1125,364.346893,210.258423,19.506378,42.092377,0.995884
1125,325.667450,210.838959,14.800201,34.649948,0.978533
1125,335.088440,211.556808,18.479218,39.709686,0.937510
1125,243.925369,216.320297,11.946060,25.964203,0.863900
1125,256.237030,216.016129,11.564514,24.451889,0.848575
1125,228.936874,214.611557,13.143997,29.523788,0.735826
1125,353.018311,213.853394,15.270111,33.854584,0.105319
1125,123.670906,212.913681,16.354851,35.301971,0.040221
1125,117.750328,208.965500,16.166618,36.785339,0.035247
1125,310.596161,217.339157,11.333893,23.465134,0.007846
1125,379.710052,215.136017,12.618317,27.609894,0.003608
1125,275.242493,214.835373,11.002808,23.057709,0.002741
1125,215.342941,216.157181,11.921585,25.439499,0.001131
1125,635.583191,206.674728,23.181885,50.487564,0.000669
1125,620.304199,180.435287,37.026367,80.042770,0.000208
1125,637.583008,230.357376,20.993164,45.141403,0.000192
1125,198.461533,216.397781,12.107666,25.889206,0.000138
1125,621.693848,152.716583,55.333923,118.125397,0.000097
1125,634.595764,180.727783,26.332031,59.049072,0.000090
1125,639.947266,183.524582,36.185486,81.276108,0.000054
1125,606.386108,93.412766,89.140869,188.486038,0.000024
1125,253.704254,57.196690,91.963104,195.838043,0.000006
1125,469.008636,91.366081,86.025421,183.726501,0.000006
1125,20.009232,41.132698,112.446564,214.862732,0.000003
1150,368.987152,212.607635,21.165039,46.283936,0.996478
1150,241.619629,218.942032,11.919861,25.537552,0.982517
1150,334.781586,213.286346,19.464600,42.294083,0.965774
1150,224.612854,217.936844,12.916397,28.491516,0.897171
1150,345.422882,212.465103,19.694366,43.393387,0.870951
1150,79.453621,211.331268,19.988968,43.610474,0.835178
1150,326.458466,214.768677,16.879456,37.858490,0.703863
1150,189.854538,206.673492,21.862778,45.392807,0.124030
1150,308.154449,213.856323,14.389740,29.135422,0.021177
1150,215.176239,217.569412,12.889984,27.004883,0.019009
1150,255.162750,220.626251,10.233368,21.292282,0.011039
1150,90.483398,217.644516,15.016838,31.830566,0.005168
1150,468.100372,237.375183,12.096222,26.077637,0.004412
1150,568.024963,157.481522,24.246460,54.907791,0.003131
1150,676.359558,211.928635,32.693298,70.597397,0.002702
1150,380.918549,218.886139,14.187378,29.765625,0.001305
1150,564.077576,136.761368,35.591492,74.768433,0.000325
1150,664.587646,172.394348,51.168701,132.894836,0.000200
1150,276.493591,219.369888,9.808411,20.681931,0.000199
1150,500.781891,236.420776,11.396332,24.695770,0.000068
1150,31.705399,200.534271,19.753651,40.699753,0.000065
1150,482.262787,237.907547,10.780090,22.813461,0.000034
1150,552.648865,85.512642,65.310364,139.334473,0.000032
1150,512.537476,236.773453,11.777344,25.543655,0.000013
1150,448.676453,43.130455,85.449585,181.373138,0.000004
1150,580.579407,76.325607,111.870605,232.867477,0.000004
1175,396.610901,204.051636,23.171570,51.245575,0.996094
1175,356.980164,208.547943,18.537628,40.496185,0.985172
1175,230.881271,211.413361,14.904861,31.238281,0.981280
1175,254.307007,211.560806,14.802765,32.289917,0.977094
1175,361.966278,207.397873,21.100739,45.413589,0.953867
1175,239.466721,212.244751,14.230728,30.710556,0.806149
1175,30.621052,205.386398,24.445251,52.450882,0.786046
1175,390.385193,207.061356,18.835876,41.976791,0.116293
1175,321.323608,200.696579,16.360962,34.830032,0.033037
1175,339.344604,213.777267,13.460724,28.472992,0.021134
1175,614.073853,221.403778,23.417542,51.279114,0.015584
1175,404.037384,208.618927,19.814087,41.434814,0.009853
1175,385.120148,212.671555,14.881561,32.172318,0.006345
1175,292.047577,214.526840,11.066132,23.012527,0.005263
1175,274.199158,215.834488,10.440369,21.309357,0.004657
1175,308.000916,214.674133,11.294861,23.551849,0.002882
1175,545.771545,238.095673,12.687927,27.694550,0.002088
1175,604.178589,161.936691,47.285828,101.490921,0.001998
1175,608.140564,198.504257,36.833984,77.900314,0.001195
1175,544.106506,245.898163,13.520447,29.190948,0.000750
1175,434.405884,219.040710,10.658478,23.994034,0.000505
1175,614.438232,162.704117,29.754517,67.368439,0.000395
1175,355.227966,197.771606,33.438660,67.813873,0.000294
1175,570.437988,89.394066,92.308350,190.561493,0.000017
1200,425.429443,199.126251,26.712158,58.020569,0.997321
1200,258.501862,206.528946,18.802155,40.890320,0.995882
1200,379.935211,200.887131,25.775635,55.621109,0.993404
1200,235.319290,204.842865,18.470444,40.148666,0.989120
1200,393.672058,205.804001,24.279480,52.574722,0.976954
1200,356.680603,213.102966,13.794800,28.432922,0.047495
1200,435.401428,206.152924,21.629150,45.982040,0.012597
1200,375.053101,214.104828,14.304749,30.207764,0.011938
1200,337.261078,203.111084,13.929199,31.390030,0.007464
1200,187.079514,195.581497,25.591064,55.156235,0.003010
1200,682.406921,226.759750,21.304565,47.541824,0.002832
1200,306.911591,213.248535,11.550568,24.348160,0.002475
1200,208.994598,208.382614,15.903870,33.615021,0.001611
1200,291.846191,214.975769,10.584198,21.460724,0.001381
1200,419.733704,206.905273,18.748566,36.021637,0.000963
1200,671.324097,221.932465,25.845581,56.353302,0.000338
1200,481.013977,229.967926,11.173767,24.105331,0.000331
1200,469.156860,219.807526,10.312897,23.940292,0.000199
1200,532.153198,230.884903,11.935913,26.616257,0.000094
1225,449.182373,204.318344,32.668060,68.477158,0.997033
1225,209.095261,207.862274,24.702789,52.370056,0.993414
1225,234.878036,208.413467,24.739182,53.398117,0.992782
1225,390.538696,206.691269,29.611084,64.622086,0.987070
1225,405.697998,206.947342,30.755829,66.165573,0.986858
1225,304.047119,222.347656,11.149658,24.608948,0.878250
1225,293.990753,222.528885,11.280853,24.795471,0.515188
1225,274.979950,219.886551,11.585571,25.166229,0.293130
1225,244.672195,212.012039,21.106522,44.588577,0.100922
1225,220.223999,214.543732,18.841644,38.577911,0.020917
1225,372.858429,220.688629,14.064392,30.737747,0.007612
1225,323.366364,218.989380,10.754700,22.990997,0.003939
1225,339.749847,219.411545,11.550598,24.176178,0.002340
1225,623.243469,244.797302,13.955994,30.548035,0.001925
1225,511.386627,235.255493,12.072418,25.778137,0.001833
1225,502.059174,232.693970,11.814362,27.000458,0.001468
1225,426.973663,207.881958,26.274200,59.302582,0.001198
1225,256.014862,219.519714,13.842987,27.289185,0.000933
1225,433.415588,219.952896,14.629150,32.684052,0.000224
1225,173.930374,210.971649,19.192017,39.184341,0.000117
1225,46.721516,141.233353,38.651752,86.192902,0.000098
1225,211.969986,200.417786,37.850830,74.757935,0.000075
1225,34.952705,89.419785,81.396286,170.187515,0.000010
1250,399.454254,194.356186,37.566711,82.709671,0.994681
1250,428.210754,199.745972,35.429016,76.488190,0.994660
1250,480.010437,195.601715,38.604126,83.518219,0.994262
1250,196.963470,198.607666,30.037323,64.168701,0.990089
1250,155.993729,197.624924,32.498276,71.017838,0.988335
1250,291.995758,217.322861,13.364685,29.984787,0.981796
1250,261.357941,220.582275,12.118134,26.023087,0.964216
1250,302.130066,221.899811,11.996002,25.369904,0.076013
1250,273.848846,220.553360,10.367920,22.086975,0.029928
1250,646.832153,169.690811,41.420166,90.639389,0.017172
1250,339.200073,214.266418,13.171417,28.862930,0.002566
1250,118.485237,196.735580,28.721581,61.126633,0.001945
1250,531.271851,228.194977,12.613342,29.697876,0.001864
1250,637.985168,135.625351,62.484985,131.586258,0.000954
1250,218.560638,211.151535,16.504974,37.098465,0.000582
1250,124.472488,207.223312,19.821915,42.551804,0.000475
1250,464.791168,218.067734,15.833496,34.496552,0.000459
1250,369.959961,217.076569,12.898499,27.805069,0.000336
1250,324.038361,215.001205,11.898590,25.474686,0.000174
1250,387.141052,216.907028,15.714172,33.656021,0.000161
1250,619.571472,75.568306,90.280640,198.573547,0.000122
1250,247.662323,219.078018,10.687897,21.962891,0.000108
1250,548.129944,80.375130,83.217285,177.072235,0.000014
1275,421.262329,173.225479,53.357910,117.778091,0.996730
1275,470.329315,184.706360,48.708649,106.185883,0.995867
1275,534.944092,178.064392,54.208862,117.300751,0.994930
1275,87.572723,174.403519,50.221786,109.309006,0.994837
1275,15.230531,174.228851,55.167244,120.897675,0.994082
1275,257.079071,213.945587,14.832947,32.847778,0.988243
1275,282.535339,209.162766,17.346741,37.765320,0.942158
1275,388.269653,217.230896,11.966064,25.805603,0.166928
1275,453.062927,186.052612,46.003540,98.450012,0.069601
1275,278.118866,214.515549,13.766052,29.386551,0.034578
1275,373.136475,219.143784,11.585205,24.818939,0.019474
1275,304.542542,214.362366,12.270752,25.191162,0.014310
1275,114.725151,202.057175,28.456367,66.935196,0.005730
1275,248.320068,217.567184,12.837646,26.815765,0.003445
1275,491.089874,191.564636,39.252777,87.530518,0.003207
1275,398.200684,212.556732,15.531403,32.293213,0.001188
1275,509.139740,210.878571,18.525055,44.600418,0.001012
1275,464.797913,200.832123,17.983215,33.069229,0.000433
1275,458.737885,208.849182,23.928802,54.369629,0.000402
1275,528.375366,210.481674,21.158691,44.278702,0.000179
1275,607.251221,175.429230,39.704956,90.728821,0.000143
1275,593.921753,137.025208,69.132996,145.127625,0.000016
1300,509.376343,148.418884,86.918762,190.659546,0.998040
1300,580.037659,159.097733,79.348511,173.180283,0.997403
1300,290.557037,209.875366,21.052490,45.916748,0.990094
1300,269.401733,212.360962,17.771606,38.842896,0.980079
1300,419.039978,221.097107,11.483093,25.173248,0.852380
1300,405.628479,220.764435,11.128265,24.184113,0.057783
1300,263.153412,216.541290,13.637573,28.104691,0.011786
1300,667.241211,241.493958,17.913574,37.856659,0.009988
1300,298.734619,212.939835,16.316345,34.233688,0.006359
1300,430.398529,221.439636,11.695770,24.574371,0.005156
1300,320.819122,214.885651,11.807831,24.473572,0.005093
1300,389.166168,219.468292,11.927307,26.175186,0.003883
1300,589.149231,164.364380,55.169861,123.323669,0.001815
1300,661.399048,101.804169,32.808105,70.324432,0.001727
1300,578.748840,202.019836,14.465759,30.097794,0.000715
1300,571.286438,204.399231,26.675842,58.621277,0.000665
1300,245.346756,218.350662,11.875992,24.946381,0.000642
1300,577.219727,214.321960,16.882202,36.354553,0.000336
1300,638.299866,214.973831,16.898071,37.385803,0.000316
1300,576.059998,228.132889,17.262146,39.801559,0.000299
1300,659.180969,201.844437,35.709961,77.469742,0.000153
1300,466.896332,104.705284,113.440704,228.562988,0.000097
1300,639.139709,59.098515,67.691772,144.998260,0.000058
1325,282.206024,202.942780,27.584198,59.445404,0.995780
1325,445.796478,223.083939,13.065155,28.275299,0.327662
1325,419.416016,220.753311,13.199585,28.670975,0.213296
1325,436.056610,224.345718,12.557922,27.253433,0.054651
1325,278.522614,202.178497,20.767242,47.935364,0.025060
1325,339.637085,219.106049,10.949219,23.581665,0.007896
1325,405.598358,220.992966,11.618103,25.502350,0.002285
1325,324.556458,217.634644,10.537079,22.276184,0.001506
1325,298.729950,213.429947,16.790497,34.530716,0.001040
1325,388.476105,216.955078,11.905945,26.248688,0.000794
1325,371.885956,215.484711,11.824127,25.797714,0.000315
1325,355.835388,217.586655,10.859772,23.567261,0.000278
1325,32.898674,135.740646,39.878304,89.817963,0.000262
1325,430.230560,210.626678,23.451385,49.370148,0.000258
1325,129.501144,186.487167,15.692795,32.898682,0.000150
1325,139.070389,183.465912,19.274780,41.164566,0.000085
1325,78.446724,127.732925,42.473320,93.269424,0.000068
1325,464.463257,219.884384,11.299744,23.736359,0.000051
1325,65.899826,132.512268,42.573509,97.447784,0.000016
1325,4.691015,47.809204,58.897583,210.711182,0.000016
1325,17.543783,92.761803,81.073303,170.550842,0.000016
1325,63.364944,124.165787,75.615021,157.734299,0.000006
1325,409.213074,187.913086,57.653473,115.873993,0.000003
1350,138.502304,179.603775,48.324097,103.517838,0.998061
1350,215.411606,213.348541,18.189255,38.892715,0.980107
1350,398.325165,222.452713,13.015625,28.306427,0.745434
1350,386.598053,222.127060,12.616638,27.398422,0.250428
1350,140.454590,191.404327,34.821335,70.759949,0.026607
1350,158.934937,195.268768,33.978745,72.476776,0.025374
1350,374.036102,220.217438,12.419708,26.555893,0.024296
1350,277.707520,220.190445,10.251160,22.760620,0.003939
1350,240.635529,218.658798,11.739685,24.043716,0.003726
1350,339.806152,216.072754,11.988647,25.658844,0.003726
1350,291.560455,217.902679,10.844849,23.850952,0.002439
1350,170.872269,209.443802,19.716675,42.883636,0.001842
1350,195.665482,217.072861,12.677826,26.491791,0.001077
1350,357.604095,218.967270,11.135895,23.896484,0.000759
1350,415.271942,222.686981,11.339844,23.706406,0.000626
1350,306.627441,215.625214,11.398529,24.555405,0.000531
1350,129.101059,213.029190,18.131073,37.873184,0.000217
1375,145.751785,210.637695,21.257797,46.585236,0.993185
1375,364.688599,218.547577,14.337250,31.202728,0.306757
1375,264.484589,155.607269,33.803864,76.191330,0.160934
1375,338.845612,218.428574,13.999878,30.535049,0.112850
1375,354.143463,218.995697,14.200378,30.872177,0.104164
1375,156.536896,207.266739,17.082260,35.971237,0.002617
1375,158.390701,220.672897,15.519272,33.681641,0.001863
1375,325.020111,218.088226,11.893250,25.890289,0.001596
1375,291.971497,215.747574,11.457581,25.256866,0.001238
1375,307.063751,216.909622,12.137787,26.471298,0.001088
1375,243.940460,219.190948,10.135117,21.977234,0.000613
1375,348.450531,208.423370,25.117920,53.065125,0.000495
1375,331.393646,204.098831,25.760406,55.569290,0.000309
1375,135.386673,213.297562,14.176331,31.799271,0.000281
1375,260.224457,218.170990,10.210052,21.913712,0.000264
1375,290.205261,169.841309,33.124786,70.595901,0.000227
1375,276.393219,216.729721,10.746185,23.172241,0.000203
1375,229.114197,219.436218,10.354446,22.626892,0.000198
1375,175.964661,214.425201,12.952271,28.555984,0.000195
1375,433.227112,231.332031,12.683105,27.762939,0.000169
1375,64.153488,200.195953,14.542694,31.187744,0.000056
1375,384.432190,220.447784,11.850708,24.363831,0.000053
1375,137.737137,193.218857,41.078934,84.272720,0.000047
1375,269.342010,119.683334,60.666779,124.568085,0.000020
1375,111.216621,209.560455,17.663017,35.755753,0.000009
1375,330.095947,183.035583,56.170563,112.110229,0.000004
1400,112.439217,207.621750,24.639488,53.573990,0.991401
1400,351.153992,216.526215,17.203003,36.953629,0.134276
1400,369.972076,225.617371,12.964600,28.678146,0.119860
1400,142.937500,215.597305,14.751343,32.505096,0.039924
1400,366.259125,210.886765,19.923157,42.698334,0.035961
1400,376.091400,211.589691,21.370789,45.796783,0.027903
1400,338.975220,209.788513,18.742493,40.688751,0.013574
1400,106.775749,198.794449,36.528450,73.678207,0.008561
1400,125.330147,221.699783,17.481682,36.937302,0.002462
1400,244.337738,219.789871,10.503479,23.110291,0.001923
1400,381.208221,209.368576,14.955292,31.932663,0.001492
1400,124.150482,205.926773,18.566010,41.501190,0.000736
1400,260.343353,218.417313,10.642395,23.477127,0.000693
1400,306.918854,213.643723,13.177246,29.055374,0.000624
1400,324.007324,215.555298,12.515381,26.919159,0.000386
1400,292.911041,160.941528,34.143768,74.467331,0.000277
1400,12.415161,190.991379,24.256569,49.785538,0.000262
1400,291.628906,214.937927,11.999115,26.751968,0.000250
1400,275.900726,216.528046,11.264435,24.904572,0.000216
1400,529.274780,135.554474,14.956238,31.673050,0.000175
1400,262.555054,118.972298,30.174225,63.632225,0.000114
1400,268.708862,122.582054,19.793640,42.594551,0.000070
1400,464.345825,232.564056,12.267609,26.820923,0.000048
1400,453.132965,232.756744,11.787476,26.048706,0.000043
1400,260.083221,88.240227,74.810272,151.771210,0.000012
1425,49.592369,204.889435,29.568695,63.554718,0.961067
1425,367.839600,218.060440,14.632568,32.077332,0.215008
1425,385.790649,218.735794,16.230896,35.095047,0.199599
1425,356.293152,215.744614,14.307526,31.187210,0.182871
1425,395.346680,220.594940,17.765076,38.818909,0.123996
1425,275.547485,219.693268,10.989563,24.207413,0.037233
1425,397.884491,211.186249,14.822296,31.503555,0.007660
1425,340.630463,218.355911,12.233795,26.038361,0.002037
1425,262.184326,219.762085,10.615021,23.570435,0.001357
1425,245.177780,220.011383,9.899948,22.070389,0.001034
1425,609.863220,225.431519,19.436890,41.682556,0.000459
1425,499.835602,235.026932,12.290131,27.154007,0.000401
1425,290.292664,218.689682,11.185120,23.909805,0.000261
1425,322.968994,216.431885,12.967133,27.534317,0.000238
1425,270.213928,120.403633,21.099060,47.721870,0.000204
1425,617.015991,225.769882,19.506042,41.222855,0.000200
1425,469.618225,174.345596,30.120850,62.148239,0.000126
1425,620.703491,219.494858,16.053284,33.470123,0.000076
1425,307.492249,217.457138,11.622955,25.270889,0.000065
1425,606.444214,211.257095,27.998230,59.775436,0.000045
1425,546.514221,235.442230,13.183350,28.819000,0.000018
1450,368.277161,215.592010,16.154449,34.795441,0.144211
1450,354.464874,211.126434,15.616333,34.417450,0.015058
1450,383.911255,216.117508,15.067902,32.737961,0.014306
1450,542.417786,234.241989,15.905212,34.097397,0.005523
1450,512.979675,158.265121,43.318054,96.275131,0.003377
1450,306.407867,210.919983,13.426910,29.884293,0.002428
1450,497.254608,154.614517,41.418182,89.781296,0.002042
1450,340.759033,215.847748,12.940765,27.435593,0.001969
1450,493.687012,161.750198,24.028687,53.239014,0.001588
1450,510.097443,155.350159,19.346954,38.679794,0.000819
1450,496.667084,153.946304,18.809418,40.197052,0.000805
1450,15.476726,192.777405,21.875416,46.688354,0.000499
1450,323.014221,215.103485,12.758179,26.764893,0.000486
1450,320.924316,203.609039,14.058868,30.514511,0.000454
1450,495.498718,127.917419,65.152710,139.505981,0.000409
1450,400.441254,215.796509,13.378387,29.305389,0.000399
1450,292.418610,215.980377,12.005066,26.048187,0.000313
1450,111.927071,213.267563,15.141190,32.548508,0.000309
1450,260.110413,216.416214,10.899719,23.993454,0.000205
1450,626.183533,244.143494,15.256104,33.393646,0.000122
1450,275.967529,216.512482,11.138824,23.922119,0.000108
1450,255.134186,120.384232,16.576996,35.545853,0.000077
1450,250.125259,113.639717,24.611740,53.024010,0.000067
1450,535.502258,206.624924,29.755615,63.873795,0.000041
1450,417.963470,216.359253,12.734100,28.151825,0.000040
1450,243.052597,90.012505,36.116379,78.442909,0.000014
