25,234.659058,147.936005,17.707413,38.470352,0.899715
25,549.271118,166.476044,16.258301,35.865585,0.004393
25,230.545242,144.240723,13.985046,31.326797,0.000890
25,550.445496,162.682404,23.394104,48.284821,0.000690
25,545.681702,158.977692,35.373047,80.544571,0.000669
25,557.960266,160.730789,15.231384,33.607880,0.000527
25,397.743927,130.941330,20.771973,44.592621,0.000330
25,163.124588,152.336090,15.554245,34.282013,0.000205
25,173.884247,153.681931,15.668320,32.783234,0.000189
25,665.594360,45.007183,51.269287,210.623535,0.000186
25,691.244019,189.749802,27.203125,90.078873,0.000182
25,170.687088,157.293976,21.130859,46.189972,0.000151
25,164.774292,143.406464,34.298462,75.388535,0.000113
25,671.212280,128.517685,46.232361,198.393967,0.000109
25,227.859589,149.308685,32.512787,73.108170,0.000109
25,160.502228,156.169113,20.506180,45.396423,0.000102
25,255.563278,154.221176,11.947281,24.445831,0.000095
25,541.037109,137.831284,54.635681,124.669510,0.000082
25,514.393311,167.818192,13.009949,29.143234,0.000061
25,175.071350,164.747375,14.289520,30.826813,0.000056
25,630.222168,107.554741,82.851501,200.248413,0.000032
25,147.578842,78.014107,81.797073,170.825317,0.000020
25,519.095581,76.031273,94.153809,192.877502,0.000008
25,307.646790,39.633961,91.582184,188.503113,0.000005
25,122.542572,44.227654,119.729874,237.113159,0.000005
25,156.247269,123.992729,89.379379,188.588470,0.000003
25,485.921722,117.630783,82.596283,176.057693,0.000001
50,539.297668,215.219055,24.174927,53.319092,0.334079
50,552.812012,219.630600,22.668030,48.430862,0.216576
50,534.751404,221.169907,17.699463,41.481979,0.019160
50,555.604492,206.439865,20.480347,46.068726,0.004289
50,319.915253,185.839935,14.508209,29.471558,0.004143
50,315.118683,179.937607,21.406738,45.194672,0.002324
50,688.860474,216.314423,15.157043,33.349838,0.002120
50,193.867844,166.249619,13.448532,29.062561,0.000843
50,681.995178,211.732834,27.333984,57.238724,0.000539
50,687.449890,202.742889,17.998901,38.592422,0.000526
50,188.839249,163.763824,21.299713,45.014053,0.000231
50,297.328552,176.536636,34.286591,75.550964,0.000229
50,180.433029,166.749329,36.072952,78.976700,0.000216
50,697.584473,204.586990,20.969116,58.469559,0.000177
50,703.189941,212.118423,16.810059,39.303787,0.000168
50,495.688293,198.638443,17.453064,37.220535,0.000161
50,703.924561,226.021057,16.075439,38.087738,0.000160
50,703.236816,197.490631,16.763184,40.633133,0.000111
50,675.480164,143.525543,42.190247,168.851654,0.000047
50,223.435898,70.086540,110.971359,237.631470,0.000042
50,443.261566,54.154697,112.186798,244.059814,0.000041
50,383.326508,33.796143,117.492554,241.816101,0.000033
50,525.848755,178.919968,52.975098,105.771866,0.000023
50,112.055939,156.471024,13.831139,29.097305,0.000023
50,287.193878,132.278412,65.633179,145.492371,0.000013
75,162.872971,202.591858,26.214706,57.237549,0.969993
75,315.465027,211.470001,22.738007,49.092804,0.788727
75,182.873154,210.117172,21.647659,47.196335,0.693813
75,331.136566,210.925705,23.239716,50.821701,0.450334
75,466.548523,214.767471,18.189484,39.250885,0.345209
75,631.248779,173.935410,38.994812,84.766769,0.154316
75,172.703430,210.057678,22.611404,47.955322,0.088593
75,344.243835,213.420822,21.182068,45.823929,0.013660
75,645.978210,196.727280,29.185974,63.645798,0.005581
75,638.305969,179.861465,22.613464,48.858582,0.003687
75,162.349609,195.702316,39.093567,79.024246,0.001994
75,351.940796,227.409698,13.908844,29.547607,0.000410
75,384.090729,230.978989,13.915649,30.128311,0.000376
75,477.050537,216.798569,15.034393,31.824371,0.000286
75,305.439606,185.022354,44.534729,94.216019,0.000164
75,371.431610,230.404831,13.510498,29.776321,0.000163
75,621.735474,161.314941,62.937561,136.862213,0.000139
75,447.306702,43.599628,129.778625,252.637863,0.000022
75,147.375549,154.621078,66.409302,130.851303,0.000016
100,511.199219,185.012177,31.512024,67.142456,0.046212
100,599.742249,214.766495,22.353760,50.453964,0.014710
100,319.346680,179.815857,21.778107,46.605362,0.013734
100,311.591156,178.876694,36.487885,77.380203,0.009328
100,513.571350,184.229645,21.737061,46.432358,0.006692
100,320.730347,184.427216,38.661346,84.761566,0.003907
100,531.079224,180.033585,36.675659,80.290726,0.003234
100,556.199768,208.017258,23.599243,52.629745,0.001883
100,375.168335,202.037354,33.348053,70.873444,0.001741
100,594.250854,220.077408,15.655518,34.120605,0.001466
100,564.739685,205.281464,27.946777,60.362854,0.001177
100,550.714600,193.752243,34.480957,74.723434,0.000877
100,572.500916,214.434601,18.475220,40.439667,0.000825
100,382.504791,202.531403,21.089508,44.977554,0.000791
100,524.205383,185.576355,20.118835,41.221954,0.000711
100,340.445251,192.486343,36.164642,82.332138,0.000289
100,651.854919,244.400543,21.031494,45.986084,0.000258
100,508.689636,159.080612,54.911560,114.069260,0.000213
100,49.237545,222.251526,14.212242,29.957245,0.000120
100,78.398407,42.596752,130.678177,231.838333,0.000092
100,364.576324,192.475708,57.162292,123.510071,0.000053
100,541.893738,170.033249,55.223328,113.356033,0.000040
100,107.536179,64.167213,141.507828,302.692200,0.000027
100,526.389282,127.191849,80.933105,168.283066,0.000027
100,494.595337,124.148270,83.118042,170.392319,0.000023
100,371.086456,163.267532,80.027985,172.737350,0.000019
100,328.630554,171.777206,66.690369,140.000595,0.000014
100,402.450470,162.409088,92.418915,198.450348,0.000014
100,540.593445,123.958092,102.815063,208.174500,0.000007
125,598.155090,221.196091,25.935303,56.418198,0.890091
125,556.863098,216.381760,28.591492,61.884109,0.869995
125,640.984985,185.943893,36.650085,78.234390,0.546712
125,593.545105,224.271484,21.226562,43.477997,0.436292
125,287.620178,182.019318,18.674622,40.566467,0.394662
125,570.269470,227.252533,20.574341,45.223114,0.164009
125,425.144714,190.293488,27.419373,58.620377,0.148492
125,660.303894,192.383560,54.562927,142.422745,0.091118
125,541.422729,220.444977,20.754150,44.947998,0.056348
125,638.519287,209.340485,23.324768,53.381714,0.054007
125,533.302063,226.303833,18.633118,38.241089,0.007325
125,320.677582,180.812408,17.886292,41.118469,0.003496
125,242.983673,185.156937,38.935455,85.279709,0.003162
125,210.529022,186.501785,15.783020,33.934967,0.002562
125,415.747955,170.274399,40.586395,89.192825,0.002014
125,642.326904,177.548004,60.362793,130.970947,0.001762
125,347.530914,168.536118,23.231110,50.593475,0.001536
125,425.837097,171.167252,25.680115,54.307693,0.001180
125,342.435608,167.872665,34.064209,74.839127,0.001072
125,303.310577,184.867111,15.247345,32.752350,0.001014
125,131.794006,184.753418,36.789337,78.640076,0.000135
125,588.263733,196.599579,47.829346,101.737274,0.000105
125,544.502808,199.486221,49.015137,102.090012,0.000051
125,237.565002,163.267838,62.680359,133.345566,0.000027
150,594.894897,188.401230,68.250732,148.711899,0.995360
150,459.539856,215.940750,25.763245,55.838028,0.978510
150,504.287109,220.600189,24.378906,53.075226,0.957309
150,475.713806,218.286316,25.089752,54.415527,0.911323
150,328.638153,187.673386,26.607605,57.888077,0.517663
150,437.368591,221.503708,21.787903,48.360367,0.243647
150,497.806458,222.105606,21.383484,46.661728,0.214858
150,444.840576,221.598312,21.005920,44.462051,0.120490
150,164.679214,187.304688,16.679428,36.952377,0.101675
150,538.941528,180.947723,35.193054,77.845062,0.080483
150,302.047760,187.740707,16.785248,35.137573,0.043413
150,288.185120,178.401886,25.986847,57.347900,0.030684
150,178.023956,186.053925,16.866653,36.724518,0.020404
150,320.357819,169.355423,39.727722,86.921921,0.006893
150,188.291397,185.199005,17.462738,37.466690,0.006502
150,47.118473,215.738785,13.579678,28.985535,0.002889
150,42.381371,199.107727,20.806839,46.305115,0.000944
150,551.991455,178.856216,26.512451,55.879623,0.000469
150,379.428253,201.856628,22.573273,48.872101,0.000154
175,566.726501,180.674530,67.359253,146.858490,0.995862
175,426.956940,208.517868,26.722809,58.158432,0.987478
175,408.870117,207.238724,25.724457,55.937698,0.960368
175,456.223083,207.902451,28.913361,61.925552,0.903391
175,445.819855,210.496490,25.375519,54.846100,0.705524
175,101.374352,181.405594,16.644455,35.661804,0.382158
175,382.514343,210.972153,21.296997,45.129196,0.063801
175,182.288498,160.890457,29.983337,64.771622,0.057168
175,189.298737,178.175919,20.405304,45.142761,0.054731
175,472.375183,208.635101,22.882385,50.498474,0.039481
175,403.618530,211.929459,21.249725,44.593735,0.035379
175,33.291527,176.410507,38.609985,81.732620,0.029602
175,266.398499,167.092499,35.031555,75.941391,0.024068
175,434.762299,195.964493,40.004333,84.626938,0.011686
175,236.726242,178.117401,22.217331,48.927887,0.007153
175,479.467499,214.295654,16.174805,34.500824,0.004413
175,177.269089,149.965698,44.554535,98.920471,0.003338
175,129.220474,179.367325,14.494415,31.277145,0.003233
175,109.022903,180.323303,15.398201,32.411987,0.002978
175,42.035240,180.237930,23.254036,47.305374,0.000641
175,47.646610,173.891663,44.080280,93.802368,0.000181
200,563.029175,167.286118,67.933594,149.374344,0.995710
200,393.713684,191.511673,26.136047,56.619980,0.988454
200,456.678314,197.563553,23.436340,51.102203,0.971269
200,411.919373,192.367493,27.251038,58.629715,0.943953
200,444.520599,193.091110,28.059204,60.310349,0.929009
200,426.002869,191.602844,28.288605,60.275085,0.700378
200,239.084076,161.518860,18.376831,39.123337,0.693174
200,249.371048,159.384583,26.189438,57.950119,0.284432
200,237.287796,166.656296,24.277939,52.066589,0.100119
200,388.043579,195.056763,21.223755,44.785889,0.035409
200,367.629395,193.132233,22.127136,47.141220,0.028442
200,158.974197,152.177582,20.243317,45.457291,0.020107
200,95.260963,151.575256,21.875282,46.019424,0.005630
200,228.014511,170.027710,14.318146,31.473083,0.005106
200,379.990417,183.888077,40.544464,80.747330,0.004958
200,550.972351,122.305054,108.856873,225.185822,0.004886
200,9.828097,170.459869,32.744217,70.274994,0.003526
200,13.899466,193.322159,23.174433,50.902588,0.002057
200,415.482513,171.481232,55.714874,114.422302,0.000232
200,237.378387,147.040527,46.186890,97.586075,0.000220
200,607.580566,129.776398,104.781311,234.885162,0.000041
225,559.279053,188.525421,66.189026,144.491119,0.993803
225,437.200531,215.269958,27.819061,60.409729,0.990602
225,464.471649,214.587555,28.146088,61.276672,0.989801
225,378.000488,214.575974,26.238281,56.846786,0.965493
225,403.335968,213.484207,29.349457,63.095871,0.956476
225,82.104103,181.484924,18.367950,40.717575,0.510173
225,88.864914,180.896408,19.103157,41.078079,0.297780
225,58.284210,182.029938,20.055862,43.144135,0.260720
225,234.270370,185.090622,30.035843,64.886658,0.107201
225,147.859589,198.543060,13.477509,29.908661,0.086390
225,354.952332,223.532501,19.416779,40.107971,0.051630
225,365.732697,215.739410,23.277191,50.377411,0.015421
225,222.095154,182.260849,32.687988,71.091370,0.006969
225,224.452225,178.112244,45.133560,95.503571,0.002258
225,206.426498,193.993317,19.687973,42.031662,0.001878
225,224.569031,199.264664,15.994873,34.625565,0.001552
225,158.025070,200.109772,19.460205,43.977097,0.001434
225,415.583008,198.709000,50.204895,99.966660,0.000505
225,564.043701,144.562683,100.559204,215.378906,0.000398
250,568.800781,184.865295,69.961731,152.369049,0.995958
250,426.789581,213.321152,27.015015,58.778183,0.994041
250,488.157379,214.144363,27.639069,59.620895,0.993699
250,391.578644,208.688919,29.159393,63.084183,0.991024
250,364.126556,211.560516,25.558014,54.959930,0.986826
250,46.996098,178.007797,18.023991,39.278030,0.966718
250,29.716238,175.906296,17.726309,38.840408,0.892024
250,66.394859,177.747894,18.256966,39.234787,0.734751
250,73.922600,176.505753,19.247719,41.658447,0.731404
250,220.710571,180.947617,28.802841,63.113892,0.453348
250,438.276398,213.197128,23.454865,51.470718,0.341325
250,209.875809,188.794235,16.285645,35.797836,0.217478
250,349.354797,214.875793,20.088989,42.563477,0.147436
250,377.725006,204.511139,36.374878,73.622528,0.010150
250,213.546844,171.151215,44.705627,93.124939,0.001801
250,82.676949,138.605087,34.923264,76.734940,0.000680
250,235.197983,186.708527,19.528809,39.593903,0.000450
250,108.458656,96.260132,80.522575,171.533112,0.000155
250,278.595612,192.983063,28.335205,59.648895,0.000065
275,560.965149,197.458481,69.052734,150.644882,0.996624
275,413.515625,221.382568,28.302002,61.221252,0.995412
275,508.638336,221.897766,30.746429,65.800659,0.987292
275,372.215240,219.818878,30.054626,65.977478,0.968195
275,360.708466,216.042847,30.973175,66.356537,0.957520
275,28.621717,183.994583,18.213690,39.372299,0.920645
275,48.634609,184.911148,18.149891,39.356766,0.771682
275,20.005152,182.772125,17.863466,38.332336,0.744903
275,354.595703,225.162903,21.871857,47.059509,0.441056
275,544.057068,225.203857,13.629883,29.509705,0.321541
275,335.229309,229.578278,19.644440,42.694183,0.087973
275,398.298462,220.892792,27.283539,58.901550,0.035024
275,61.268467,185.612762,14.861355,31.807892,0.025601
275,259.725708,232.529587,15.416870,34.556259,0.014612
275,193.777100,196.688950,16.924667,37.469177,0.011145
275,202.077042,190.654480,28.628128,63.020020,0.009451
275,174.877380,195.436722,18.865738,40.671173,0.003339
275,129.220642,157.636673,39.641022,91.584717,0.002934
275,214.280945,194.816040,25.475952,55.975220,0.002470
275,208.211273,193.898727,17.328003,35.522537,0.001927
275,116.504173,161.608109,38.946404,85.638245,0.001127
275,194.157822,180.505035,48.516144,100.782349,0.000221
275,104.679810,137.972672,60.191467,128.027420,0.000061
300,549.790588,190.798096,70.177063,150.948059,0.997794
300,522.060425,220.288834,26.892822,59.156387,0.994803
300,399.993652,199.241470,36.114502,77.044540,0.990782
300,327.722260,210.061447,29.727051,64.555588,0.967489
300,350.945526,213.334030,29.292053,62.837143,0.966145
300,319.355743,228.509094,17.101868,35.834503,0.490089
300,322.636017,222.352737,21.308563,45.523972,0.292826
300,83.953102,148.353653,37.100845,79.902161,0.041378
300,304.433960,216.413101,20.091797,41.449814,0.012714
300,534.496704,228.060287,20.873840,45.026321,0.008899
300,96.430725,150.477234,38.130157,85.737686,0.008061
300,141.176239,186.857178,21.910583,47.068634,0.007840
300,77.609421,156.801331,26.070488,58.751831,0.007709
300,160.550537,185.698441,14.989365,31.732269,0.005858
300,532.300842,215.675598,40.105652,86.271393,0.001324
300,193.316086,191.719330,16.494614,34.977646,0.001182
300,17.357611,162.687073,24.999201,53.500015,0.001114
300,237.440109,218.023697,15.550278,33.005280,0.000327
300,10.336219,124.909813,57.053894,124.893379,0.000023
325,535.040283,198.822479,71.417725,155.039185,0.997741
325,399.652374,213.967453,33.150452,70.868149,0.993793
325,507.361267,219.131226,33.467957,74.731079,0.977023
325,326.693512,212.551590,31.402924,68.065720,0.976415
325,293.265778,212.996490,29.710388,62.560181,0.971330
325,380.194885,211.538620,20.506683,43.780884,0.703925
325,369.108276,212.403305,19.318420,42.469864,0.425841
325,192.595337,227.000549,15.484360,33.708130,0.054870
325,270.581329,205.074051,21.091370,44.912766,0.047335
325,158.981537,191.680328,17.729935,37.535400,0.022572
325,521.803528,239.481567,20.659424,44.943970,0.009179
325,3.754902,124.594330,34.305119,70.660309,0.007913
325,143.728928,190.342682,24.568161,54.906387,0.005607
325,45.921154,164.294357,26.363918,55.902496,0.000751
325,51.907951,161.506439,32.219101,69.793274,0.000489
325,91.522255,133.117752,46.598091,102.835220,0.000358
325,536.185059,164.196579,103.440063,215.102890,0.000269
325,202.535599,215.682785,18.640106,41.416092,0.000142
350,526.900940,194.322601,77.764343,169.166290,0.997378
350,396.525208,215.933502,33.306824,71.284668,0.983280
350,276.939575,207.500092,33.826843,72.360596,0.973825
350,486.446869,227.906250,29.176239,62.547913,0.972477
350,245.008102,208.758209,31.557663,66.816956,0.964111
350,293.123657,211.122284,33.415344,72.119476,0.935653
350,102.883766,180.733078,31.374290,68.737030,0.713180
350,496.896881,224.018326,29.224030,64.617081,0.177360
350,148.212906,228.273682,15.617844,33.906189,0.112863
350,143.932861,214.237457,20.947372,44.724762,0.025643
350,138.546997,193.539078,23.833389,53.023163,0.012224
350,118.037781,180.118546,28.036682,59.902222,0.008876
350,174.001892,192.867371,14.571243,30.747498,0.002067
350,126.196945,185.318237,19.529495,41.197556,0.001540
350,141.566101,191.267014,16.060547,33.949478,0.001342
350,432.521973,220.231750,14.064697,30.470474,0.000981
350,527.161194,155.162872,114.221558,237.547394,0.000743
350,143.606155,201.397614,15.586502,33.984695,0.000630
350,4.198327,151.941086,40.759346,90.853699,0.000105
375,541.881287,205.165176,89.837280,194.664200,0.997051
375,247.962341,220.480560,37.138733,79.922272,0.990123
375,415.590942,230.704071,33.930145,73.736176,0.989589
375,279.021637,228.579575,32.386108,68.970444,0.984264
375,483.512024,242.116577,30.593567,65.300873,0.983062
375,212.093506,221.612579,33.001999,73.243011,0.912749
375,504.572052,246.270004,25.023224,54.367172,0.803698
375,465.631104,247.261246,21.730011,48.789230,0.092545
375,229.285889,207.297409,46.706848,96.005081,0.036399
375,115.479866,228.131088,21.648262,46.089462,0.033796
375,75.145126,186.594864,36.527473,78.894058,0.026085
375,117.998077,242.567642,15.323212,34.621597,0.013426
375,120.714432,218.174316,20.517624,45.243774,0.006886
375,2.715281,164.029388,35.013771,75.569534,0.006196
375,327.818848,190.230362,37.117432,78.877609,0.005774
375,466.300171,243.842331,16.521729,36.177414,0.001956
375,197.442429,198.377106,54.186920,114.831482,0.000885
375,10.002204,188.284058,24.574181,53.831711,0.000333
375,70.150185,165.420807,61.161766,127.906464,0.000137
400,572.579834,167.111832,105.486633,226.960190,0.997284
400,261.128448,200.294006,36.389435,78.391052,0.992876
400,445.241302,205.546814,38.455566,83.184814,0.984517
400,226.847610,187.441879,39.422318,87.321304,0.970586
400,59.231091,143.944427,41.624104,90.344635,0.948728
400,489.843048,218.080963,33.615753,71.906799,0.864778
400,190.896866,190.465775,39.306824,85.125717,0.851207
400,506.544891,223.127457,25.510406,53.904648,0.131547
400,11.071261,131.714874,34.457024,73.929947,0.091138
400,116.247887,190.344986,12.800682,26.993484,0.038295
400,524.995056,228.678253,18.186157,40.631897,0.011980
400,17.286448,131.244064,45.262856,97.067062,0.001885
400,139.465591,195.237488,19.854645,43.726730,0.001775
400,131.039047,198.540848,14.657379,29.559158,0.001505
400,327.976685,160.720871,28.495300,62.747650,0.000461
400,383.683716,204.561493,13.430176,28.376373,0.000359
400,321.030090,159.457809,42.149170,88.335403,0.000282
425,246.081772,190.015381,39.048843,84.897400,0.990371
425,208.940186,174.154053,45.203094,99.242035,0.985212
425,170.423813,184.881378,41.963867,90.033875,0.985160
425,470.767731,197.359650,40.620667,87.832428,0.980950
425,41.226593,120.058777,55.494484,118.262482,0.771646
425,75.417023,208.085083,16.522072,35.147202,0.201414
425,1.000000,97.538651,46.268425,104.877365,0.114687
425,621.562866,167.192703,98.437134,237.826157,0.064906
425,511.459930,213.879959,21.522552,45.376724,0.044733
425,644.617859,281.060577,58.446655,123.784210,0.012244
425,68.709869,197.639526,21.034210,44.638062,0.010734
425,521.038269,213.723770,23.098633,49.516098,0.009801
425,643.429138,156.831879,66.021667,148.811462,0.005307
425,369.382538,200.018402,13.135864,29.059738,0.000521
450,235.896652,200.247742,41.055435,90.516113,0.990099
450,429.515778,207.925873,42.545197,93.043701,0.989584
450,156.854645,190.185577,44.992599,97.197845,0.981566
450,197.600998,187.434097,48.189423,104.900803,0.974885
450,497.623596,210.824921,38.273438,80.661835,0.539423
450,533.362488,226.226059,28.774658,62.314285,0.349736
450,27.681143,135.167145,54.186790,118.020767,0.328008
450,521.475403,223.822296,30.230225,63.743408,0.043132
450,53.425056,223.923218,15.143410,33.071838,0.042844
450,251.243042,197.884155,38.687683,87.655029,0.016235
450,265.345337,209.261337,26.944946,58.323685,0.013139
450,58.212456,224.039047,16.883659,35.590836,0.007893
450,480.195343,233.435547,14.989807,32.228394,0.004077
450,211.409531,204.542374,29.861649,68.390610,0.002608
450,186.520248,208.148987,27.097229,62.025940,0.002478
450,22.082432,110.619034,82.243530,173.540665,0.001305
450,35.998905,118.836670,35.043385,77.153549,0.001030
450,278.342438,191.167358,36.490021,83.825256,0.000788
450,354.041138,206.751740,13.551300,28.280853,0.000171
475,355.148102,192.871826,48.300018,104.475494,0.994141
475,497.031006,222.855042,26.278259,59.214661,0.991854
475,214.761093,194.259125,46.096237,101.422760,0.991590
475,118.644646,187.017319,47.507439,103.508072,0.988806
475,158.647507,176.808197,54.228561,118.876129,0.985106
475,517.558289,202.717209,43.783569,93.507278,0.957363
475,500.984589,214.727905,34.095062,73.220795,0.899456
475,535.762817,220.587601,29.423645,63.269638,0.153557
475,251.567795,209.873703,20.898605,49.532150,0.089153
475,199.738480,209.712067,25.497787,58.882080,0.060366
475,188.817078,186.063416,47.362793,101.461121,0.039751
475,2.747703,136.656738,55.383785,117.817993,0.033340
475,336.744812,205.549210,13.814392,28.941574,0.027641
475,453.192688,238.121399,14.397247,31.170929,0.021224
475,235.517319,196.121048,38.760086,86.450302,0.009744
475,96.631584,190.241440,16.970070,34.496857,0.006729
475,460.090973,236.306366,15.573608,32.745483,0.006593
475,219.419098,195.697006,32.472977,70.847336,0.005144
475,205.654297,200.548584,20.169891,41.447327,0.002060
475,42.084122,45.117775,132.230164,271.664886,0.000862
475,96.283638,160.779282,75.767616,150.260422,0.000663
475,321.732117,200.343460,14.174072,29.276566,0.000300
475,18.576010,191.960129,27.937872,63.641174,0.000122
500,252.947540,194.704132,58.184570,125.223297,0.993778
500,480.879486,230.338196,30.046051,65.752777,0.987805
500,52.791103,188.296814,54.450413,119.768494,0.987050
500,82.942947,190.072205,54.048050,116.531281,0.938652
500,169.830124,198.756989,53.474075,113.826172,0.936960
500,115.875854,189.198685,56.582230,122.773148,0.900631
500,516.296936,210.834152,57.116211,123.314774,0.866615
500,573.311279,247.021057,16.015259,35.184357,0.076385
500,151.457733,196.151489,48.542740,106.333984,0.074746
500,219.822449,219.622452,22.942215,50.231491,0.026672
500,503.406769,223.196594,41.979095,87.068756,0.015609
500,433.232483,244.351959,14.730499,31.891052,0.008511
500,508.938660,239.687973,23.034546,49.689743,0.004318
500,304.050903,215.522202,13.968964,31.505569,0.003910
500,228.971558,172.280655,70.302429,144.061386,0.002703
500,476.295563,210.872299,54.300385,110.070969,0.001645
500,445.379333,242.950958,14.910553,32.428040,0.001174
500,177.790268,123.111557,88.269760,188.211533,0.000169
500,205.444901,133.114700,43.600571,94.747101,0.000075
525,95.093727,175.147491,67.470634,147.264618,0.989573
525,443.728424,215.875153,34.134766,74.040894,0.986038
525,13.603403,176.299835,63.971832,139.095886,0.979803
525,505.223083,190.873627,68.441223,147.071472,0.942539
525,78.503075,212.721024,17.814491,38.268692,0.268287
525,470.854370,219.438828,32.571136,70.404800,0.112831
525,76.655342,196.088089,26.417702,59.280228,0.068674
525,63.496117,174.080048,65.869560,138.168304,0.048211
525,150.183212,131.344894,59.551544,123.520584,0.034629
525,485.287476,214.051941,41.582581,89.237122,0.017611
525,40.800301,177.676208,55.051178,122.475128,0.013255
525,92.872322,140.617950,96.357643,211.479309,0.009549
525,69.141090,184.790863,40.943886,92.939667,0.002371
525,389.086334,230.470398,17.650085,37.309235,0.001987
525,77.474678,222.560730,20.671371,44.325378,0.001863
525,218.016418,182.754471,30.075760,64.595032,0.001390
525,412.978943,231.928757,15.635651,33.093765,0.001078
525,231.989731,191.029663,22.470306,49.185883,0.000704
525,123.910187,111.881554,90.281281,191.439911,0.000642
525,399.127533,232.957657,15.498230,33.064468,0.000593
525,493.091675,225.801361,22.720703,47.163788,0.000284
525,520.884949,142.285767,125.899109,263.433990,0.000021
550,470.920959,167.785919,84.384644,184.951691,0.996826
550,397.229218,209.207962,39.859283,86.031967,0.952932
550,440.889069,209.206299,41.489471,89.285217,0.338203
550,414.369629,204.977844,40.713165,87.757812,0.245520
550,457.681030,197.221863,60.554504,129.256256,0.019257
550,142.309158,167.292892,41.203278,90.998703,0.019124
550,85.459351,140.296204,53.485886,115.021484,0.010773
550,455.099854,213.893387,32.858917,74.084702,0.007758
550,395.754242,186.943893,57.840759,121.268997,0.003759
550,171.243332,186.384827,24.532425,52.875198,0.002117
550,175.381668,196.219589,17.248871,35.804611,0.001275
550,562.726624,238.857315,38.814758,88.174301,0.000989
550,24.805075,169.901794,28.417612,61.562744,0.000919
550,126.388390,133.096588,60.792519,128.929993,0.000725
550,10.075346,169.695847,28.455286,61.445816,0.000490
550,59.035477,70.264465,80.939743,174.585922,0.000438
550,349.121613,223.534653,20.568665,43.697311,0.000413
550,189.498383,189.572784,16.173477,33.824234,0.000400
550,337.025024,222.386414,20.292450,43.758240,0.000370
550,510.277924,136.310822,107.962250,223.665558,0.000162
550,86.727219,103.849060,51.259918,110.632080,0.000158
550,77.502213,86.149574,49.292610,107.507469,0.000131
550,74.829971,71.092201,100.711060,212.781433,0.000121
550,365.248077,228.475906,16.534393,35.394608,0.000116
550,543.151733,198.049942,68.370789,146.143143,0.000097
575,391.718292,203.314880,44.951263,98.273193,0.992128
575,502.989197,150.394577,111.044983,240.239883,0.970099
575,460.171539,207.924942,45.485657,99.053391,0.933671
575,433.767639,207.856430,44.683167,93.871017,0.227075
575,108.910370,153.607468,50.196533,109.443710,0.083475
575,14.418821,164.291412,43.206375,90.711914,0.060337
575,22.492416,40.171288,53.347084,122.603859,0.023075
575,147.111877,144.724487,34.164917,74.878632,0.013928
575,1.000000,46.866283,98.178970,218.513809,0.013042
575,330.000153,210.742554,28.311615,61.241486,0.010017
575,407.320526,197.560242,56.974731,113.406708,0.009073
575,126.031609,147.377335,49.436470,107.626205,0.007121
575,424.097198,213.162430,36.571014,78.281509,0.004582
575,120.600822,161.759323,26.142479,55.716278,0.004063
575,344.675354,220.486221,23.218628,49.361679,0.001749
575,487.872772,160.317276,82.770294,175.786972,0.001515
575,11.952583,126.166046,61.055511,133.919922,0.001059
575,14.256607,75.504677,117.217255,252.179718,0.000152
600,453.721893,189.623901,55.856964,122.554565,0.990498
600,533.202332,190.200226,56.793091,123.817139,0.985583
600,34.837978,224.950516,26.873268,57.214615,0.961576
600,509.892365,188.976578,55.347870,120.857864,0.751729
600,105.723816,148.005890,50.628693,109.786499,0.319297
600,156.728729,148.698227,46.527878,105.408401,0.194074
600,449.853363,204.642883,17.075500,35.313248,0.014447
600,170.284485,142.538696,48.279434,105.489182,0.008234
600,361.293457,204.140671,33.719391,75.545456,0.003283
600,645.453979,217.521683,35.937439,76.940475,0.002424
600,366.881287,205.888504,21.177643,46.174759,0.001398
600,652.077209,216.639908,24.223328,52.701462,0.001100
600,448.150024,212.727234,20.449158,41.694305,0.000862
600,376.912537,212.496063,27.845642,60.668121,0.000794
600,395.879944,223.290085,20.479431,44.270950,0.000660
600,309.032196,191.910812,14.056305,30.318161,0.000641
600,10.910780,124.132317,71.162941,155.913696,0.000348
600,77.667046,88.211815,79.746361,170.535156,0.000112
600,99.220016,117.502274,42.959763,92.689133,0.000079
600,61.873150,152.811829,19.546352,40.091049,0.000066
600,16.845671,137.674713,45.213768,100.074799,0.000048
600,536.987000,133.886993,105.827637,221.891998,0.000016
625,516.843262,171.311523,75.350769,164.113892,0.995230
625,608.127930,172.751312,75.694519,164.021210,0.988737
625,573.351990,168.394608,72.285400,159.796066,0.929939
625,474.613647,207.699814,29.805450,64.975418,0.737149
625,156.561050,152.014511,51.323196,110.053665,0.663993
625,107.660126,143.690231,50.261627,109.821716,0.421812
625,549.616150,168.636490,71.000122,155.509659,0.308273
625,52.674660,139.803848,55.418022,119.686172,0.112128
625,166.568359,130.634445,60.894226,133.154434,0.077879
625,185.811478,147.549164,45.630692,99.010406,0.015402
625,32.755466,85.193939,83.188492,176.524994,0.010029
625,160.012650,182.357178,20.836517,44.700485,0.007534
625,68.055664,184.258606,33.449265,75.708862,0.006760
625,156.740601,171.632721,31.278656,67.719360,0.004453
625,396.816650,226.653549,21.715973,47.509232,0.004098
625,198.804779,147.388718,26.503250,59.419907,0.001777
625,113.425110,142.643463,35.353088,77.893387,0.001725
625,382.120941,225.344955,22.345764,48.203445,0.001153
625,71.646919,125.584053,67.969383,141.790527,0.000679
625,109.329453,103.073944,82.903809,171.524353,0.000238
625,222.647141,104.149406,18.052078,37.108757,0.000205
625,412.623535,229.113266,19.118042,41.251999,0.000153
650,607.547180,142.600281,110.383362,240.151947,0.994042
650,483.023163,222.854370,23.537140,50.859558,0.984503
650,93.090401,105.619247,68.746269,150.479446,0.928635
650,37.677349,135.192673,54.494579,119.078415,0.719986
650,1.000000,210.514008,35.249500,83.251373,0.501509
650,151.945724,138.308014,52.876495,118.049866,0.425768
650,512.783264,218.617447,14.783203,32.169235,0.294372
650,495.827271,223.088058,16.483948,36.585159,0.281825
650,139.020447,89.083748,78.233170,175.600739,0.016315
650,58.976303,110.563705,70.885635,151.181900,0.014781
650,142.168808,187.223404,14.758301,32.675964,0.007994
650,394.590698,221.282196,25.326477,55.348999,0.006260
650,526.219360,219.665054,12.392517,26.406555,0.005727
650,163.458084,183.493332,32.626877,73.122696,0.003058
650,5.295050,109.503853,79.694176,176.542267,0.002115
650,116.769310,183.497284,28.359398,62.821625,0.001735
650,124.470215,134.518570,47.655731,100.909790,0.001436
650,335.879730,173.584457,18.363373,39.383911,0.001088
650,219.848373,92.327118,18.471039,37.911850,0.000619
650,408.145508,221.646378,24.492401,51.699173,0.000553
650,399.756104,196.859894,37.667603,84.041718,0.000365
650,6.084534,122.922913,38.849491,82.641678,0.000286
650,390.626526,166.437302,65.114288,138.686356,0.000057
675,458.550171,226.631744,20.682343,45.958221,0.973219
675,445.015259,227.166367,24.779785,53.813309,0.955231
675,26.670609,99.337509,70.903053,158.030228,0.193565
675,96.387901,150.717850,49.479149,108.926865,0.176574
675,176.258072,184.727264,14.982834,32.300339,0.032844
675,78.297554,71.015739,84.613152,188.329590,0.031515
675,142.718399,79.763596,46.684052,107.742493,0.016915
675,50.384686,126.714653,54.594608,118.442223,0.015632
675,106.247696,63.964066,75.148483,166.739609,0.014884
675,528.907288,217.841110,14.767212,31.837479,0.010419
675,302.328430,203.367203,15.263000,32.692810,0.004078
675,69.345123,168.973480,27.836121,62.493393,0.002831
675,346.803375,225.039322,29.641510,63.772079,0.002747
675,227.031174,188.573502,15.502350,33.449326,0.002349
675,294.229279,198.851471,14.921051,33.223831,0.001222
675,159.964722,90.967262,17.552170,36.275215,0.001099
675,154.334564,85.746872,27.079910,58.210587,0.000905
675,544.570801,227.457504,14.634705,31.915665,0.000874
675,517.556152,218.559219,12.309082,26.677979,0.000868
675,352.243256,227.743118,18.791412,41.269791,0.000753
675,139.913666,80.680229,71.653290,155.753723,0.000512
675,29.805067,56.346973,54.277351,123.122269,0.000397
675,360.511292,227.776535,22.745483,48.991531,0.000199
675,367.155975,233.495071,15.695618,33.663437,0.000080
675,14.176155,73.565109,51.650642,112.681488,0.000060
700,346.466644,216.658615,26.069183,56.480026,0.431027
700,237.052124,217.914871,26.117889,56.815170,0.282109
700,360.024475,220.645905,20.833618,45.050995,0.065751
700,340.535645,215.027618,22.012268,47.961853,0.034352
700,178.367401,187.959793,14.367203,31.523605,0.029738
700,13.002630,58.870373,60.013809,139.418060,0.026915
700,243.254852,207.148407,32.485107,70.439240,0.014614
700,339.886810,203.667007,41.323242,86.611893,0.005140
700,385.348206,217.650223,12.127563,26.018051,0.004392
700,147.678802,167.863174,16.619003,36.539886,0.001092
700,265.914673,221.136383,22.305176,47.544952,0.000686
700,164.077316,184.285431,13.234512,28.541687,0.000662
700,260.174530,203.554764,32.657990,71.745224,0.000630
700,25.744446,53.806610,39.836945,96.353226,0.000553
700,367.124237,219.343765,14.860077,30.729431,0.000470
700,254.894943,228.171936,16.568130,35.829956,0.000468
700,612.749329,244.391525,12.348145,26.554916,0.000306
700,271.493652,228.442429,15.165283,32.917496,0.000216
700,221.876968,185.925568,53.666031,111.554871,0.000163
700,191.750366,189.368393,13.971878,29.218079,0.000107
700,218.273697,136.019333,83.909409,171.380081,0.000039
700,137.703674,159.916046,104.385223,218.398132,0.000025
700,184.361191,85.077568,125.499832,255.159393,0.000012
700,135.355316,53.345612,143.381409,252.842834,0.000010
700,179.972656,147.437027,81.990662,176.146133,0.000006
725,217.387421,231.273880,22.381393,49.691971,0.782389
725,102.586525,224.161850,28.928062,62.818069,0.291954
725,19.841921,189.188568,15.260408,34.131226,0.167624
725,212.241577,230.126617,18.880951,41.335449,0.015813
725,210.921890,222.028137,15.117874,32.729797,0.012680
725,220.456085,225.856506,17.924973,38.245056,0.006129
725,208.344131,215.590637,37.620743,81.891754,0.003212
725,108.154243,225.136047,19.592194,41.780182,0.002555
725,483.686493,251.743713,12.348267,26.870056,0.000786
725,640.187134,244.769135,15.208557,33.176117,0.000687
725,241.278778,233.811218,12.146149,24.739197,0.000339
725,195.362137,227.949707,14.059601,30.567993,0.000336
725,593.063782,244.022049,16.854187,37.291367,0.000257
725,3.841745,186.039169,13.291228,27.445297,0.000155
725,631.408875,216.241623,28.128113,60.167801,0.000143
725,258.543274,231.207123,12.353424,27.405792,0.000133
725,637.787537,221.423111,18.228455,37.971909,0.000095
725,30.475006,189.844162,13.302582,28.129410,0.000074
725,82.601372,184.621155,61.423561,127.466034,0.000072
725,128.420853,147.267624,99.036667,205.600967,0.000020
725,164.127182,183.461380,69.700607,141.477036,0.000017
725,62.988026,130.344666,103.806259,211.243561,0.000016
725,21.579212,111.125366,112.677231,237.148407,0.000004
750,111.043282,202.705688,32.946846,72.107849,0.961771
750,88.177101,200.987350,34.870537,77.299332,0.009840
750,255.960037,199.750824,15.103165,31.578278,0.004191
750,555.917419,207.081650,23.731812,52.598007,0.003017
750,96.414421,205.031601,16.007324,33.958572,0.002258
750,114.953545,204.959656,19.667458,42.584244,0.002223
750,566.925171,187.762299,31.975037,67.554047,0.001759
750,573.352173,209.949661,19.679077,43.729614,0.001259
750,551.293274,186.191406,34.598877,77.425812,0.001147
750,560.135681,224.874069,16.165710,34.328629,0.000972
750,559.507935,200.160843,18.730469,40.474442,0.000915
750,5.889060,190.119461,36.884846,81.244308,0.000837
750,572.012817,182.959106,22.283752,48.256332,0.000729
750,430.645752,229.476440,14.892700,32.672028,0.000570
750,642.421692,159.102859,31.795654,66.551224,0.000442
750,640.515320,171.536377,38.704407,85.032959,0.000219
750,304.850830,187.429840,14.870728,30.530197,0.000148
750,163.400314,214.092468,12.766861,28.546753,0.000106
750,630.442200,133.261093,57.092773,124.281937,0.000049
750,548.504578,153.175797,66.291870,139.377640,0.000044
750,610.164734,73.300774,94.672668,200.901825,0.000032
750,59.662712,185.070862,78.381935,165.695801,0.000031
750,1.000000,141.142334,80.027893,185.017670,0.000024
750,9.357375,96.141586,111.273354,261.135498,0.000010
775,74.922112,203.350647,36.149216,79.490051,0.781892
775,67.225708,205.711548,14.586632,31.806244,0.011924
775,575.958374,204.984772,21.799988,48.004044,0.005715
775,346.857422,181.061111,41.783722,91.918045,0.004698
775,86.885757,227.468292,23.508194,51.432190,0.004544
775,59.621162,196.410675,36.499084,81.972992,0.004215
775,581.027283,189.658081,29.761047,62.910263,0.003764
775,80.523949,217.991882,24.318970,51.141907,0.002537
775,589.287537,209.115585,17.930054,38.972046,0.002419
775,81.556915,205.248169,19.127098,40.992172,0.001829
775,91.195473,213.998322,18.885757,40.396866,0.000844
775,447.431702,234.291702,16.366241,35.308517,0.000643
775,587.878052,186.556183,20.671265,45.543686,0.000442
775,663.843750,145.692245,30.770569,65.768158,0.000336
775,571.410583,171.499374,51.367493,110.061295,0.000319
775,438.659271,216.402206,33.347992,70.246109,0.000168
775,670.008301,165.955063,18.026245,37.692139,0.000163
775,15.917285,44.408081,114.985428,228.177185,0.000098
775,332.848175,134.120255,82.285919,172.246078,0.000045
775,397.687469,106.951759,108.446625,224.127258,0.000013
800,39.066029,208.273834,45.089550,98.762146,0.640141
800,156.542099,200.291611,25.184494,55.768204,0.294435
800,36.511597,215.886536,15.857243,34.230270,0.095458
800,53.201351,228.041138,29.575703,63.214691,0.006787
800,30.317263,208.683319,37.422379,85.809082,0.003908
800,33.898281,224.199554,17.997715,38.875732,0.002932
800,158.390045,194.903625,18.681015,39.397705,0.002595
800,353.433075,184.063324,43.618805,96.890869,0.002539
800,34.576977,206.206711,15.607010,33.426758,0.002225
800,48.736111,215.343704,21.242214,44.142624,0.001922
800,148.078583,193.305359,39.222855,83.751709,0.001586
800,49.793236,210.576950,16.506523,33.626358,0.001082
800,21.471943,170.722687,67.813995,139.813721,0.000624
800,466.265778,253.309769,13.429413,29.232986,0.000572
800,486.418030,216.245255,42.027039,91.360886,0.000556
800,466.907990,125.237808,101.621002,209.816299,0.000430
800,60.485199,218.216507,18.352974,36.975723,0.000392
800,624.920776,176.474503,41.292114,92.067398,0.000271
800,79.663689,231.158234,13.184235,27.952179,0.000161
800,386.925415,124.791367,96.148926,205.612259,0.000143
800,22.180525,185.300827,37.277664,80.700302,0.000099
800,6.789080,53.099434,102.791435,235.659637,0.000097
800,356.039062,155.977722,75.373383,159.245697,0.000085
800,493.443817,247.595428,25.886505,57.029205,0.000040
800,601.702637,124.520584,81.456848,173.978165,0.000036
825,3.849510,203.515396,44.011421,96.364426,0.878469
825,41.158298,194.196747,19.037388,41.078659,0.543483
825,19.379747,189.639877,45.387894,97.386459,0.034771
825,32.934063,195.588303,21.844383,45.550980,0.023824
825,513.839294,260.818909,12.682068,28.236969,0.015220
825,10.006680,207.417068,29.277515,62.817886,0.001966
825,22.510557,206.722763,29.262491,63.503311,0.001304
825,26.420372,232.716888,24.528263,53.133881,0.001144
825,13.155213,239.285645,25.598190,56.162750,0.001116
825,388.629242,180.662872,44.405823,95.108002,0.001092
825,1.000000,212.955658,19.882629,51.649017,0.000941
825,42.680485,217.475342,20.336796,48.118134,0.000157
825,364.858887,80.701019,119.264252,251.881012,0.000113
825,598.317566,241.233566,23.387390,49.267685,0.000101
825,31.177223,214.281296,17.766598,36.476730,0.000092
825,389.102753,160.288300,70.276367,155.902710,0.000086
825,594.793640,248.513611,15.930847,34.287354,0.000053
825,530.734741,101.765953,106.001709,223.927185,0.000021
850,36.988239,177.603210,21.943439,47.251663,0.994607
850,1.000000,185.386337,44.749348,109.147018,0.460089
850,29.362770,172.795670,32.168205,69.429581,0.039850
850,13.679237,166.523376,53.746208,117.309021,0.029464
850,130.250198,179.564804,20.879868,44.893036,0.021839
850,8.846753,225.178223,35.631145,75.797150,0.009085
850,133.394714,176.857071,14.807358,32.814087,0.006963
850,433.626434,178.673050,46.785522,104.590500,0.005049
850,207.449875,200.410690,15.201950,32.667480,0.003306
850,141.438736,185.372177,15.303406,31.748871,0.000930
850,19.514578,243.556183,26.111826,53.668060,0.000842
850,1.000000,212.790924,23.949709,70.159698,0.000664
850,606.613342,261.428894,14.340271,30.508209,0.000516
850,1.000000,196.356354,20.228704,54.922852,0.000285
850,20.875683,210.657394,30.008255,66.235550,0.000255
850,369.355438,198.582977,15.915588,33.585602,0.000247
850,386.734100,138.192917,84.646667,180.354111,0.000150
850,178.776764,211.125839,14.072540,30.752853,0.000142
850,417.154388,245.692108,16.185791,34.575165,0.000137
850,552.424438,102.877411,94.011292,203.247467,0.000120
850,408.386536,179.499084,75.248505,158.923981,0.000097
875,69.746559,180.723114,19.597290,42.851318,0.978702
875,133.625885,182.225159,18.586868,40.851608,0.717716
875,140.648270,183.709534,15.902328,34.949921,0.716563
875,1.000000,174.950684,52.279942,139.484924,0.639853
875,136.672760,177.634369,23.845734,52.573944,0.188347
875,395.082642,198.052704,19.495239,42.846741,0.086110
875,583.702637,237.095306,39.242798,85.220428,0.070979
875,13.708654,255.244141,27.153177,59.973846,0.017975
875,384.163788,193.264740,24.078705,51.678421,0.009352
875,461.722504,175.131683,49.970367,111.306427,0.006323
875,643.299133,211.032852,37.989380,79.443649,0.003778
875,564.054443,166.281326,77.124084,162.183792,0.000871
875,492.586121,178.343887,46.704956,103.811478,0.000732
875,365.487610,194.551575,20.539734,44.725967,0.000567
875,1.000000,205.388962,22.117798,63.850784,0.000409
875,481.979156,164.334167,69.147308,151.814240,0.000264
875,614.144653,123.365753,85.146851,182.921326,0.000166
875,540.477478,115.222908,110.853088,234.020203,0.000078
875,336.409668,113.130615,98.118225,202.952759,0.000060
875,499.096802,122.732697,95.722900,204.750214,0.000047
900,142.685577,153.682205,17.415863,37.941940,0.990664
900,170.038681,153.004562,19.762955,42.053970,0.989707
900,97.772652,157.154205,19.546295,42.939529,0.989107
900,428.338562,180.418793,25.749054,54.862778,0.129386
900,109.451805,149.842941,23.730492,51.493347,0.064240
900,129.285568,152.633026,16.295471,35.367630,0.027704
900,166.269745,153.963593,16.065765,35.070068,0.016650
900,515.687134,136.587265,78.778015,170.989365,0.014380
900,417.959045,176.106766,51.374115,113.816910,0.013867
900,564.994629,146.653946,59.478516,129.649826,0.008883
900,538.950317,152.349106,49.239136,106.736191,0.005326
900,558.061951,113.543304,88.775940,195.829926,0.004326
900,566.032288,150.487915,36.729309,82.332275,0.002177
900,231.260071,147.147171,35.989441,75.316620,0.000967
900,565.398560,79.334885,120.929138,258.448792,0.000789
900,589.480164,190.265976,47.385193,104.620743,0.000563
900,239.572021,149.406677,18.876038,40.165115,0.000293
900,39.474495,113.479088,39.467422,88.125801,0.000275
900,572.441895,159.640076,24.695862,53.510117,0.000226
900,481.718262,120.468681,107.125244,233.081909,0.000212
900,25.459644,106.674828,68.941833,154.829773,0.000087
925,110.250443,171.268570,23.055695,49.915863,0.989769
925,142.230331,165.902390,17.143951,37.064407,0.782680
925,125.024010,165.817505,20.704842,45.630875,0.772146
925,458.882202,194.873993,25.817474,55.955643,0.656723
925,155.222763,163.961853,17.302399,37.919861,0.010612
925,337.478912,184.484833,15.373779,33.066177,0.006910
925,453.418732,188.069443,42.049500,92.550613,0.005947
925,113.636131,164.594666,16.487556,36.304092,0.005903
925,99.944969,164.290771,21.370293,46.148651,0.004172
925,159.122620,159.752670,13.441910,28.824097,0.002827
925,570.523926,163.550018,56.453186,122.057922,0.001965
925,554.226013,125.235710,87.906433,192.555573,0.000700
925,511.814362,82.542336,120.341827,259.479279,0.000351
925,437.789185,159.699371,61.214844,129.675873,0.000097
925,484.784210,103.066101,103.937347,224.927338,0.000075
925,108.553177,147.218918,45.750916,89.703522,0.000072
925,465.342285,171.090103,62.852417,135.554611,0.000042
925,54.771557,115.948196,71.978775,154.346909,0.000028
925,625.988892,328.702545,10.927429,24.012787,0.000024
925,410.916565,86.740234,106.312195,220.246948,0.000022
925,89.605141,137.946945,55.301109,118.277939,0.000015
925,19.404224,112.014824,102.839890,220.949890,0.000014
925,625.477417,122.616005,88.530151,214.010162,0.000010
950,98.719154,163.840546,24.354645,52.365555,0.764745
950,75.281105,159.951965,19.312637,42.217728,0.404166
950,440.054901,175.596741,23.125183,49.330322,0.355218
950,467.051605,193.177841,24.493744,51.910492,0.342551
950,66.197830,158.246414,16.343407,34.796906,0.329484
950,252.776642,173.013702,18.110107,39.658524,0.268923
950,53.605473,150.442917,18.392895,39.906235,0.101294
950,466.549408,186.428345,34.654358,76.163635,0.013125
950,60.400700,149.763092,26.209682,54.327896,0.011626
950,175.210587,157.331619,13.585236,30.536804,0.010557
950,107.977425,169.091202,16.718552,36.441788,0.009353
950,589.554382,121.243027,89.761658,198.542465,0.007299
950,435.285736,176.122955,32.800293,71.710403,0.006100
950,475.896301,190.911819,17.743927,36.948761,0.003262
950,593.068542,133.083420,39.338867,85.545120,0.001366
950,87.376907,143.047882,38.905807,82.981049,0.001232
950,165.293274,164.162384,13.542694,29.576553,0.001150
950,271.188446,169.699677,16.237244,34.767761,0.000470
950,280.099579,159.769836,36.156677,81.445084,0.000265
950,284.091553,161.018631,25.183807,55.089966,0.000241
950,463.229370,173.799866,52.020203,120.468323,0.000213
950,586.459106,92.312965,66.723022,141.893463,0.000123
950,58.448349,120.790924,60.270576,121.181137,0.000037
950,574.680420,47.071392,107.070068,211.520554,0.000026
975,190.625565,144.587250,22.071350,48.415726,0.985530
975,82.097763,140.866272,25.624001,56.706696,0.983670
975,234.374908,152.191803,17.470566,38.283859,0.974882
975,61.290459,129.188477,16.739861,37.064255,0.867662
975,54.218948,127.030807,17.607338,38.346848,0.741312
975,476.372711,172.829239,24.966919,54.610168,0.157133
975,197.238876,150.774139,23.262711,50.384232,0.013531
975,181.696594,143.775726,14.141312,32.353638,0.007440
975,76.708626,115.432266,41.397682,88.609451,0.005275
975,631.578857,114.528267,24.483215,54.285927,0.004524
975,205.203110,150.748550,16.856705,37.230713,0.002005
975,616.342102,115.254089,37.871094,84.500687,0.001160
975,90.407722,125.661293,23.823395,50.471840,0.000283
975,504.288452,56.400642,125.789368,271.334656,0.000215
975,449.227844,99.753876,68.771729,150.547409,0.000126
975,609.731079,98.617767,62.142090,130.809052,0.000125
975,551.065125,48.142357,120.193115,264.535400,0.000121
975,436.267273,68.952202,99.549561,210.472290,0.000118
975,55.532242,79.428123,68.711472,139.758453,0.000094
1000,69.760254,135.244202,31.192436,66.626007,0.992024
1000,102.216446,140.660065,21.091385,46.031754,0.970917
1000,482.628693,172.858932,27.881470,60.648727,0.914548
1000,221.677277,155.503708,20.458374,44.789948,0.832774
1000,640.617615,124.487671,15.430969,32.847931,0.014377
1000,191.066376,138.240585,16.026718,33.820953,0.013161
1000,678.633484,124.428871,26.627197,56.708229,0.009815
1000,667.429382,122.094368,25.187561,55.639641,0.009308
1000,66.981331,79.206184,60.371155,128.460327,0.006529
1000,654.406128,123.573326,23.054382,50.686699,0.006357
1000,93.028130,122.426628,37.928398,79.177391,0.006002
1000,472.387756,171.121078,44.647949,96.945877,0.005243
1000,213.784363,161.313309,16.122864,37.208054,0.003828
1000,636.242859,125.118454,21.713623,47.158234,0.003042
1000,186.830734,133.525421,22.974121,49.300629,0.001871
1000,685.902588,132.412216,16.843750,35.524094,0.001836
1000,490.772461,174.413788,18.564423,37.712387,0.000450
1000,36.023869,60.858585,93.576050,190.465591,0.000038
1025,78.312080,134.893814,32.427696,68.919464,0.991729
1025,111.585815,132.645859,19.784775,43.555664,0.981338
1025,211.404312,129.302139,34.686127,75.565933,0.964383
1025,504.067047,169.474884,38.448822,83.323883,0.796266
1025,119.087021,134.314636,18.498245,39.353867,0.094012
1025,498.343445,181.824890,23.877747,51.680069,0.022467
1025,517.847961,176.625717,24.834290,51.424698,0.015004
1025,221.230347,158.672470,21.132843,46.707199,0.009745
1025,509.127167,185.835938,25.177032,51.457596,0.008572
1025,93.118118,137.465271,19.130653,40.970764,0.002622
1025,125.985756,137.815506,13.792747,29.152725,0.002559
1025,494.623138,158.523010,57.024017,125.431671,0.001987
1025,420.302063,176.171768,32.836212,70.291473,0.000547
1025,564.069519,54.521561,138.155151,264.614075,0.000059
1025,189.726700,75.123772,72.882858,145.475677,0.000059
1025,256.979828,91.221336,88.007507,181.976379,0.000054
1025,388.622620,89.134430,98.052460,201.268463,0.000016
1025,54.123917,100.944183,72.283928,145.356171,0.000014
1050,87.161560,137.591324,31.906471,68.473724,0.985900
1050,221.880310,153.414978,24.147858,51.900787,0.957072
1050,531.331726,166.073212,47.248962,101.396118,0.934478
1050,153.270096,142.878174,18.780045,41.172058,0.449067
1050,97.680138,143.279694,25.515640,54.931152,0.032402
1050,256.024811,142.491119,16.407623,35.046463,0.028695
1050,546.136841,171.350906,32.567749,72.489853,0.027342
1050,524.321350,177.651672,29.740479,62.837753,0.006507
1050,257.845215,160.808487,14.000244,30.444427,0.002356
1050,537.127380,167.014496,30.360596,64.086319,0.002307
1050,249.841370,140.714981,26.795563,55.470047,0.001215
1050,132.859161,71.567879,55.071014,118.014030,0.000348
1050,239.065933,163.205658,15.090515,33.253860,0.000264
1050,555.027466,180.908371,21.826538,43.330597,0.000174
1050,101.759766,73.931831,67.945435,144.926392,0.000152
1050,502.435150,142.467026,74.313873,145.252457,0.000099
1050,69.403458,88.906120,81.885086,168.873505,0.000030
1050,199.549957,109.824272,59.766693,121.383522,0.000010
1050,286.062103,97.200615,82.501892,173.643738,0.000009
1075,572.659973,155.959061,53.310913,116.686417,0.989517
1075,86.288940,125.225662,38.074501,82.752365,0.984899
1075,543.119690,155.662735,54.295349,118.818741,0.862928
1075,207.164444,147.981583,24.322830,53.207962,0.795116
1075,188.147522,142.463669,20.430786,44.241379,0.334110
1075,216.128036,156.951859,19.431595,42.701202,0.292653
1075,539.549133,185.408173,40.421265,88.942291,0.011400
1075,585.107544,196.505081,33.960876,74.861160,0.008325
1075,578.609619,157.090378,37.180176,80.659882,0.006361
1075,181.343887,67.552261,60.875916,131.830154,0.001953
1075,290.995605,147.635559,16.709320,35.503983,0.001636
1075,200.608200,122.768349,33.565506,71.190895,0.001079
1075,514.986816,80.735992,107.037476,214.996063,0.000707
1075,284.261108,125.017738,28.625244,61.525627,0.000280
1075,191.448120,56.074627,77.596313,161.175888,0.000072
1075,139.265640,52.249702,64.504578,140.966827,0.000061
1075,308.415222,72.276344,94.495422,197.606720,0.000050
1075,280.712036,69.353920,73.025269,154.679626,0.000039
1100,72.978539,128.058884,39.348457,85.927872,0.983917
1100,188.832916,144.864944,31.976715,68.368240,0.804891
1100,562.462585,156.628052,62.960327,133.747711,0.429740
1100,225.035110,147.830917,21.617737,47.910049,0.371695
1100,590.398499,167.643066,60.746948,130.571045,0.073582
1100,319.579224,148.914398,20.426575,43.430954,0.020290
1100,236.977432,152.145294,16.993515,36.117538,0.005074
1100,565.172607,157.356415,40.647095,93.244324,0.004386
1100,612.718628,227.514557,29.519958,65.954315,0.002244
1100,170.369385,97.253700,54.800964,120.678246,0.001952
1100,572.501404,91.232933,109.204956,225.808777,0.000836
1100,325.381897,153.982941,24.756836,53.504318,0.000729
1100,497.512054,129.242447,25.185760,55.374512,0.000557
1100,205.584213,72.993759,58.865128,128.725784,0.000504
1100,619.161011,246.217651,19.900452,46.051117,0.000426
1100,373.160217,107.931633,74.327271,156.654205,0.000241
1100,506.659088,125.347450,19.541840,39.965141,0.000198
1100,385.883453,163.222275,40.625519,91.455673,0.000120
1100,26.107639,83.472473,93.129181,181.855194,0.000068
1100,490.033112,92.485703,58.408234,126.605835,0.000018
1100,318.353485,103.397858,62.825958,132.251709,0.000011
1125,571.923279,142.080307,81.480469,178.318100,0.994554
1125,131.185287,148.945969,33.053833,71.100372,0.977374
1125,547.807617,151.836517,73.835754,163.451538,0.713273
1125,18.521418,128.883347,38.181602,82.256180,0.489452
1125,236.593887,154.689575,24.971115,54.658844,0.038828
1125,247.391357,158.380447,21.239136,46.005768,0.037452
1125,332.994293,162.457214,19.437286,41.655228,0.019423
1125,240.180161,159.636566,17.317337,36.334961,0.005911
1125,324.322937,157.739716,20.809082,45.000717,0.005795
1125,8.561440,112.330605,66.888397,150.780273,0.002055
1125,554.099670,188.599365,29.706848,60.387558,0.000667
1125,403.931549,118.769127,78.080292,165.020538,0.000280
1125,222.537231,119.093094,47.978577,100.182846,0.000258
1125,209.583557,63.162140,63.721008,141.129105,0.000186
1125,417.369110,182.036163,41.353668,90.926666,0.000055
1125,17.718294,87.762085,107.726768,227.116058,0.000043
1125,226.769089,104.645317,38.068314,78.092033,0.000035
1125,116.165115,98.364174,73.814911,153.105164,0.000023
1125,164.552902,51.268002,85.276703,173.686600,0.000012
