25,644.021606,203.867905,30.590515,66.499008,0.981076
25,652.235413,207.346069,20.172302,41.695374,0.006025
25,643.535950,206.736618,21.065674,41.469223,0.002450
25,669.595215,54.908993,41.235901,91.673111,0.000713
25,671.328491,217.292068,12.724304,26.326828,0.000700
25,660.395569,214.422607,24.738525,50.391907,0.000628
25,570.768799,215.197739,23.433655,50.422165,0.000519
25,625.866272,209.745255,27.079895,64.046524,0.000506
25,678.184814,70.522713,27.638550,58.700905,0.000305
25,688.050903,54.202427,29.699036,98.037552,0.000234
25,576.087036,224.928268,15.591614,34.918137,0.000137
25,607.332336,33.102139,105.423035,217.104492,0.000130
25,700.016663,76.616486,19.983337,53.370987,0.000097
25,668.713928,224.299805,15.313721,34.724884,0.000089
25,665.539429,24.704077,49.873901,186.519135,0.000038
25,694.842102,220.785522,24.882812,88.996552,0.000030
25,674.226257,163.419540,42.350647,183.988876,0.000025
25,671.999207,239.050934,46.768677,217.782745,0.000018
25,177.887146,228.753265,13.063538,28.707001,0.000018
25,174.295044,210.626190,18.681381,41.229858,0.000009
25,481.419006,123.547920,113.331055,236.741974,0.000009
25,670.597473,340.492554,48.478149,220.669373,0.000008
25,534.767822,99.305916,108.963379,229.695374,0.000007
25,167.013031,185.044281,31.944656,69.961395,0.000007
25,550.189758,65.067566,140.710632,291.078278,0.000004
25,335.180511,133.899948,91.230621,190.543839,0.000004
25,300.465240,105.071922,95.982239,199.045044,0.000003
25,383.276733,47.560665,97.963654,208.904449,0.000002
50,402.875122,197.747910,37.165497,80.760971,0.982729
50,477.345886,181.186066,46.159790,99.449799,0.982180
50,420.784637,207.509399,25.261597,51.555786,0.001325
50,496.115417,194.960052,33.909180,69.608734,0.000623
50,481.333496,198.775635,20.894257,43.097427,0.000481
50,488.325745,220.652908,28.263123,58.682999,0.000469
50,564.072632,190.218018,36.500732,81.376038,0.000355
50,490.380310,200.096680,26.466187,55.836151,0.000343
50,466.024170,188.523987,37.144226,83.647766,0.000300
50,388.199097,169.920792,62.877625,126.813248,0.000280
50,553.945374,195.769730,33.260925,75.927963,0.000140
50,576.092834,188.760483,37.574768,83.054245,0.000096
50,513.829590,191.076691,36.586670,80.735321,0.000081
50,548.468567,132.248322,75.800415,157.257751,0.000032
50,452.987946,128.142227,88.946747,174.167252,0.000022
50,232.620758,62.683216,131.538361,276.902771,0.000011
50,501.381989,163.415665,66.953278,135.592117,0.000009
50,449.437042,212.025513,15.607727,33.925690,0.000009
50,501.832916,114.586899,105.325409,212.061203,0.000006
50,308.796265,73.021378,113.857025,237.004593,0.000002
75,74.779762,198.215973,46.335312,102.133942,0.992247
75,22.124805,185.245819,54.045277,116.193207,0.986256
75,453.439941,196.188995,45.052063,98.192780,0.971018
75,43.839123,196.917389,43.927952,95.372467,0.322095
75,15.864835,190.698166,40.652958,92.937973,0.032316
75,577.478699,237.673340,13.363464,28.337189,0.006837
75,78.376343,208.653244,29.135239,62.852982,0.006031
75,57.275997,218.822601,27.433552,55.751404,0.002238
75,562.259583,68.580078,91.319031,201.588745,0.001908
75,602.653015,237.135056,17.618408,37.733109,0.001647
75,378.332611,66.402718,102.933563,221.359711,0.000715
75,596.350769,235.735779,13.226929,28.472839,0.000496
75,60.170704,212.950424,21.758045,41.201431,0.000244
75,199.288528,209.514740,34.588638,78.700378,0.000143
75,426.264587,180.272659,61.204895,123.857773,0.000126
75,433.057404,129.006653,92.336517,188.285278,0.000047
75,182.531036,209.187454,34.386932,76.468399,0.000028
75,395.515076,94.032272,119.169922,242.533707,0.000013
75,372.509827,135.089264,96.849884,196.865814,0.000005
100,397.654938,242.952103,15.649689,34.282333,0.557411
100,369.777771,238.774582,15.478973,31.850571,0.007148
100,184.962784,200.492432,54.135345,115.658508,0.002824
100,366.544434,238.110779,21.862152,47.165405,0.001855
100,433.822388,245.070511,14.485596,30.602707,0.001680
100,347.887085,68.054108,93.966766,207.597382,0.001328
100,153.890594,246.061646,32.297989,69.390869,0.000691
100,387.740448,238.176041,13.743622,29.801498,0.000516
100,190.726303,212.313034,25.641830,53.236191,0.000482
100,196.736038,220.199524,35.505554,74.986572,0.000433
100,592.785156,234.949783,15.242126,32.906418,0.000342
100,578.867188,245.526901,13.534973,29.789291,0.000297
100,418.610382,247.913818,11.804474,23.721649,0.000251
100,203.080521,203.481659,24.789871,53.097504,0.000219
100,417.517761,240.034653,11.824127,25.538773,0.000166
100,662.675171,222.010376,34.795776,76.544586,0.000148
100,668.402771,236.777878,23.726318,51.664780,0.000113
100,163.791718,219.388077,40.055161,90.680984,0.000085
100,672.765320,246.186707,16.080750,34.249695,0.000042
100,136.567307,53.319229,119.484390,251.664627,0.000025
100,192.689438,188.237457,85.299820,177.952515,0.000007
100,215.833069,106.092964,127.055511,259.699860,0.000006
100,140.513138,181.905930,78.612473,157.849838,0.000006
100,276.110199,87.595055,124.394592,261.565613,0.000004
125,35.316025,193.939850,49.268105,107.301697,0.970355
125,341.726807,234.446548,15.801575,34.953262,0.943866
125,379.154205,235.654251,16.924103,37.148270,0.909301
125,374.710083,235.839432,13.219116,28.094528,0.091371
125,312.100677,128.855026,67.515503,143.647903,0.008540
125,283.137238,59.262566,103.440002,219.480377,0.006238
125,45.956791,200.155212,25.336132,51.977798,0.003544
125,60.019047,258.646881,26.789860,60.263641,0.001515
125,69.012062,255.151947,29.271797,67.514740,0.001174
125,417.206177,234.543762,12.767578,27.092926,0.000721
125,402.941895,236.187271,11.429413,23.707016,0.000520
125,307.538391,234.738708,15.514069,34.009796,0.000436
125,304.592926,240.723419,20.350739,41.100189,0.000246
125,324.840881,123.000420,44.899109,104.526863,0.000202
125,321.332977,237.257904,12.837128,26.363434,0.000142
125,673.023438,163.900711,44.922058,189.066696,0.000040
125,501.145935,79.705368,114.438354,234.329819,0.000032
125,530.196106,248.589691,12.754333,26.801422,0.000028
125,546.982239,247.992767,12.898438,27.528168,0.000025
125,560.256226,245.307541,14.320190,31.000992,0.000024
125,180.166473,94.102440,114.399384,237.542511,0.000014
125,556.014404,227.942734,20.430115,45.206406,0.000013
125,231.576538,98.617485,123.341187,261.594177,0.000009
125,560.415588,235.514450,13.764282,29.865005,0.000009
125,327.139893,207.777054,55.481934,112.348434,0.000006
150,400.331970,240.430054,14.648804,32.481018,0.815550
150,435.748108,243.118607,15.435974,34.044479,0.697221
150,368.692444,239.162170,16.891968,36.925873,0.040475
150,397.671967,239.602570,21.707214,45.933838,0.003217
150,363.303162,235.718567,25.610535,58.395905,0.002502
150,430.137451,239.975983,23.535858,49.171417,0.001406
150,86.873672,257.518585,33.596352,71.280823,0.000930
150,2.385757,197.548111,14.571159,33.978729,0.000711
150,340.726959,50.489025,113.500641,245.241196,0.000686
150,15.774487,199.486069,14.313312,29.827866,0.000630
150,417.701294,240.086472,12.695282,27.982498,0.000566
150,105.340614,276.040283,24.712776,56.108551,0.000385
150,447.060913,248.055435,12.494507,25.672501,0.000265
150,387.450897,245.737183,13.618439,28.888489,0.000132
150,667.478638,76.217865,50.629517,209.613098,0.000095
150,83.818298,213.472992,60.897324,130.901154,0.000073
150,467.725616,246.993881,11.921570,25.553726,0.000064
150,483.447174,248.453323,12.010773,26.259415,0.000058
150,358.971741,243.038193,33.418640,76.585159,0.000050
150,2.679154,182.478195,23.167057,78.311386,0.000048
150,221.178162,77.475922,119.703247,251.007782,0.000046
150,671.394714,166.762222,45.513000,186.139847,0.000033
150,609.522522,91.695190,100.653564,215.987701,0.000028
150,345.268890,186.499771,65.070892,132.036636,0.000010
150,105.576767,72.599770,104.670654,224.986969,0.000008
150,295.655273,87.907196,118.200439,248.930878,0.000007
150,42.268192,150.686676,94.608276,197.731079,0.000007
150,1.873375,123.502777,46.091022,170.014130,0.000002
175,530.584961,242.219269,15.889038,34.702759,0.982389
175,2.040423,190.198547,78.976189,175.299438,0.951572
175,491.220551,239.207108,15.802460,34.700302,0.940540
175,579.018250,250.817596,11.930908,25.713776,0.850443
175,463.194275,244.359375,19.318848,40.484314,0.054216
175,6.306824,236.809326,54.440342,119.387054,0.007181
175,566.619385,250.227493,11.517212,24.175369,0.004193
175,22.995598,187.789185,39.460976,84.820679,0.003439
175,34.509476,260.908478,41.476059,91.254395,0.003107
175,141.821487,191.651688,25.203934,54.111862,0.002777
175,485.509918,238.410416,13.007202,28.136337,0.001459
175,544.569763,248.642624,11.885498,23.622391,0.000765
175,564.340088,243.767303,11.827820,25.866455,0.000658
175,146.001007,196.964172,17.968369,36.782593,0.000457
175,515.951904,239.933105,11.818481,25.952515,0.000424
175,27.420034,218.339798,62.358498,131.966049,0.000293
175,128.709595,174.697678,77.379700,167.268478,0.000212
175,43.251343,291.337494,27.095192,56.457001,0.000171
175,15.530718,300.071869,22.800707,46.313324,0.000146
175,21.722889,153.263519,37.640118,80.942078,0.000054
175,591.932983,251.163177,11.342957,23.319275,0.000049
175,437.532288,46.881416,122.139771,253.727295,0.000038
175,391.659546,104.984749,115.313293,240.068329,0.000019
200,187.220886,192.210999,67.600525,146.591492,0.816631
200,660.373779,324.856293,29.937134,64.503632,0.050106
200,658.564697,335.164795,21.014038,45.113007,0.016110
200,195.639252,202.925369,47.315796,98.176285,0.007978
200,668.009766,330.173157,19.092346,40.159363,0.003379
200,677.622437,333.074310,25.232361,54.018921,0.002582
200,210.910629,202.423752,53.463547,119.398636,0.001412
200,195.695740,192.305603,100.149017,204.833893,0.001187
200,240.654007,221.205963,81.100998,168.535248,0.000630
200,262.356537,274.662445,40.236267,94.624756,0.000483
200,188.560394,279.016510,40.730484,91.559143,0.000474
200,219.407303,236.178772,21.572479,47.136902,0.000453
200,267.482574,258.137817,61.821869,132.930481,0.000423
200,240.446320,248.529297,13.873444,30.069061,0.000345
200,277.211304,284.306122,39.116089,93.324768,0.000218
200,189.997665,306.523071,27.653503,60.734955,0.000149
200,282.148743,319.480133,28.228455,61.845367,0.000089
200,193.211182,304.425903,19.851685,43.315491,0.000080
200,151.684906,156.577255,104.810272,220.315781,0.000075
200,238.663696,229.520218,14.943665,33.784042,0.000058
200,643.670654,274.086578,65.965393,139.371094,0.000036
200,358.672699,54.739548,113.026794,239.526413,0.000018
200,198.497971,157.283707,33.925201,76.174652,0.000011
200,175.509384,114.589821,83.953598,168.303680,0.000008
200,5.816090,62.094032,89.527740,185.274017,0.000005
225,331.006653,182.950027,90.773926,199.397995,0.985699
225,623.491150,236.381989,27.567505,60.743530,0.888773
225,682.935669,246.099319,16.590820,36.273270,0.688637
225,266.859039,177.179977,81.645660,180.057571,0.017739
225,362.113342,258.172363,54.158173,116.638489,0.010597
225,271.851532,195.873001,52.132599,120.260727,0.010546
225,658.272888,248.274597,13.282471,27.765472,0.005965
225,109.065216,336.461884,21.994324,46.478088,0.003906
225,635.915710,239.351212,18.725830,38.329544,0.003234
225,100.296822,339.926727,19.131042,41.352814,0.001933
225,97.908806,332.401367,27.201218,59.609222,0.001577
225,341.050354,272.038116,44.317444,97.949493,0.001242
225,98.154358,313.238556,44.976364,97.749969,0.000268
225,281.960266,196.242371,24.526703,53.463959,0.000253
225,308.025879,260.176819,42.066162,90.385864,0.000223
225,612.828613,198.599670,56.390442,119.490906,0.000186
225,324.945557,280.235779,36.464813,80.142609,0.000185
225,116.100388,327.225189,30.367065,65.679504,0.000171
225,343.578766,157.801315,126.740234,258.904114,0.000137
225,534.756165,88.317055,125.767517,268.660858,0.000025
225,460.468750,75.814972,122.165100,259.521973,0.000022
225,330.324036,91.137070,99.623993,209.257767,0.000013
250,482.158752,201.358093,88.268066,191.478363,0.997442
250,679.653137,241.023407,26.445007,58.180664,0.015696
250,670.850830,240.861496,24.628418,53.200729,0.010516
250,499.509125,195.242355,57.555389,128.053207,0.003202
250,54.975796,281.760010,37.920429,83.014435,0.000472
250,370.766693,286.963287,34.871857,77.464386,0.000384
250,330.717651,195.436646,22.898346,49.528229,0.000375
250,335.339478,201.110229,15.847382,33.483170,0.000302
250,509.082184,277.980713,49.567230,109.262299,0.000190
250,541.775452,244.852936,18.016113,39.115814,0.000177
250,506.991425,321.181183,29.106110,60.091919,0.000166
250,542.226074,260.012787,17.760559,40.032654,0.000125
250,74.294167,307.899323,23.653732,51.635529,0.000095
250,535.599121,269.048401,27.216736,60.239716,0.000075
250,660.461487,198.758362,54.688293,139.290192,0.000065
250,313.908813,154.800232,102.775116,211.533691,0.000052
250,542.450745,275.585876,18.031372,41.202698,0.000051
250,558.464478,293.441559,14.561951,35.141388,0.000050
250,542.435303,290.829193,18.521729,42.561066,0.000029
250,467.449829,88.170708,134.977600,285.338715,0.000028
250,542.589111,306.777893,18.180298,41.821289,0.000027
250,559.168884,58.570789,127.767517,260.532562,0.000022
250,604.818420,126.004089,107.666077,224.484711,0.000010
250,522.510498,220.880646,23.169006,53.789215,0.000003
275,614.067078,188.520279,92.816345,204.138901,0.994995
275,642.461487,248.168793,56.418884,129.504669,0.000778
275,133.038849,295.898712,32.843216,70.719269,0.000680
275,571.436829,82.084084,144.558716,311.350525,0.000634
275,685.580933,294.534515,14.924988,36.403625,0.000602
275,635.456238,191.702423,52.643799,120.241180,0.000512
275,684.964478,309.752350,14.449585,33.783447,0.000463
275,122.608109,289.130341,33.770981,74.873077,0.000439
275,679.405762,285.731689,25.525635,55.755432,0.000281
275,687.786255,281.310455,14.394165,32.847260,0.000224
275,687.674377,265.223694,14.528992,31.512299,0.000161
275,457.165283,307.310089,26.489532,60.323334,0.000153
275,122.297173,273.420990,53.702980,110.141449,0.000117
275,626.673889,260.225006,17.233093,39.978424,0.000105
275,627.091919,275.959961,15.792542,37.252014,0.000050
275,639.712097,143.399551,45.821716,101.294815,0.000017
275,658.651001,271.132324,36.705261,80.845123,0.000014
275,376.675812,125.267197,120.566010,254.302658,0.000012
275,662.749207,51.471367,53.439270,212.738068,0.000009
275,632.669800,264.018005,33.052185,64.152069,0.000007
275,462.674103,76.519722,93.747833,199.384552,0.000006
275,670.111328,288.570648,19.453491,44.711761,0.000006
275,669.623901,272.114685,20.054443,44.622162,0.000005
275,440.063477,267.411072,64.522491,133.320709,0.000001
300,444.712036,369.036835,50.086487,112.576935,0.003803
300,461.640869,379.632385,45.116333,107.502228,0.001860
300,439.143433,399.288513,31.509857,73.581299,0.001567
300,453.485962,398.314514,32.249451,76.680328,0.001446
300,477.679962,386.027130,43.630829,102.343597,0.000773
300,493.484222,388.807800,43.386017,100.830963,0.000291
300,420.540771,374.971405,42.873413,98.684357,0.000240
300,497.279205,198.513107,14.245850,29.938705,0.000185
300,505.514191,425.947632,23.438324,54.096649,0.000169
300,509.470184,391.337463,42.985565,99.007843,0.000151
300,496.236023,189.117462,14.220459,29.203323,0.000150
300,483.436890,200.058151,12.011749,25.936996,0.000076
300,705.536499,388.815216,14.463501,36.671783,0.000074
300,705.252502,132.423752,14.747498,37.480972,0.000068
300,705.656860,404.630127,14.343140,36.539276,0.000067
300,705.803894,420.389496,14.196106,36.272308,0.000066
300,705.234985,148.462799,14.765015,37.501160,0.000064
300,483.101685,189.434616,12.602844,26.724792,0.000056
300,403.181671,300.864899,113.170746,241.195587,0.000047
300,692.727783,382.356995,27.182129,91.614075,0.000034
300,699.924866,396.754944,20.039795,57.810181,0.000032
300,690.910461,111.477097,28.687805,97.061234,0.000031
300,691.199097,144.458481,28.467590,96.383438,0.000029
300,587.455750,31.532528,115.234924,230.132843,0.000018
300,665.433838,58.399597,52.601257,223.988007,0.000017
300,348.554352,243.754211,145.542847,288.226501,0.000016
300,313.154999,269.560547,117.847046,245.628357,0.000011
300,662.097107,149.039413,54.364990,217.565872,0.000011
300,578.741211,126.492661,39.296021,86.745590,0.000011
300,561.209351,70.534569,89.931213,189.560547,0.000011
300,462.658386,56.586735,92.709717,196.927231,0.000008
300,671.234070,292.061523,46.932861,201.595337,0.000006
300,477.721710,295.684265,133.755585,251.624939,0.000006
300,530.971375,263.774261,135.124023,268.232330,0.000006
300,593.857239,244.673187,112.062744,237.894531,0.000004
300,262.457672,54.076393,95.495758,201.817902,0.000002
325,359.555634,286.911133,32.819153,71.909149,0.000601
325,366.411469,303.349426,19.311127,42.479706,0.000293
325,406.627686,123.084824,32.898254,70.193146,0.000279
325,400.223755,128.877243,23.604095,50.667236,0.000241
325,706.992859,357.122284,12.822693,32.175720,0.000169
325,375.500366,308.611938,24.545715,52.362946,0.000146
325,706.659851,343.040344,13.340149,33.391083,0.000103
325,417.899506,130.409485,36.196808,79.635422,0.000071
325,349.886597,272.844391,53.695404,109.981628,0.000058
325,345.679413,284.519867,36.164337,79.685974,0.000055
325,381.550751,320.285065,16.101868,35.371735,0.000048
325,278.490448,261.330322,35.480957,77.818909,0.000040
325,670.706909,36.035618,46.839478,210.217590,0.000039
325,626.314453,186.932358,12.002625,25.319519,0.000034
325,264.944122,246.858582,35.633667,79.249725,0.000022
325,261.555664,154.630814,101.173889,212.719315,0.000018
325,375.652191,101.940094,32.977722,70.920639,0.000015
325,273.057434,292.232147,19.789062,40.572906,0.000013
325,626.843567,196.835571,12.299622,26.681625,0.000013
325,396.289185,83.674217,70.711334,146.453949,0.000010
325,226.170090,280.684601,12.387863,28.277161,0.000009
325,325.083160,228.606125,82.875610,164.607254,0.000008
325,226.221939,293.757294,12.667053,28.723602,0.000005
325,665.430176,135.078079,51.723450,211.082657,0.000004
325,361.484161,77.607300,102.032043,212.194153,0.000004
325,588.543579,53.024368,105.572693,223.564621,0.000002
325,673.597046,265.449585,43.047607,183.259705,0.000002
325,409.509186,98.119270,88.637268,188.333588,0.000002
325,179.298111,129.138672,116.605301,244.669159,0.000001
325,437.709747,85.318062,106.371002,220.539642,0.000001
325,284.586517,226.570084,90.147461,188.638046,0.000001
350,45.867287,182.821854,24.697983,50.924423,0.004950
350,40.075684,171.169525,63.385674,135.325043,0.004886
350,53.190636,173.294495,42.828499,95.824493,0.003035
350,40.548218,178.668304,39.325020,86.550476,0.000877
350,554.018494,304.254425,29.346619,63.721588,0.000502
350,60.449165,178.858963,26.489281,55.137527,0.000448
350,562.012512,295.320862,35.376709,75.380829,0.000350
350,47.821735,201.382507,19.855618,42.712448,0.000317
350,69.934235,184.339920,26.114304,54.959625,0.000235
350,539.824097,262.513611,63.034119,130.539734,0.000099
350,27.782299,186.244995,38.584515,90.610443,0.000090
350,459.905975,256.523926,29.278809,61.954651,0.000075
350,568.756348,311.142700,24.339111,52.164062,0.000073
350,466.087921,278.301056,16.526733,36.259094,0.000061
350,467.218262,256.202057,38.319885,85.932983,0.000054
350,461.928864,285.861023,24.701996,52.106201,0.000028
350,452.286560,166.699051,95.458618,202.714890,0.000026
350,673.087463,57.607162,42.009644,180.166260,0.000025
350,458.243805,267.545288,35.971680,81.063232,0.000019
350,671.814392,240.647964,44.606995,190.738693,0.000015
350,401.276794,265.627380,13.209778,29.793671,0.000015
350,396.114838,271.202759,21.515381,44.905579,0.000013
350,401.252014,277.306122,13.191681,30.165833,0.000009
350,461.361603,309.344482,26.825897,53.691437,0.000006
350,479.999603,166.949432,115.457367,234.223846,0.000004
350,360.799896,123.874786,107.152893,228.550110,0.000003
350,396.724030,147.896820,109.712799,224.241089,0.000003
350,11.303881,106.274269,63.851089,226.853455,0.000003
375,133.567932,164.360855,78.770599,175.905411,0.500808
375,165.270706,171.612366,60.570648,134.575439,0.062825
375,133.541840,171.141617,53.060104,124.116348,0.003972
375,236.813583,192.547241,22.490860,47.809631,0.003299
375,689.270142,338.045746,14.071899,31.024323,0.001735
375,241.403900,191.745041,15.206146,31.285233,0.001149
375,152.894592,253.288773,49.268814,110.364700,0.000688
375,115.863197,174.373398,112.283012,232.371536,0.000579
375,97.228722,111.066650,116.957161,239.324799,0.000519
375,684.553955,321.363953,22.593262,46.729156,0.000334
375,668.477600,258.524719,22.586548,47.888519,0.000289
375,661.846313,263.966217,39.773499,85.683868,0.000273
375,228.286880,199.343796,13.257385,29.290909,0.000235
375,675.624939,282.050354,37.194092,79.545166,0.000189
375,704.180786,325.004883,15.819214,36.338165,0.000178
375,175.724121,178.939316,41.976944,87.119949,0.000158
375,140.861450,158.207916,25.720016,57.733261,0.000136
375,498.020782,171.404495,13.416077,29.506485,0.000066
375,205.233932,197.331223,16.614578,36.708511,0.000059
375,493.491058,173.879654,19.700348,40.959122,0.000026
375,169.019516,189.751328,31.873596,63.366058,0.000025
375,187.261978,190.371567,23.479126,53.249512,0.000017
375,644.385132,173.153076,72.599976,170.805725,0.000011
375,210.767593,178.648712,55.845505,123.949188,0.000011
400,260.652466,169.885681,68.167297,148.911835,0.995728
400,248.721451,185.329666,44.889267,100.393753,0.014034
400,261.092926,150.592804,118.485504,240.581116,0.002438
400,252.376831,183.344025,26.429565,52.293625,0.001179
400,264.455322,248.124680,27.678619,60.554581,0.001000
400,254.184921,198.146744,52.471420,116.005234,0.000365
400,319.078674,214.710449,15.049805,35.756790,0.000256
400,247.595230,108.837029,104.329056,214.889374,0.000241
400,384.564026,110.298485,13.222107,26.640190,0.000145
400,252.895966,202.064499,29.084869,59.162704,0.000101
400,390.192871,186.263550,31.164917,62.256836,0.000065
400,376.981598,182.740387,36.897888,82.274689,0.000062
400,288.779083,192.187531,34.799683,80.424622,0.000054
400,396.006897,193.509903,20.872162,45.235306,0.000043
400,295.675140,215.598572,95.461151,205.748169,0.000025
400,398.487244,187.629135,17.257446,34.126328,0.000023
400,400.055542,209.781876,15.490601,32.790207,0.000021
400,245.412872,203.156555,13.073059,28.227524,0.000019
400,298.403534,203.620056,22.858704,50.500595,0.000007
400,274.232788,181.159393,40.188812,86.208405,0.000006
400,261.882660,135.625992,38.808472,90.633423,0.000006
400,240.748962,211.576294,20.375244,40.665314,0.000005
400,323.979095,94.986992,115.695038,240.535339,0.000005
400,276.358002,142.605774,37.116486,86.651947,0.000005
400,355.247986,135.880066,78.211273,165.212341,0.000003
425,407.603088,171.287689,63.726929,134.994324,0.013647
425,70.793869,241.394180,35.356834,77.098953,0.013585
425,76.137177,236.902328,25.560631,56.920090,0.006911
425,64.750908,236.066879,23.919815,52.171646,0.002917
425,421.831573,164.510422,43.125000,92.711502,0.001249
425,426.977295,171.139816,30.213257,64.041275,0.000866
425,500.200043,147.333405,131.705414,271.126312,0.000705
425,61.229946,234.540665,63.619816,130.875443,0.000555
425,411.474396,167.448959,37.046753,83.236359,0.000321
425,438.101440,183.962997,26.303864,54.086655,0.000100
425,705.609497,371.884644,14.390503,36.224854,0.000098
425,705.339722,356.149139,14.660278,37.072662,0.000097
425,705.367493,340.569519,14.632507,37.358429,0.000093
425,444.695068,180.372192,18.173035,39.828033,0.000068
425,692.080994,333.310455,26.975830,91.260956,0.000063
425,48.100746,171.636047,82.717216,165.791107,0.000059
425,470.322083,50.865337,147.033264,308.800964,0.000054
425,607.851074,148.932281,101.533264,267.079254,0.000034
425,432.009918,146.227692,101.706451,213.902100,0.000025
425,666.842163,162.550674,50.559937,216.008072,0.000022
425,670.491821,252.728745,46.389587,195.125107,0.000021
425,561.995178,189.469635,128.556702,266.597351,0.000015
425,46.096619,223.456116,96.367340,197.492065,0.000015
425,541.553284,44.877216,137.376404,300.747192,0.000012
425,670.253296,72.428406,46.906067,202.034912,0.000011
425,512.989380,218.907318,141.052673,289.742554,0.000007
425,20.191488,145.799133,91.994469,201.122681,0.000005
425,379.083496,55.279797,104.771759,208.448502,0.000001
450,199.949295,192.397125,58.171188,125.427765,0.997323
450,145.729919,181.802155,61.355728,134.431488,0.996654
450,167.417938,204.322647,44.841354,97.345261,0.005296
450,372.060303,233.683762,39.659363,90.854599,0.004043
450,193.848877,204.204407,15.295319,32.229309,0.001201
450,192.531387,216.301102,17.123352,33.180206,0.000833
450,351.893677,176.798019,89.211060,183.512741,0.000649
450,143.172592,213.465393,23.302490,45.851349,0.000632
450,203.484711,207.580490,30.715927,64.191452,0.000607
450,209.683273,200.142090,21.820770,43.741058,0.000531
450,223.521896,209.977753,36.228592,77.884857,0.000381
450,357.688568,245.575623,80.180908,168.768829,0.000313
450,143.213928,206.210388,32.897614,74.863922,0.000269
450,181.796738,216.618912,30.687561,68.960281,0.000261
450,209.501312,197.476929,39.715729,85.926605,0.000255
450,152.100861,192.493851,37.228683,72.355789,0.000153
450,235.200684,224.079865,19.514145,43.825714,0.000133
450,236.178314,212.280075,17.471268,38.781937,0.000132
450,189.259079,226.822067,19.244751,42.397873,0.000131
450,256.509125,232.612823,12.393066,27.388824,0.000060
450,191.004288,243.985275,16.937317,37.989761,0.000046
450,206.616653,151.405823,93.476028,190.123596,0.000045
475,493.598663,186.588516,65.391876,143.209000,0.996808
475,441.992523,178.420898,68.199860,149.282990,0.996404
475,103.880730,194.476410,21.365417,46.067078,0.991965
475,469.809998,188.475983,59.899841,130.850494,0.833465
475,47.151619,183.277374,16.776886,36.966660,0.788083
475,39.025406,185.126389,13.946457,28.620987,0.006410
475,496.188477,215.587830,19.010498,37.249435,0.000411
475,443.684174,216.227020,29.997498,59.899841,0.000365
475,540.356567,225.340073,18.054993,42.952682,0.000292
475,448.666840,210.498093,22.218201,46.759781,0.000284
475,494.923523,226.764557,20.739258,42.693481,0.000208
475,541.786133,243.384872,16.932617,38.593033,0.000156
475,489.311829,212.017380,33.761414,75.869919,0.000108
475,63.601620,187.931931,12.557011,26.860550,0.000094
475,502.759399,199.174011,38.071045,80.353210,0.000049
475,433.589905,227.269348,20.224823,40.732605,0.000040
475,495.787598,241.759613,18.336609,42.346252,0.000034
475,473.570099,206.953705,22.815033,48.586639,0.000004
500,283.071960,185.049652,28.842804,62.513992,0.952167
500,237.585632,180.804855,16.482269,36.255264,0.909926
500,175.408646,175.112961,14.095749,30.977753,0.150303
500,168.094849,173.864761,12.546844,28.411728,0.006069
500,232.766663,181.987671,13.235779,30.441086,0.005610
500,100.681671,176.530914,12.325752,26.144165,0.003191
500,300.042206,197.487991,17.478546,37.588577,0.003014
500,277.030823,187.490814,17.244995,37.447662,0.001810
500,99.178871,175.620499,19.665916,41.864166,0.001483
500,105.161079,172.263123,22.682869,49.088486,0.001104
500,289.246521,184.468430,17.420746,36.904449,0.000638
500,673.953247,234.001801,14.025635,30.145630,0.000440
500,109.289474,180.328445,15.332314,32.318665,0.000408
500,256.909668,187.294647,12.912964,25.754257,0.000262
500,212.112442,185.262390,12.419952,25.078445,0.000131
500,192.548615,181.346512,12.437363,26.897461,0.000127
500,16.659401,170.533569,15.289312,31.820969,0.000030
500,148.896729,176.113113,10.264618,21.697876,0.000013
500,128.903824,175.691483,11.153717,23.776733,0.000008
500,147.659821,185.116104,11.929596,23.439270,0.000007
500,127.851913,182.090317,13.046692,27.590836,0.000007
525,327.046631,172.238647,27.457550,59.772598,0.942649
525,286.364380,169.819916,15.759125,34.352295,0.757948
525,223.685410,166.837830,13.544800,29.555649,0.352037
525,336.017487,175.043503,27.149567,60.933517,0.199130
525,322.797882,177.863663,19.860077,40.661850,0.059544
525,280.911621,169.803833,13.524048,30.489075,0.013753
525,149.366974,167.151031,13.665024,29.935440,0.009578
525,215.612976,170.240738,12.513107,26.241318,0.004690
525,10.808871,151.313507,20.511738,44.413696,0.002942
525,4.472878,149.164642,19.354229,50.527298,0.001425
525,155.598816,172.426636,18.106857,38.759262,0.000816
525,305.991364,175.505493,13.205200,27.525833,0.000784
525,350.182556,185.654022,14.140228,30.824997,0.000599
525,131.639908,170.103180,12.230774,25.019287,0.000365
525,241.476639,170.931625,12.122101,24.674026,0.000363
525,260.053528,171.644180,11.810852,24.462341,0.000265
525,305.492767,173.597809,20.842926,43.803619,0.000224
525,116.225571,169.999756,12.633041,25.429932,0.000139
525,159.460419,163.628616,12.455841,26.495712,0.000072
525,2.617874,118.934349,40.349262,135.326416,0.000019
525,177.651413,171.604538,11.298004,22.719437,0.000013
525,196.768799,171.880341,10.882065,22.309479,0.000012
550,343.429718,167.996185,26.139008,56.554245,0.989967
550,309.871155,164.481995,16.911652,37.040817,0.964237
550,317.074432,161.518646,16.271545,34.208725,0.609233
550,358.570587,174.217987,22.146271,47.134811,0.144945
550,348.924713,162.799164,19.923737,41.368988,0.021963
550,341.654144,170.971878,16.110046,35.177597,0.005062
550,21.201189,150.904724,19.187948,42.444611,0.002618
550,21.095781,145.730377,15.426947,32.798599,0.001821
550,294.601410,170.843964,11.799286,23.467346,0.000263
550,27.844425,144.927002,17.757565,37.618210,0.000243
550,164.938599,159.480194,12.807587,27.862610,0.000240
550,19.127737,147.162415,29.467249,62.634888,0.000238
550,100.723969,155.887573,12.334473,26.197128,0.000161
550,111.814461,157.235184,12.037346,25.517700,0.000102
550,172.013123,162.263824,20.147034,42.577637,0.000099
550,243.096573,171.403687,11.258560,24.055023,0.000096
550,2.387559,152.125381,14.360559,29.241074,0.000061
550,175.969208,158.786804,12.895569,27.904602,0.000016
550,47.354900,154.199371,13.775574,28.997330,0.000015
550,228.130539,171.342361,11.134262,23.510132,0.000013
575,410.531860,150.003815,19.316681,42.098862,0.994804
575,442.688110,151.084351,27.688934,58.975571,0.813674
575,405.595215,147.647644,15.696228,35.835342,0.029838
575,436.030090,154.110855,20.122131,44.381073,0.020516
575,446.484528,148.178146,19.493378,42.292969,0.007113
575,112.895905,136.341415,17.214432,37.008102,0.004304
575,460.254761,157.828568,16.898163,36.047180,0.001815
575,259.128204,151.118164,13.812225,30.016342,0.001249
575,107.990860,138.063568,24.574081,51.753708,0.001187
575,390.356232,156.258743,12.190521,24.447220,0.000838
575,255.985214,155.004318,18.006210,38.831512,0.000790
575,443.651672,144.754425,40.917511,90.712708,0.000451
575,102.645836,147.554260,14.087013,32.179291,0.000150
575,246.850601,154.740677,11.580307,24.040161,0.000136
575,208.752426,150.459747,13.546448,28.278946,0.000117
575,401.079956,138.897003,43.165344,88.306366,0.000073
575,118.974167,142.803802,19.104477,38.951508,0.000069
575,419.336426,135.583099,51.083099,101.880569,0.000067
575,270.497681,152.945068,13.383331,27.873138,0.000039
575,271.084595,144.411636,13.196594,27.018829,0.000012
600,460.567932,148.845078,18.609772,40.496994,0.991497
600,489.914581,151.303818,25.944061,55.289505,0.399359
600,309.599670,150.782730,13.714386,30.106674,0.213055
600,484.094940,151.235504,20.019379,44.094391,0.097845
600,143.064056,137.215164,18.819901,41.011475,0.026936
600,501.262970,153.771820,26.210480,55.842255,0.026701
600,454.663879,144.548264,14.846039,33.577728,0.008092
600,482.733185,146.707611,16.430603,36.407150,0.004874
600,317.265625,153.188644,12.742340,27.028778,0.003831
600,484.002838,147.556168,40.379486,84.058014,0.003372
600,509.427643,147.456665,16.859039,35.218246,0.002475
600,496.416870,148.529419,16.705811,34.451447,0.002034
600,438.495697,144.158951,12.446869,28.506744,0.001740
600,136.769226,138.265747,13.522751,30.332520,0.000829
600,295.881592,155.196762,11.441284,23.618637,0.000408
600,434.663605,146.491257,18.805817,39.214859,0.000360
600,155.958694,140.029510,14.377304,30.405624,0.000105
600,452.350372,137.330933,41.781982,85.573212,0.000089
600,669.878174,43.865528,46.239014,189.922791,0.000048
600,370.907074,153.149414,12.143311,26.968826,0.000011
600,355.922607,152.814529,11.863495,26.063126,0.000009
600,257.615173,141.688416,11.795502,25.228653,0.000009
600,338.778778,153.713654,10.911682,23.019989,0.000006
625,452.772552,162.024231,20.316620,44.042435,0.989746
625,482.014648,162.248154,29.598053,63.283051,0.971214
625,503.986786,172.360779,23.744049,50.059341,0.482082
625,460.840424,172.133545,17.153564,34.461975,0.077054
625,493.022217,163.607010,19.410522,38.872971,0.008849
625,123.928436,154.471237,18.174454,39.729401,0.007707
625,117.777863,155.461166,17.002823,37.165955,0.007707
625,308.456970,183.060379,11.291565,25.203064,0.005839
625,484.244141,162.539536,17.338348,38.686462,0.003054
625,492.801117,157.210449,38.882538,86.582977,0.001493
625,439.150970,170.701370,12.554443,24.948685,0.000138
625,449.779480,153.011383,39.609009,81.695282,0.000132
625,243.657211,165.613190,12.807022,26.563202,0.000055
625,308.174683,173.904007,12.185547,26.789917,0.000047
625,101.447556,158.249680,12.043518,24.203079,0.000033
625,255.577362,165.125580,12.889740,27.267593,0.000018
625,143.672791,156.687180,11.706329,24.384293,0.000008
625,255.030045,157.052628,12.804337,26.428543,0.000007
650,459.425903,184.292801,21.156189,45.622726,0.992452
650,499.523163,180.766418,36.906525,78.945892,0.964390
650,517.223938,193.006012,27.005371,61.665817,0.340663
650,453.595306,186.722275,17.962372,40.508972,0.020413
650,498.406891,185.771332,23.687653,53.303513,0.019491
650,101.108185,180.551575,16.507347,36.070221,0.012143
650,104.362579,176.020676,21.766754,46.250397,0.007610
650,506.957947,185.851868,25.701843,51.677765,0.007182
650,523.515808,198.890625,19.404114,40.556519,0.004569
650,110.322350,177.746628,14.989281,32.567123,0.002300
650,437.246857,190.174591,12.634613,26.085083,0.001995
650,474.658966,187.649643,21.532776,44.889328,0.001544
650,452.907227,179.138794,37.357941,78.681427,0.000725
650,432.714966,189.168655,19.891754,40.652725,0.000240
650,243.749664,195.357574,12.728271,28.361496,0.000161
650,255.791016,187.002625,12.965912,27.786911,0.000039
650,530.287659,117.161324,104.198608,218.419922,0.000004
675,512.256348,176.840500,21.890442,48.095840,0.990783
675,572.046204,174.332794,37.313477,80.678894,0.973185
675,373.376648,189.291260,13.265381,29.194046,0.799619
675,559.294250,186.214447,19.582153,43.747696,0.439396
675,561.146729,175.410049,32.456787,71.257736,0.119096
675,137.343155,178.121201,18.774063,39.695084,0.010881
675,382.477814,190.173599,11.823242,25.631042,0.010623
675,133.953232,180.804276,14.559189,31.379166,0.008755
675,547.432251,184.182739,20.270264,43.261169,0.005870
675,576.811890,176.801971,21.653320,47.153870,0.001865
675,358.142395,189.418015,11.790924,24.732788,0.001396
675,584.646851,181.095673,24.217957,50.706543,0.000649
675,502.695831,170.542084,39.059296,79.688858,0.000584
675,526.848511,178.336838,14.401489,30.618591,0.000395
675,549.597229,186.385498,13.360352,29.055908,0.000255
675,483.889435,186.773544,12.614136,25.989151,0.000183
675,339.218506,199.703979,12.206604,24.637695,0.000164
675,612.121826,54.800381,86.883362,183.542603,0.000080
675,339.560120,190.444962,11.810120,24.769455,0.000063
675,289.330536,185.904007,12.825897,27.891251,0.000033
675,275.051086,184.970200,12.633514,27.659851,0.000017
675,402.345459,189.814102,11.089844,23.664673,0.000009
700,563.274170,187.629166,26.214844,56.543579,0.992440
700,625.299316,181.886353,42.433350,92.952576,0.987839
700,462.827576,205.084335,12.167847,26.402817,0.100383
700,423.270142,203.321121,13.012360,27.812607,0.062521
700,644.308777,191.958755,29.279663,64.509171,0.022796
700,433.271515,211.410675,10.974701,22.572205,0.005698
700,454.002960,205.500366,11.174744,24.195892,0.003078
700,157.031189,187.091095,16.056625,34.626312,0.002996
700,613.740295,166.969879,63.200317,127.558044,0.001853
700,334.594879,199.491089,12.255890,26.801926,0.001784
700,428.605957,200.458160,15.748749,33.809814,0.001625
700,150.185638,188.800278,15.624573,34.808090,0.001566
700,652.390320,199.141296,19.387268,38.946823,0.000992
700,325.678925,202.110107,11.913208,24.761139,0.000845
700,405.685059,204.666153,10.690735,22.484406,0.000184
700,611.930298,202.459305,15.396118,32.561874,0.000180
700,307.340912,203.597534,11.405823,24.225418,0.000076
700,388.341125,203.548172,11.352783,25.693359,0.000073
700,174.691666,186.543854,13.014725,27.370422,0.000072
725,559.323669,190.312454,28.536926,61.501373,0.992256
725,633.492188,179.121262,51.444336,111.809769,0.982580
725,653.043152,185.880920,47.432617,101.824554,0.970711
725,420.925903,208.510056,13.041504,28.433640,0.534542
725,436.409302,207.044693,13.465240,29.852539,0.323189
725,568.770813,203.625183,21.243347,44.305801,0.036191
725,445.649261,207.224792,13.308960,29.563019,0.026855
725,307.974304,203.891296,12.969269,28.925812,0.001639
725,675.779419,194.644470,27.689148,60.654968,0.001527
725,643.437439,182.813644,32.694641,66.939560,0.001241
725,663.609314,184.484116,29.390320,60.966507,0.001127
725,684.412231,212.522705,17.761108,38.884460,0.000722
725,113.733772,191.240219,12.655197,27.176636,0.000539
725,685.344482,200.103973,16.618103,35.549683,0.000497
725,704.995300,198.529480,15.004700,37.053802,0.000430
725,705.327026,213.005478,14.672974,37.863831,0.000307
725,705.310242,227.597107,14.511902,36.709473,0.000260
725,467.854492,214.560715,11.159241,24.173141,0.000177
725,466.184784,206.591110,11.815094,25.482666,0.000081
725,274.648560,206.605560,11.511383,24.322296,0.000073
725,128.072693,188.624405,12.137970,24.953140,0.000019
750,651.562012,177.296799,61.344299,131.841324,0.994079
750,561.046753,194.904709,30.682983,66.772446,0.993314
750,416.114899,215.587631,14.521057,30.730240,0.031329
750,406.634460,217.461487,12.884308,27.085373,0.009294
750,450.614502,227.723709,13.051178,29.197037,0.001592
750,651.983948,205.825607,29.314514,59.405716,0.001530
750,678.466919,184.373856,39.275879,117.741714,0.001145
750,480.516937,219.688171,15.362183,33.504166,0.000489
750,552.685303,181.926346,46.778748,95.480209,0.000489
750,704.504578,198.420258,15.417114,35.174652,0.000472
750,48.269691,193.351807,14.429630,29.564377,0.000375
750,698.342346,218.094513,21.657654,58.092194,0.000358
750,703.526306,212.684738,16.366150,38.272980,0.000310
750,464.353149,219.707733,14.811676,32.668533,0.000239
750,434.965698,218.489426,12.447052,26.350708,0.000191
750,660.929443,185.545334,38.987183,79.247574,0.000180
750,288.533112,215.745728,12.865143,28.364609,0.000151
750,441.937622,197.429276,30.354614,66.988724,0.000124
750,703.875793,247.164185,15.818115,34.178955,0.000109
750,446.144348,204.187408,21.050385,45.931168,0.000106
750,612.491577,128.127884,90.648376,189.942184,0.000032
775,588.497375,201.956314,36.716187,79.891830,0.987356
775,275.457825,223.388245,13.472900,29.333328,0.028927
775,600.545593,210.832108,22.310547,45.569138,0.000175
775,262.766815,219.970093,11.625153,26.229340,0.000138
775,209.499329,214.799988,14.588684,32.334015,0.000108
775,66.519188,202.119049,13.784538,29.586990,0.000084
775,449.435120,241.821732,15.755615,33.620193,0.000069
775,79.378113,202.210770,14.388161,29.964554,0.000048
775,404.900299,230.625595,13.379669,29.716843,0.000047
775,411.423401,226.140823,20.348694,42.743118,0.000044
775,464.996948,243.929443,13.347839,28.650269,0.000040
775,287.870300,228.937042,12.823303,27.035843,0.000029
775,513.495361,244.678146,14.173035,31.666702,0.000024
775,498.115509,233.393250,13.862976,30.475739,0.000021
775,483.156372,234.323990,12.567383,27.701645,0.000021
775,416.001404,222.409348,13.982666,29.137054,0.000020
775,554.962769,145.706207,80.588257,159.854004,0.000020
775,483.445801,244.308044,12.560547,27.792358,0.000020
775,388.544006,236.008514,11.454895,23.839813,0.000018
775,499.086578,244.376114,13.492157,29.990799,0.000017
775,434.967224,231.830353,13.227905,28.924652,0.000014
775,449.189636,221.900650,14.746704,31.569366,0.000010
775,513.497131,135.230438,99.778564,206.158966,0.000007
800,323.662170,212.998993,16.478119,35.928848,0.987427
800,330.393646,215.625763,15.436218,32.942032,0.088766
800,100.315231,185.754166,14.255798,30.996826,0.003727
800,312.185852,217.966599,12.376068,25.653656,0.000497
800,683.694153,239.883057,20.324524,43.721527,0.000428
800,435.542664,227.147552,12.580292,27.728882,0.000383
800,105.962555,183.249832,20.099197,42.125992,0.000329
800,314.621094,190.208099,29.712738,61.717941,0.000276
800,449.201691,218.452759,13.564575,29.299042,0.000231
800,94.239037,183.314011,25.217842,52.117477,0.000172
800,704.590149,244.193878,15.409851,38.090363,0.000165
800,692.201172,224.615662,25.599731,85.536072,0.000148
800,672.607056,231.893173,15.438843,33.230881,0.000143
800,445.602783,215.168259,19.851746,41.835953,0.000143
800,704.760864,229.465057,15.239136,37.797638,0.000110
800,85.204384,186.594971,11.732697,24.758667,0.000079
800,657.428345,231.042511,15.326965,33.029236,0.000055
800,668.670166,237.269043,21.249329,44.985962,0.000052
800,663.393433,219.324539,31.554382,69.123215,0.000040
800,111.184471,177.551117,14.441086,29.833740,0.000028
800,241.064972,214.812210,13.831924,30.254471,0.000024
800,671.859009,156.199219,44.423767,180.308502,0.000021
800,67.767921,185.931931,11.591896,24.099091,0.000020
800,241.031403,202.337463,14.252548,31.094681,0.000017
800,353.000763,217.130051,11.535309,24.532715,0.000009
800,464.497345,218.156281,12.764648,27.451965,0.000008
800,499.839264,232.180664,12.382294,27.104828,0.000007
800,513.637695,233.873505,12.333313,26.290100,0.000006
800,288.272949,132.253143,79.149689,158.436829,0.000001
825,379.599243,207.773834,16.208099,35.830826,0.960779
825,374.138458,209.282669,15.028259,33.661255,0.960779
825,358.870239,215.597534,13.340942,26.843338,0.000837
825,450.164886,215.682281,12.506531,27.483582,0.000723
825,113.508598,184.016739,14.096710,30.390137,0.000251
825,437.382812,216.573471,12.022278,26.540405,0.000192
825,242.301712,202.248917,12.969315,27.510880,0.000148
825,257.294769,202.560852,12.939758,27.136551,0.000126
825,226.116135,201.849976,12.825562,27.372284,0.000114
825,109.720352,182.052429,20.522202,44.274338,0.000096
825,701.293518,238.626495,18.706482,51.620270,0.000084
825,466.699951,214.571426,12.439301,27.527313,0.000082
825,705.326355,228.682602,14.673645,37.388779,0.000079
825,705.963623,248.105286,14.036377,32.617340,0.000077
825,668.377808,70.209465,48.533508,203.609283,0.000065
825,692.702698,208.754929,26.542603,90.460800,0.000057
825,653.910828,227.305038,19.322876,42.386734,0.000035
825,690.568298,113.509369,28.831421,96.728653,0.000033
825,669.261475,227.767334,19.265808,41.518951,0.000032
825,562.178101,231.482086,13.168945,29.514954,0.000032
825,672.253845,149.078979,45.121643,190.409180,0.000030
825,482.939331,214.525055,12.830322,28.643051,0.000027
825,479.357910,210.500015,19.786041,41.258652,0.000021
825,663.657715,216.560242,31.169373,69.677002,0.000017
825,497.415710,215.352814,12.996826,28.586136,0.000016
825,659.520935,182.224594,37.165466,83.498642,0.000015
825,493.368286,211.434189,20.180969,41.813034,0.000014
825,102.260437,183.679138,35.153473,78.324738,0.000012
825,613.960083,105.501198,95.692017,203.381653,0.000010
825,646.070190,200.657700,33.743408,74.979721,0.000008
825,482.819000,204.554718,12.607361,27.854156,0.000008
825,673.026001,220.357773,44.597656,201.877457,0.000005
825,497.455078,205.009064,13.066284,28.403671,0.000005
825,101.256851,139.318024,81.030121,174.001984,0.000004
825,338.554749,142.482071,77.602936,153.649399,0.000001
850,414.011292,213.859177,16.909821,36.275131,0.967863
850,407.072662,211.389679,19.790985,42.619781,0.852868
850,516.930359,233.163589,12.093262,25.254196,0.003393
850,424.859985,213.505615,18.515533,38.464371,0.001246
850,530.680054,231.960678,13.366516,28.717087,0.001067
850,539.856262,228.147568,20.224792,42.546585,0.000281
850,483.084106,221.437561,11.479553,24.997437,0.000221
850,482.966431,230.376236,11.916046,25.467911,0.000143
850,467.951965,221.614517,11.423645,24.194016,0.000133
850,499.927826,222.697586,11.059906,23.956360,0.000119
850,704.678589,228.552200,15.321411,38.039017,0.000115
850,543.876953,232.665451,13.750488,29.115738,0.000102
850,704.731567,213.104324,15.268433,38.228104,0.000098
850,500.065948,231.811768,11.517822,23.985748,0.000098
850,691.934814,194.407471,26.508362,88.877808,0.000084
850,669.891907,62.485207,47.608398,208.880035,0.000071
850,432.049133,208.849579,12.607147,26.517944,0.000062
850,545.000671,241.556580,13.759644,30.293549,0.000051
850,671.819641,141.513504,44.779419,185.348038,0.000045
850,450.833344,216.238495,12.091125,26.480789,0.000025
850,575.472412,229.029526,19.257019,42.703537,0.000018
850,579.031555,235.985245,13.545105,27.727951,0.000016
850,402.083923,198.157455,40.334137,81.575424,0.000015
850,340.327332,216.700363,11.957581,27.225922,0.000008
850,353.765259,215.664307,12.372131,28.079666,0.000006
850,582.283020,203.489334,32.932068,75.289688,0.000006
850,597.056396,202.007401,33.162720,75.873734,0.000003
850,577.718872,141.097427,87.339233,178.486191,0.000003
850,321.832947,27.712429,99.196106,178.922699,0.000002
850,376.845093,127.619812,88.443665,178.680695,0.000001
875,464.299561,202.094971,22.385376,48.946655,0.986122
875,531.003540,206.130875,17.492310,38.755798,0.693890
875,536.980164,202.284363,19.551819,41.696533,0.120574
875,452.392181,211.139969,14.967651,34.454224,0.019764
875,474.037994,209.914047,15.901550,35.324295,0.016115
875,560.552124,209.098297,20.023499,44.088303,0.012351
875,51.538376,181.552185,14.783188,30.860825,0.004577
875,517.590149,206.431366,12.664917,26.849228,0.003668
875,478.747253,207.440262,13.567261,29.061661,0.002101
875,46.733475,175.441666,22.660210,46.932144,0.002067
875,543.714722,213.768661,14.157898,28.905914,0.001689
875,569.131592,210.860199,20.079163,43.180740,0.000650
875,498.713440,214.302948,12.441956,25.120468,0.000403
875,494.210693,202.509781,18.476074,39.266037,0.000181
875,563.773621,201.579483,30.492615,67.365219,0.000172
875,192.785385,201.342911,14.110168,30.740036,0.000127
875,574.497681,207.181442,15.226562,31.743835,0.000082
875,656.010803,185.236725,41.143188,92.800446,0.000072
875,621.083069,123.545341,84.827515,176.131989,0.000069
875,668.995178,123.484901,46.510315,190.016876,0.000069
875,642.040283,184.975098,41.092346,92.315063,0.000058
875,63.141369,175.246643,12.907871,26.683411,0.000030
875,550.175415,155.178726,75.495605,159.928970,0.000002
900,508.532623,209.521713,17.361298,37.561264,0.974689
900,478.720947,212.528198,14.942383,32.744400,0.970717
900,645.284546,207.442398,17.901917,39.551788,0.651206
900,502.858185,209.782974,16.320404,35.462967,0.438071
900,647.687561,204.540421,23.554077,50.015915,0.041228
900,550.636780,214.045990,12.306946,27.264862,0.033168
900,586.641602,200.900070,18.645691,40.638275,0.031080
900,582.146057,202.536514,16.072632,36.038376,0.031080
900,471.613098,213.791779,15.770294,33.189819,0.008519
900,582.951599,192.153625,26.580566,58.455307,0.001084
900,372.983429,217.981689,12.032959,26.086975,0.000490
900,195.885254,202.639526,12.402527,26.979080,0.000251
900,436.386841,220.624496,11.621307,24.409103,0.000226
900,560.908997,208.158310,12.728516,26.569962,0.000200
900,531.677246,215.216095,10.917908,21.966888,0.000198
900,672.391602,205.203674,13.007141,27.581726,0.000182
900,450.805176,220.018402,11.762360,24.482712,0.000166
900,557.343628,204.391403,18.381775,38.969284,0.000136
900,208.676392,203.237442,13.113281,27.636215,0.000089
900,634.199829,185.626114,45.121460,94.123856,0.000038
900,608.782532,205.872528,12.565613,24.651794,0.000036
900,566.588318,175.502213,56.515747,116.413864,0.000003
900,619.207092,153.682968,71.396973,144.586227,0.000003
925,440.170807,204.421112,21.075653,45.565430,0.994123
925,562.685181,201.074829,16.125854,35.120529,0.896535
925,685.715454,196.383545,22.283264,49.103622,0.861749
925,677.784119,196.621536,19.825012,43.167023,0.044226
925,695.695618,194.083878,19.495605,50.586349,0.001386
925,308.669891,211.502701,14.311829,31.333679,0.000787
925,567.088684,198.051208,18.750854,39.396164,0.000748
925,552.406799,200.920563,13.459045,30.211395,0.000727
925,651.819458,200.044617,18.865234,40.792465,0.000654
925,702.387085,205.880966,17.061646,41.857559,0.000630
925,649.314636,189.484390,26.631775,60.524399,0.000250
925,385.521698,215.540878,12.617279,27.589493,0.000239
925,641.196655,199.039627,19.326172,41.792969,0.000157
925,703.676697,185.245316,16.323303,38.968170,0.000130
925,644.952332,211.463974,13.472839,30.861023,0.000097
925,238.407013,171.004700,15.832214,32.365311,0.000069
925,431.151886,191.377701,35.712830,74.096237,0.000069
925,679.788452,146.108063,34.609619,132.001373,0.000067
925,575.003174,192.896469,14.398987,30.053864,0.000031
925,227.220947,160.770721,33.126068,71.241119,0.000030
925,593.427124,71.738983,111.490906,232.326904,0.000003
925,414.289856,155.902161,66.150513,132.169220,0.000001
950,628.885254,191.109009,31.727112,68.139130,0.989673
950,360.691193,210.287506,20.189972,43.684799,0.988918
950,402.742859,217.160934,17.045959,37.073639,0.120717
950,412.150391,219.072144,13.810974,29.063828,0.012223
950,358.041107,209.478729,14.671967,31.674362,0.011574
950,634.567688,192.840942,21.662048,43.130203,0.006898
950,48.633049,198.574539,13.739952,29.401764,0.001911
950,559.725952,216.323608,13.864380,29.889313,0.000460
950,387.817017,218.298935,12.660889,26.094833,0.000355
950,550.286743,218.168640,12.186218,25.816589,0.000254
950,80.865906,202.967209,12.478264,26.075623,0.000242
950,291.019073,215.973145,14.283600,31.000275,0.000104
950,341.173431,219.132660,12.170624,24.789398,0.000076
950,352.999542,200.455688,37.371368,73.079285,0.000053
950,304.318542,216.747925,13.287628,28.876953,0.000042
950,611.197388,171.577881,59.609924,115.195099,0.000042
950,552.906311,196.882401,25.488953,55.885620,0.000022
950,532.125732,217.600235,12.167725,25.577621,0.000014
950,672.366882,152.405563,43.121277,175.216812,0.000006
950,321.962982,219.440826,11.847534,24.267075,0.000005
950,158.981079,113.535332,89.896652,189.888062,0.000004
975,304.508148,205.414917,21.081421,45.792160,0.988305
975,379.082062,212.987946,18.226410,39.574310,0.697655
975,555.036133,188.598785,28.269775,60.972427,0.566227
975,375.573090,213.362350,15.169983,33.776718,0.009079
975,687.557800,214.254166,17.621155,38.010651,0.008074
975,295.146515,210.228409,16.853882,36.407089,0.007542
975,212.064911,215.945129,16.464264,36.089691,0.004116
975,316.401642,206.450516,15.098663,30.971375,0.000970
975,697.908630,206.065018,20.237671,56.534225,0.000450
975,703.746460,225.799133,16.238831,38.458679,0.000307
975,223.360443,218.099457,14.081009,30.442230,0.000307
975,570.575562,197.355743,18.213806,37.689529,0.000226
975,668.084167,60.211636,48.187439,194.738861,0.000171
975,703.585388,198.090744,16.414612,40.349243,0.000138
975,515.147461,198.125504,13.677673,30.831589,0.000124
975,677.229187,168.185867,36.851135,82.084702,0.000103
975,676.183594,141.762192,40.851074,162.771378,0.000059
975,542.992554,158.824753,57.299255,116.269241,0.000045
975,561.121643,153.504929,37.287292,82.908295,0.000042
975,542.390869,93.243263,79.146179,163.455200,0.000030
975,626.252197,74.086426,85.690674,216.154388,0.000010
975,107.271133,150.016190,71.467560,151.880112,0.000005
1000,488.609802,190.859238,43.335876,94.339615,0.995791
1000,618.148315,194.577942,26.156433,57.200806,0.994015
1000,304.935333,211.843033,21.356171,46.652145,0.992057
1000,402.525787,220.026855,16.147308,34.773453,0.700892
1000,504.594513,195.013641,36.444733,85.371216,0.012530
1000,634.541565,203.597885,16.081177,31.431503,0.011112
1000,521.948303,211.364685,20.136414,42.395508,0.001094
1000,317.200500,217.632996,13.781952,28.767593,0.001070
1000,392.713043,218.471176,12.996429,29.602051,0.000467
1000,412.466492,221.152084,13.301697,28.260834,0.000323
1000,528.407898,217.250076,12.536987,26.773788,0.000275
1000,175.662399,209.641861,20.783081,44.765274,0.000264
1000,596.876282,210.673218,15.236267,30.955582,0.000206
1000,166.619766,187.616028,36.291779,82.133453,0.000169
1000,183.617126,215.958527,26.911942,56.686493,0.000095
1000,601.820374,157.286026,59.187500,120.692703,0.000032
1000,621.361511,154.088638,36.217346,83.316895,0.000016
1000,150.457626,167.910599,36.911697,82.913895,0.000013
1000,153.486786,150.243393,66.029556,137.239639,0.000013
1025,306.264160,211.538513,21.384186,46.647827,0.995130
1025,667.813354,189.045670,33.155579,71.281326,0.992580
1025,383.872040,178.171875,52.701782,113.195099,0.992386
1025,660.244019,199.853409,24.451172,54.053757,0.007797
1025,706.247437,199.637634,13.612976,33.944885,0.002244
1025,317.210144,220.504745,14.720245,31.325546,0.002071
1025,160.397003,225.809967,13.406555,28.478363,0.001402
1025,705.762512,210.712494,13.936279,35.037781,0.001194
1025,148.780701,224.790833,13.147171,27.991394,0.000971
1025,145.775864,224.855972,20.009964,41.872726,0.000742
1025,400.449463,211.098343,36.915222,78.834488,0.000447
1025,401.624786,190.241867,32.015015,69.805740,0.000331
1025,356.133270,236.165695,11.191071,23.474075,0.000300
1025,388.225220,238.882431,20.057129,43.136307,0.000173
1025,175.632477,232.172699,12.988052,27.462097,0.000153
1025,384.466614,217.822433,33.036163,73.619186,0.000113
1025,371.375854,121.838867,101.662445,209.558624,0.000050
1025,409.937317,194.352768,22.300781,48.038040,0.000013
1025,193.691025,232.556717,12.141281,25.644577,0.000007
1050,296.349823,214.954697,21.222198,45.378159,0.996892
1050,221.436066,160.286484,67.398834,147.326767,0.993553
1050,402.737305,220.631500,17.446777,37.774445,0.950585
1050,141.238632,228.766586,13.541122,29.519974,0.200124
1050,131.906464,222.477768,18.634323,40.174393,0.005678
1050,411.682556,220.720657,14.708618,31.583313,0.005663
1050,272.152100,216.820587,14.638428,30.653809,0.000614
1050,319.840973,223.162460,11.745697,25.101685,0.000532
1050,416.220459,228.463867,11.619568,25.346725,0.000199
1050,81.261414,205.652740,17.093628,37.309769,0.000097
1050,79.055717,227.679016,16.974617,35.218170,0.000066
1050,275.532227,195.768433,45.486633,90.800812,0.000062
1050,74.809006,209.169479,25.988731,57.493301,0.000043
1050,87.955315,212.977921,21.525276,46.263626,0.000036
1050,67.948486,216.584839,35.117027,81.605286,0.000021
1050,81.410805,201.631195,33.301239,72.578430,0.000019
1050,94.320427,218.466095,14.630348,29.490601,0.000015
1050,115.476051,232.139465,12.724083,26.010620,0.000004
1075,282.907837,212.569885,20.256836,43.649445,0.996054
1075,32.169464,132.832840,83.187263,183.873642,0.994953
1075,385.793274,212.978439,18.599823,40.476288,0.930324
1075,429.561554,228.154541,12.054932,25.745087,0.031428
1075,421.862274,224.896317,11.723480,25.239105,0.005822
1075,392.540466,213.817566,18.602173,40.580093,0.003759
1075,303.702881,220.361206,12.106110,26.190536,0.000802
1075,375.991577,215.047653,13.985992,31.494644,0.000680
1075,69.452835,198.409195,49.797882,106.431381,0.000615
1075,110.781822,232.200760,13.200592,31.251999,0.000606
1075,92.163994,224.769089,20.019028,47.328476,0.000324
1075,400.448181,221.549652,12.369141,25.753555,0.000320
1075,94.459030,215.509628,17.752983,38.684540,0.000139
1075,94.614029,184.397507,16.843155,38.065887,0.000103
1075,85.851662,215.515594,31.737923,70.681885,0.000070
1075,110.720207,219.341644,13.570717,33.143784,0.000061
1075,94.916779,200.760605,16.838516,37.261826,0.000058
1075,74.591637,157.981674,22.875549,51.123795,0.000005
1075,321.637970,220.127899,11.034546,23.881516,0.000003
1100,252.084915,210.109650,20.080765,43.650253,0.996758
1100,348.337036,214.282806,16.610718,36.141205,0.988157
1100,400.766663,220.724564,12.907013,28.428131,0.973337
1100,1.799567,206.063873,23.252014,50.980621,0.959697
1100,390.582123,227.036423,10.301208,23.703445,0.010550
1100,267.254242,214.521774,16.003998,34.631821,0.006098
1100,272.427094,211.135574,12.853668,27.423355,0.001394
1100,413.650513,223.317062,11.002502,22.913574,0.000586
1100,115.094269,205.996689,13.709122,30.216476,0.000247
1100,2.855144,191.833054,16.623220,45.778870,0.000216
1100,3.033977,173.247940,31.316586,104.344742,0.000188
1100,110.650978,209.037949,20.750862,43.935623,0.000125
1100,370.521210,221.117645,11.168640,22.864731,0.000101
1100,242.341644,196.434235,36.664154,76.949463,0.000095
1100,325.025787,219.615189,11.486420,23.984192,0.000031
1100,337.800140,196.532440,38.972321,79.606201,0.000025
1100,289.608154,218.282227,10.976959,23.770981,0.000018
1100,307.126068,220.641968,10.788330,22.160126,0.000013
1100,1.285847,104.849960,45.442211,178.809708,0.000006
1125,148.308243,220.137894,19.838028,43.459518,0.995993
1125,242.230774,217.576813,18.601807,40.538910,0.975703
1125,177.613464,228.846191,12.082428,26.833374,0.058669
1125,229.987808,218.422073,18.442474,39.744614,0.002154
1125,293.265594,233.803909,11.300537,24.865555,0.000615
1125,305.813354,233.792007,11.705109,25.008194,0.000554
1125,252.098602,221.171951,14.528595,30.824478,0.000521
1125,135.110443,226.426208,12.486633,29.001022,0.000360
1125,671.463928,53.298889,44.941528,194.789429,0.000186
1125,705.246155,195.981491,14.753845,38.408463,0.000174
1125,705.372925,211.576767,14.627075,37.942291,0.000160
1125,705.576538,227.139435,14.423462,37.148163,0.000119
1125,211.860245,231.604019,11.734650,23.283401,0.000110
1125,114.079582,228.891830,13.247330,27.256424,0.000109
1125,697.103943,196.665939,22.307678,71.385086,0.000092
1125,676.432800,115.203346,41.314026,185.279510,0.000051
1125,193.861664,231.792618,11.100876,22.444962,0.000046
1125,292.721100,224.236038,12.011078,26.136841,0.000040
1125,211.663727,223.072601,11.500092,24.429489,0.000038
1125,230.140381,203.676498,37.661987,76.382675,0.000022
1125,140.341293,199.848541,43.955383,88.985291,0.000016
1125,193.263046,222.230225,11.830475,25.517014,0.000014
1125,321.452576,232.621216,11.933075,25.120911,0.000008
1125,209.172577,133.445343,81.521576,161.184387,0.000001
1150,643.713989,138.327209,63.819214,137.384094,0.978566
1150,21.663948,209.742996,19.396061,41.787094,0.944008
1150,647.983337,187.510925,37.081116,88.021515,0.025064
1150,681.332214,157.206497,37.474548,119.784897,0.002226
1150,670.939392,185.001755,39.117859,87.983139,0.000765
1150,693.253601,177.915604,26.244873,71.508362,0.000476
1150,593.962280,69.279419,115.678772,235.262817,0.000446
1150,559.741577,222.685715,19.403198,42.932693,0.000411
1150,3.457505,215.122787,14.194827,28.838608,0.000319
1150,702.861755,196.453751,17.138245,38.443268,0.000250
1150,703.297241,180.119202,16.275757,37.747360,0.000215
1150,703.549011,213.409836,16.450989,36.237900,0.000145
1150,551.452209,71.041298,106.102966,225.341583,0.000126
1150,662.686890,144.487946,34.827209,69.901306,0.000123
1150,704.382812,165.293472,15.098938,34.695114,0.000122
1150,657.644653,165.273407,20.039917,41.593933,0.000078
1150,649.659424,170.657761,31.982483,63.564407,0.000070
1150,671.290283,160.103973,39.792908,80.867355,0.000051
1150,682.907959,172.885178,21.648804,47.551804,0.000019
1150,8.263718,168.980164,49.549202,111.169861,0.000008
1175,292.809937,139.832504,75.771759,164.333115,0.979241
1175,314.025299,195.897125,46.389252,101.441803,0.035620
1175,308.129303,141.946426,49.214630,114.084152,0.003345
1175,320.869690,124.749496,36.556152,82.001846,0.001373
1175,302.114532,162.467285,34.095276,79.865402,0.000813
1175,351.342499,183.075195,14.683136,30.411636,0.000599
1175,303.776062,165.621948,22.150879,44.798309,0.000507
1175,301.957611,177.459167,24.874329,50.866119,0.000411
1175,317.511414,146.171875,26.707062,56.406570,0.000173
1175,306.229462,195.382217,17.243011,38.814178,0.000137
1175,331.091644,147.146255,21.049988,43.887329,0.000102
1175,279.451080,164.937943,44.713379,96.828384,0.000073
1175,330.664764,172.590286,24.151794,50.207947,0.000064
1175,141.151062,238.831757,21.066544,46.612854,0.000064
1175,135.860992,223.090607,31.829117,73.316132,0.000046
1175,316.773987,171.559006,26.416229,52.265900,0.000041
1175,324.345886,182.334976,32.108948,65.965195,0.000041
1175,333.982239,193.723572,20.159668,42.619583,0.000022
1175,312.812225,105.141296,34.666595,77.571716,0.000020
1175,121.615997,153.978760,74.754883,159.118561,0.000016
1175,138.973618,98.268845,98.341064,205.420273,0.000013
1175,288.991486,52.776077,88.598389,179.917145,0.000011
1175,319.378235,191.749481,21.168610,46.400696,0.000010
1200,530.875671,168.661987,54.024902,118.566254,0.995981
1200,642.264526,178.106247,47.989014,105.075882,0.686704
1200,648.721008,192.832291,33.629639,72.042831,0.006018
1200,627.307861,158.447983,72.080750,156.080063,0.003142
1200,662.608459,171.640869,43.580811,99.271393,0.001913
1200,536.587891,194.135284,36.429382,77.376892,0.001104
1200,656.258606,156.580231,51.080444,180.104218,0.000993
1200,526.691284,196.344955,25.182312,52.821838,0.000788
1200,565.392822,201.108582,28.309570,57.263702,0.000549
1200,665.972229,201.975433,23.322876,50.336868,0.000379
1200,500.818024,68.589775,107.828339,221.590424,0.000229
1200,573.855225,198.388779,15.964172,35.062881,0.000146
1200,667.899597,178.423538,22.848999,47.490067,0.000115
1200,573.514648,212.808624,15.956543,35.102417,0.000112
1200,550.040649,185.683090,31.720337,66.963608,0.000111
1200,553.799561,178.252747,23.663513,49.130295,0.000087
1200,543.681763,183.126480,23.872375,45.846802,0.000078
1200,614.343628,191.815384,43.331421,97.565201,0.000039
1200,657.848267,226.608612,35.321167,74.327454,0.000013
1200,563.732056,104.300674,109.348450,227.916672,0.000010
1225,1.000000,158.412872,51.703941,140.819275,0.995160
1225,7.443070,207.539963,35.742096,84.460190,0.001037
1225,563.820679,176.031052,36.235962,83.153915,0.000667
1225,8.602331,164.762711,28.367136,59.729462,0.000484
1225,2.099844,167.045929,17.799112,42.948181,0.000330
1225,12.752808,238.415604,26.260887,55.309036,0.000219
1225,1.000000,185.124878,22.765802,69.139664,0.000207
1225,17.854816,194.560089,34.772839,75.794678,0.000200
1225,1.812566,149.079758,26.793665,97.305298,0.000154
1225,29.293884,213.181595,18.655941,39.835434,0.000148
1225,29.214813,198.157822,18.554920,38.380646,0.000113
1225,29.685644,226.424408,17.660749,39.656128,0.000060
1225,4.164168,180.606964,36.158325,76.184937,0.000056
1225,32.857594,188.053589,40.806934,89.725616,0.000052
1225,557.684143,160.205048,57.920105,120.384796,0.000044
1225,1.000000,200.995193,28.255424,82.382370,0.000030
1225,556.249390,77.162834,89.662659,192.912292,0.000013
1225,12.421855,192.307327,23.701160,48.242065,0.000008
1225,18.391327,114.205498,108.930977,223.738678,0.000003
1225,1.000000,223.438034,18.516041,43.258133,0.000003
1250,655.534973,209.744919,19.395325,41.263885,0.000616
1250,667.120911,211.108490,18.652649,39.693100,0.000577
1250,432.164459,238.041214,20.714539,44.556839,0.000467
1250,436.286011,232.624878,12.408722,28.263916,0.000200
1250,440.167358,234.038040,24.765198,55.376999,0.000104
1250,659.912048,180.843994,32.843201,73.496994,0.000094
1250,652.258057,192.441788,26.836548,56.287994,0.000071
1250,700.901245,191.210083,19.098755,52.217041,0.000054
1250,502.868744,233.405182,29.091705,64.707611,0.000046
1250,692.296082,176.580307,26.800842,91.234421,0.000039
1250,673.636108,112.234970,43.298218,190.408035,0.000036
1250,512.584106,246.620941,15.368652,33.049408,0.000035
1250,663.136292,210.716202,30.127441,66.009323,0.000028
1250,669.853943,202.858978,16.643372,34.581970,0.000023
1250,626.789978,111.772491,80.248596,165.517822,0.000020
1250,655.919861,145.864365,40.618103,91.760727,0.000019
1250,651.840393,179.033844,23.792786,51.584793,0.000018
1250,528.028320,259.807434,12.507202,26.600464,0.000017
1250,521.209167,242.276642,21.459717,44.021271,0.000016
1250,527.224792,248.766739,12.988403,28.061996,0.000016
1250,310.278656,205.481216,34.093048,78.162308,0.000013
1250,317.055145,222.381744,21.192291,45.881836,0.000009
1250,535.027039,166.429504,31.118896,67.885483,0.000009
1250,322.104614,169.597778,35.676819,80.907440,0.000007
1250,333.651215,224.812698,19.639099,41.246964,0.000006
1250,562.836914,59.844887,108.841797,229.503143,0.000004
1250,303.637543,98.718102,86.908875,182.845123,0.000004
1250,337.851715,232.794266,13.207764,27.912186,0.000004
1275,228.765198,239.701599,35.118958,82.555786,0.001082
1275,659.210693,292.229218,13.068054,28.301971,0.000922
1275,674.191711,296.822693,12.944458,27.977509,0.000567
1275,234.553345,250.919006,24.680664,55.970428,0.000295
1275,512.641357,215.953354,14.384888,31.912964,0.000241
1275,654.174927,275.147430,19.800659,43.276886,0.000173
1275,143.273254,175.163574,42.108475,95.964722,0.000166
1275,631.671082,237.725418,35.999695,78.660019,0.000136
1275,395.859802,184.765884,20.776031,43.621521,0.000115
1275,667.564819,274.689056,24.024597,48.359406,0.000114
1275,644.864136,240.229492,35.559326,76.522095,0.000111
1275,513.807495,227.373322,13.515564,30.040192,0.000107
1275,677.011658,262.692841,33.252686,74.923370,0.000090
1275,705.091736,292.911346,14.908264,36.443024,0.000086
1275,659.237061,243.141937,36.825500,79.269073,0.000072
1275,705.039612,277.053955,14.960388,37.075867,0.000067
1275,691.915344,256.795441,26.339172,88.545776,0.000067
1275,131.781036,187.168823,42.742966,94.950104,0.000067
1275,669.506409,159.830917,46.239136,195.489731,0.000063
1275,631.482422,172.964767,75.434998,159.606766,0.000048
1275,218.255402,184.686325,71.811279,153.231827,0.000033
1275,616.589050,224.630569,36.289673,81.219803,0.000027
1275,389.580170,162.070618,32.456665,73.396988,0.000025
1275,672.969177,236.932785,44.531067,198.074417,0.000025
1275,118.973915,155.261353,81.986549,172.381775,0.000023
1275,666.882019,258.543549,22.709106,49.206146,0.000016
1275,657.206848,209.771561,40.981689,91.394547,0.000008
1275,326.737091,245.304047,29.374664,64.770294,0.000008
1275,124.192719,83.259377,101.590790,208.598236,0.000005
1275,417.358643,61.435944,108.393311,228.433929,0.000004
1275,461.664886,58.860966,114.217560,230.354492,0.000004
1275,76.144836,82.315384,118.614075,247.648239,0.000004
1275,592.280334,171.869736,91.199524,183.844406,0.000003
1275,152.199585,147.016022,96.076263,201.468170,0.000003
1275,386.195953,90.460793,92.936737,201.993591,0.000003
1300,284.760193,185.622620,20.780762,43.821564,0.013465
1300,400.603455,204.940567,16.026947,33.763763,0.000302
1300,704.625061,323.862976,15.374939,37.441925,0.000134
1300,704.780884,308.431885,15.219116,38.072693,0.000120
1300,684.958557,319.788513,20.247620,43.493652,0.000087
1300,568.990662,77.139229,122.112915,255.222382,0.000079
1300,393.797119,194.184616,28.177979,60.347122,0.000063
1300,692.372742,299.852173,26.234802,87.970276,0.000052
1300,415.161102,213.122589,14.728088,31.671906,0.000040
1300,672.954163,223.751694,45.494568,192.798233,0.000034
1300,547.385437,292.946289,12.605469,27.309784,0.000033
1300,669.507629,58.216934,46.420898,194.051895,0.000028
1300,411.209564,73.009529,18.040344,38.635361,0.000025
1300,414.824982,203.737976,14.462158,30.350754,0.000022
1300,404.067993,75.356392,30.774628,60.696129,0.000021
1300,546.672302,280.820007,12.907532,28.329010,0.000020
1300,401.340973,191.484818,15.214966,32.942932,0.000019
1300,417.219574,77.477234,12.361359,26.322067,0.000019
1300,280.981171,158.591949,25.436249,52.988281,0.000018
1300,546.899597,125.280037,104.372314,219.332092,0.000016
1300,626.736328,70.195946,84.753540,213.076447,0.000012
1300,562.189392,294.507446,12.625854,26.921570,0.000012
1300,262.665100,131.233734,71.329376,152.504669,0.000011
1300,78.284897,140.394531,115.657196,251.483246,0.000004
1300,55.893932,111.229836,106.343582,230.985413,0.000003
1300,389.051239,157.909286,36.513550,78.517517,0.000003
1300,605.435242,187.761642,94.450745,193.317917,0.000003
1300,350.972229,75.013130,105.474365,212.759613,0.000003
1300,308.039429,59.904823,108.997864,229.029602,0.000003
1300,489.349915,170.584579,85.702393,173.837173,0.000002
1300,524.464539,173.574585,86.795410,181.857483,0.000002
1300,146.741669,156.260025,108.744720,220.920029,0.000001
1325,282.816772,183.910385,20.056274,42.372711,0.002122
1325,400.030090,206.311981,20.536316,44.360168,0.001803
1325,407.788116,207.999466,24.499115,50.289108,0.000572
1325,277.330139,186.486877,29.777252,61.427582,0.000363
1325,413.288788,212.626556,16.297607,34.578598,0.000291
1325,285.565186,174.660553,17.486511,37.669998,0.000164
1325,395.756256,209.495132,28.863068,59.118057,0.000115
1325,398.440033,191.374893,20.431427,43.459808,0.000098
1325,528.835876,215.514420,42.275269,96.765549,0.000067
1325,515.787109,218.357803,40.756348,92.973495,0.000066
1325,339.595612,265.982849,12.155914,26.856049,0.000040
1325,545.337280,215.526413,41.624329,95.395493,0.000036
1325,579.023254,231.894089,42.250305,94.498276,0.000034
1325,280.251343,155.471436,25.870819,54.384003,0.000025
1325,565.100952,231.986664,39.050964,88.967865,0.000023
1325,672.036133,36.620415,43.584717,189.334137,0.000021
1325,273.061859,266.567596,12.073669,25.657440,0.000020
1325,194.241302,246.935196,12.156448,26.546158,0.000019
1325,261.482574,138.697098,67.940430,147.216324,0.000019
1325,405.012939,181.369278,31.900452,69.025497,0.000018
1325,263.339172,151.291336,33.117249,72.237976,0.000015
1325,259.544922,265.643066,12.175598,26.801422,0.000014
1325,270.906860,98.056290,90.706512,196.106979,0.000011
1325,513.944214,178.493240,80.121460,166.612656,0.000006
1325,308.873016,72.440765,106.888336,224.900513,0.000006
1325,389.623291,158.495834,37.063354,81.184830,0.000005
1325,193.941650,236.726013,12.307373,26.409821,0.000004
1325,179.697647,246.169235,12.067337,26.636887,0.000004
1325,353.402893,55.605339,109.682739,223.062378,0.000003
1325,544.544861,152.722107,100.585449,207.690521,0.000003
1325,374.971191,137.495102,77.792999,156.957962,0.000003
1325,580.100037,145.226562,114.699829,239.647797,0.000002
1350,305.319092,177.226715,14.125885,28.764832,0.003163
1350,429.287933,194.903061,23.081512,48.162399,0.002034
1350,433.730560,193.851196,15.457825,32.913498,0.000412
1350,297.821777,174.446762,26.630920,55.238098,0.000372
1350,441.341553,197.516251,21.479401,44.602615,0.000228
1350,289.705200,274.759674,12.795776,27.066528,0.000124
1350,314.299072,171.102432,20.280701,40.698303,0.000122
1350,627.443237,254.080429,36.365051,82.302444,0.000115
1350,301.198761,158.040909,20.807587,44.122879,0.000082
1350,274.661469,275.539703,12.737274,27.092072,0.000075
1350,259.124390,275.450867,12.665771,27.744537,0.000045
1350,423.438538,204.056778,34.324249,74.984177,0.000040
1350,447.228027,211.198807,15.253235,33.011597,0.000036
1350,436.972900,177.941284,30.981384,69.496750,0.000033
1350,274.817444,265.650208,12.480347,27.324921,0.000031
1350,534.586060,62.740868,121.890381,255.602966,0.000024
1350,672.622986,140.625107,45.419922,209.174728,0.000020
1350,671.333984,33.083466,45.722290,201.162872,0.000019
1350,403.665344,49.468082,94.187195,193.085846,0.000019
1350,307.803467,148.078598,33.421570,74.978424,0.000019
1350,371.135254,268.441162,11.590485,24.850616,0.000017
1350,421.373352,153.825745,37.621643,82.699600,0.000015
1350,258.855988,264.088959,13.070190,28.976013,0.000013
1350,385.348206,267.801300,11.552124,24.366852,0.000012
1350,672.085327,219.334305,44.365967,190.812607,0.000010
1350,588.225464,163.656631,101.208984,209.234818,0.000008
1350,341.484894,49.377743,114.346191,243.374023,0.000006
1350,289.633240,104.015526,84.488525,183.796509,0.000006
1350,419.523804,104.380981,41.259613,88.953506,0.000005
1350,406.144531,142.307465,75.391113,153.409119,0.000005
1375,320.656250,174.241837,14.547028,29.654861,0.007456
1375,451.107025,198.559998,18.332458,40.255981,0.004770
1375,456.817780,196.102142,20.804871,45.394775,0.003056
1375,315.450653,174.096848,23.369965,47.365219,0.000686
1375,340.790588,283.626556,11.336151,24.384735,0.000570
1375,354.954132,283.498169,11.016296,23.181610,0.000486
1375,463.738861,209.592926,14.988495,32.793732,0.000368
1375,318.925720,159.432678,18.101746,38.042664,0.000207
1375,274.027344,278.556091,13.581696,29.702698,0.000187
1375,260.576111,281.001678,12.252716,26.514526,0.000133
1375,289.375214,277.857727,14.015930,30.116058,0.000080
1375,547.240417,228.686966,13.168030,29.737289,0.000047
1375,670.767090,57.920982,46.088501,202.804871,0.000035
1375,327.733917,153.040710,25.130615,50.950241,0.000026
1375,304.895203,278.879608,12.932068,27.259796,0.000025
1375,674.050842,149.070526,43.295105,192.087006,0.000020
1375,438.115631,35.474354,91.602264,194.528946,0.000016
1375,458.946503,97.247948,24.276581,52.125969,0.000012
1375,259.781891,266.929871,13.980255,30.835388,0.000010
1375,547.318970,219.993713,12.440552,28.019852,0.000009
1375,338.868500,75.327614,109.306396,233.940887,0.000008
1375,451.878754,88.177429,38.480560,84.674164,0.000005
1375,433.074371,142.310242,73.867004,149.051666,0.000004
1375,297.850555,118.343498,67.413086,146.214111,0.000003
1375,374.530304,44.643173,118.264191,245.814682,0.000002
1400,307.301819,167.394165,14.671509,31.306091,0.032152
1400,456.322144,191.480347,20.998291,45.686111,0.019684
1400,243.164352,277.250885,14.892075,32.449921,0.002313
1400,312.369781,164.551361,20.123444,41.081223,0.002159
1400,327.002716,286.058441,10.953125,24.740051,0.001757
1400,451.320190,196.535751,15.838715,34.894714,0.001347
1400,302.168396,160.101456,25.521698,53.743759,0.001184
1400,338.959808,285.915527,11.264465,24.314850,0.001086
1400,352.067108,285.564758,10.907623,23.112579,0.000709
1400,628.722961,189.887192,41.367310,96.315933,0.000455
1400,256.272949,278.395081,14.853088,31.827911,0.000298
1400,622.072083,181.402939,65.951782,137.139603,0.000285
1400,634.676270,190.755478,29.065369,63.894669,0.000156
1400,296.294128,138.372498,30.752991,67.256500,0.000137
1400,229.466797,278.364746,13.181427,28.021454,0.000107
1400,317.919678,158.518723,15.970093,33.168594,0.000102
1400,228.034714,265.604553,13.529358,29.522308,0.000096
1400,272.395721,278.087463,14.630402,31.837799,0.000056
1400,307.187744,134.318451,33.164764,73.108475,0.000036
1400,452.598816,165.586960,32.588318,71.418289,0.000024
1400,466.581604,76.734283,35.507446,78.364227,0.000011
1400,441.898834,158.581985,55.661926,119.448318,0.000010
1400,288.456787,279.511047,13.017334,28.022583,0.000007
1425,291.962769,281.059235,16.723877,35.702087,0.088499
1425,306.828369,278.393463,17.543579,38.136932,0.018811
1425,313.332214,281.241211,17.372253,37.123138,0.008552
1425,629.840393,166.441284,41.722412,92.877991,0.005374
1425,274.326019,149.251328,15.180939,33.066238,0.002642
1425,429.624756,176.806458,20.731628,45.726669,0.002549
1425,442.138336,177.886795,19.264648,41.482712,0.001649
1425,221.846024,269.525391,23.283783,50.291046,0.000768
1425,192.217545,270.240570,19.424454,41.737396,0.000431
1425,206.404251,270.997040,20.647171,44.161102,0.000260
1425,265.863281,119.358543,27.022980,58.777489,0.000207
1425,224.959183,268.505005,15.048416,31.564850,0.000133
1425,421.894745,182.309265,13.277985,30.219696,0.000079
1425,195.045044,268.745728,13.101868,28.224579,0.000071
1425,209.775055,268.414032,14.322342,30.198151,0.000063
1425,616.325195,151.225845,78.770264,169.081223,0.000053
1425,274.964264,111.969055,34.007172,76.084717,0.000049
1425,239.428253,276.562958,14.275528,31.840790,0.000018
1425,336.952209,283.376129,11.529327,24.780182,0.000013
1425,441.385651,109.145103,28.606049,62.055656,0.000009
1425,436.583160,119.359108,37.326599,83.376488,0.000006
1425,355.728729,283.376740,11.860596,25.991821,0.000003
1450,252.821487,281.312531,23.488022,50.984375,0.409850
1450,273.566864,277.954895,24.987396,54.306732,0.260220
1450,281.941711,286.399200,17.732635,39.137146,0.003305
1450,258.791901,267.249573,37.133545,75.112183,0.001976
1450,337.526886,294.993713,13.014648,28.021057,0.001488
1450,427.036133,166.708237,18.941895,40.859985,0.001051
1450,413.044189,168.432281,19.123932,41.913208,0.000504
1450,324.844452,294.665192,12.658112,28.228638,0.000447
1450,176.701111,275.176453,20.360596,43.792328,0.000297
1450,403.590912,169.218719,18.716034,39.931808,0.000220
1450,420.439972,82.058640,57.447571,129.551620,0.000141
1450,351.476318,295.807129,13.286011,28.294189,0.000138
1450,184.992722,276.667999,21.327103,44.835693,0.000122
1450,436.498413,82.824928,27.163940,58.422935,0.000120
1450,307.268127,293.453552,11.868500,27.034241,0.000101
1450,324.336151,289.199768,11.151581,23.317963,0.000079
1450,226.157227,291.762665,14.148941,29.248199,0.000048
1450,289.561859,186.199844,13.497955,28.993576,0.000039
1450,178.154053,267.975159,15.821167,34.328827,0.000032
1450,442.910706,85.982208,19.517487,37.890579,0.000031
1450,432.450378,90.140785,36.295227,78.317436,0.000025
1450,388.312469,299.429779,11.939087,25.357483,0.000016
1450,402.961792,299.967865,11.651154,25.233856,0.000009
1450,390.265991,85.676781,83.254089,176.877625,0.000005
1475,255.178238,263.287140,32.285477,68.549500,0.959393
1475,231.343521,261.620392,32.239853,69.370636,0.927184
1475,402.798187,293.147491,14.987976,32.774902,0.201909
1475,414.030701,294.903625,13.269470,27.877350,0.016789
1475,324.204041,283.378540,12.645294,26.624634,0.013118
1475,384.686005,281.895172,18.465454,39.784241,0.003330
1475,338.228638,279.280914,13.400208,29.231445,0.001763
1475,386.783539,286.232819,12.923798,26.735229,0.001331
1475,153.781296,268.192535,20.237900,44.032806,0.000816
1475,144.221283,257.031494,22.911148,49.492188,0.000692
1475,350.591064,273.195801,22.922852,49.179291,0.000682
1475,353.014862,270.933777,14.622925,30.295715,0.000609
1475,353.508667,279.029846,15.839874,34.411072,0.000596
1475,369.347076,292.664093,15.041931,30.562073,0.000566
1475,367.747803,282.119568,15.558929,33.468750,0.000355
1475,309.553009,280.888336,12.078125,27.248810,0.000168
1475,147.006897,248.829407,30.310150,65.794342,0.000136
1475,209.690384,280.151306,16.808121,34.604034,0.000029
1475,428.431030,134.028244,18.910950,41.386002,0.000025
1475,414.984741,135.371933,21.031342,44.905670,0.000018
1475,412.871735,136.024231,29.798828,65.103882,0.000018
1475,423.229919,136.747437,27.793854,58.438736,0.000016
1475,418.066681,140.817398,14.193542,29.387177,0.000015
1475,419.085175,152.437393,14.666351,30.138000,0.000004
1500,228.101776,263.247406,36.874451,79.269989,0.962691
1500,214.088303,266.319244,35.702835,77.033875,0.961110
1500,487.489349,264.202515,21.999481,48.873291,0.060556
1500,369.864746,269.662659,12.526154,26.621735,0.005743
1500,249.794052,282.430786,24.245895,51.633331,0.004912
1500,335.098328,276.840179,14.325836,31.512848,0.002770
1500,219.077881,77.646637,24.765411,53.382477,0.002717
1500,225.524216,78.130661,15.422775,33.279709,0.001868
1500,112.196259,274.139160,17.226562,39.564667,0.000953
1500,205.885925,255.051834,53.146667,105.301804,0.000687
1500,369.933167,275.377319,14.873138,32.380920,0.000546
1500,102.616714,251.739334,33.939713,74.867050,0.000501
1500,482.913452,266.493500,16.356812,34.204285,0.000400
1500,120.926208,270.648193,20.768509,45.460724,0.000264
1500,127.976631,278.751221,13.488655,30.730408,0.000157
1500,269.914581,296.426666,13.315735,30.161407,0.000096
1500,402.895721,291.400330,15.525635,34.318146,0.000078
1500,441.287567,116.365372,23.822449,50.943329,0.000048
1500,437.075409,117.340790,33.169495,72.388107,0.000042
1500,426.470154,121.640266,30.675262,63.662132,0.000013
1500,63.337139,168.853928,90.553818,183.349838,0.000009
1500,415.375732,294.764374,13.110199,28.147491,0.000006
1525,226.659561,250.610291,41.922623,89.493805,0.993050
1525,194.499924,249.935028,41.772903,91.376709,0.992266
1525,210.373962,253.350159,39.816193,87.001160,0.726443
1525,401.883575,253.708359,12.181519,26.268753,0.157839
1525,430.881073,280.069611,15.228241,32.279510,0.109262
1525,265.397430,280.942719,21.874420,46.304199,0.016972
1525,422.211945,275.210388,14.864075,33.847595,0.012259
1525,74.120361,260.810822,25.150017,57.285675,0.008489
1525,351.281677,259.237671,13.319153,28.891663,0.006784
1525,389.065216,251.189468,11.077118,24.090286,0.006420
1525,340.952576,260.256805,14.270966,32.211395,0.004000
1525,270.093811,289.353455,14.924530,32.758392,0.003669
1525,433.427887,273.475739,12.702332,27.773895,0.001469
1525,79.317421,281.295776,16.678001,38.710602,0.001412
1525,74.692223,244.599915,23.834244,53.205994,0.000823
1525,372.415436,252.783249,10.581177,22.907181,0.000722
1525,420.532440,266.945740,14.263153,31.243042,0.000243
1525,451.324371,90.405304,36.821198,79.244141,0.000240
1525,465.798035,87.929413,34.779633,79.365387,0.000114
1525,507.704773,253.026794,24.750916,50.944550,0.000055
1525,54.970890,216.186691,53.957767,114.168503,0.000043
1525,457.847748,96.415718,23.332916,50.456444,0.000036
1550,179.812820,224.942902,48.382050,104.549438,0.995242
1550,140.796188,220.842590,50.864868,110.894409,0.987474
1550,464.953217,106.417488,13.856903,29.328484,0.258681
1550,416.407990,245.721268,17.199280,37.198074,0.029685
1550,334.615814,229.805313,14.166046,30.890030,0.005457
1550,388.243500,222.987869,11.401825,24.274139,0.004175
1550,372.012299,222.042694,11.281189,24.670578,0.004082
1550,401.986664,225.202621,14.124451,29.792511,0.003860
1550,404.328949,232.174866,14.540863,31.981506,0.002083
1550,162.011169,227.263214,42.555695,92.495148,0.001764
1550,611.102051,326.127441,12.687927,27.318909,0.000931
1550,241.821259,270.780762,15.981232,35.523621,0.000733
1550,354.994843,221.754669,11.364777,24.422989,0.000466
1550,388.392487,231.404892,12.328400,25.198105,0.000348
1550,410.233246,237.242584,26.736450,56.076202,0.000340
1550,164.488907,239.360443,27.209305,60.754791,0.000278
1550,406.036621,241.585678,14.507233,33.678055,0.000265
1550,226.124557,264.300507,12.853806,28.207031,0.000245
1550,354.090057,231.520432,11.652588,24.623306,0.000208
1550,173.788712,244.793442,19.492859,37.196548,0.000092
1550,540.691895,206.400726,72.100586,152.555176,0.000052
1550,284.801025,91.526184,23.457153,48.769012,0.000030
1550,431.153168,248.825653,13.786469,29.352295,0.000019
1550,254.750076,263.514191,13.840591,29.725006,0.000013
1550,100.593269,192.864899,79.069511,161.510406,0.000008
1575,109.370575,193.350769,62.132919,135.356720,0.996117
1575,43.928135,191.255157,63.416759,138.782379,0.984408
1575,405.994995,222.377258,13.897400,30.909103,0.685088
1575,437.027039,84.631668,13.618500,30.085541,0.089300
1575,418.735138,91.366562,11.907043,25.109039,0.016264
1575,411.558624,220.074020,18.145966,38.513046,0.010130
1575,73.850365,204.415024,51.160690,111.753067,0.007457
1575,446.507050,85.986549,13.037933,27.887833,0.001950
1575,107.607269,222.422531,35.829239,81.505112,0.001651
1575,320.519592,210.182404,15.160126,33.102570,0.000700
1575,210.618896,245.133286,15.474640,33.962601,0.000357
1575,113.524406,229.815018,19.069572,39.171585,0.000346
1575,85.672211,229.087509,31.914528,72.416672,0.000318
1575,625.868835,181.745758,15.308716,33.727509,0.000260
1575,93.879715,228.962738,17.830719,40.283661,0.000229
1575,560.021729,154.541046,82.293213,175.604523,0.000219
1575,640.568970,173.523651,14.567505,30.857269,0.000175
1575,219.588654,241.156693,20.559097,43.659561,0.000171
1575,93.106041,241.528000,19.510979,44.563553,0.000129
1575,112.647705,242.327972,19.642197,42.180328,0.000063
1575,223.956497,236.690170,14.288635,31.265060,0.000027
1600,1.000000,146.738663,59.122730,199.607224,0.872223
1600,412.023071,200.718842,16.566864,36.087311,0.858662
1600,336.458893,174.225372,14.234283,31.253448,0.798977
1600,405.866882,195.053024,18.718140,39.594040,0.018667
1600,385.066254,173.288345,14.113159,29.682877,0.005684
1600,322.993134,177.025360,12.501434,26.634567,0.005106
1600,371.604919,172.245407,11.922852,25.941879,0.004280
1600,318.408569,176.156860,19.434875,41.341217,0.004098
1600,303.398254,177.518936,22.017639,46.046860,0.003151
1600,354.982300,172.954971,11.412140,24.761337,0.000574
1600,514.416504,167.921326,32.438721,69.932297,0.000420
1600,1.000000,142.378967,36.487370,140.342896,0.000399
1600,404.847595,190.350845,14.136597,31.381195,0.000276
1600,17.913988,180.757584,38.028305,78.273483,0.000070
1600,1.000000,96.397812,101.785660,262.442932,0.000054
1600,622.142029,146.780075,88.354370,196.706589,0.000047
1600,29.071184,208.574661,21.276602,45.840820,0.000042
1600,658.476624,228.064560,40.977478,90.192764,0.000040
1600,26.922218,189.607742,22.988136,51.762863,0.000031
1600,575.893677,113.322800,115.114624,247.487839,0.000029
1600,431.668488,203.466400,12.738953,27.054565,0.000029
1600,23.641472,158.270309,115.684486,240.508347,0.000003
1600,60.943050,104.882988,103.147797,218.353882,0.000003
