25,393.529,213.524,31.606,37.692,0.1920000
25,581.185,207.486,30.471,68.724,0.4146270
25,551.553,207.252,33.795,74.450,0.9991750
25,597.036,208.002,31.919,71.543,0.9920950
25,393.529,213.524,31.606,37.692,0.1117600
25,581.185,207.486,30.471,68.724,0.2229400
25,548.812,205.266,39.637,78.941,0.0263790
50,553.039,198.238,47.997,86.812,0.7383220
50,391.082,213.133,31.244,38.002,0.7983560
50,513.905,205.434,33.479,77.799,0.9998070
75,395.798,209.904,32.612,39.005,0.4361550
75,526.042,192.041,46.317,91.653,0.9349480
75,472.055,191.317,47.856,95.011,0.9999130
75,544.603,191.589,48.702,93.872,0.9952720
75,395.798,209.904,32.612,39.005,0.1347530
75,524.350,192.771,48.903,82.209,0.0240170
100,390.867,203.833,30.667,42.194,0.0218680
100,407.008,186.599,53.835,99.830,0.9999270
100,473.746,178.648,48.664,104.239,0.9922050
100,497.068,175.849,47.767,108.226,0.9724460
100,390.867,203.833,30.667,42.194,0.8297020
125,320.581,183.401,61.407,120.323,0.9999970
125,396.191,175.103,57.872,131.635,0.9998530
125,432.787,180.805,49.538,119.692,0.9997250
125,433.379,179.295,48.254,108.290,0.1071720
125,377.529,210.743,31.104,44.448,0.0151910
150,219.964,158.257,72.463,145.332,0.9999670
150,367.093,156.288,52.023,141.055,0.9972780
150,302.046,145.304,61.740,159.727,0.9936210
150,346.198,157.635,56.815,157.024,0.6671410
175,6.232,201.321,26.602,59.260,0.4794790
175,18.352,198.957,29.978,58.253,0.1338840
175,44.980,144.865,88.899,198.209,0.9999940
175,161.707,134.732,80.755,210.201,0.9998350
175,241.896,139.263,85.150,196.930,0.9986350
175,192.831,143.025,79.602,196.822,0.0226830
175,6.232,201.321,26.602,59.260,0.0279850
175,18.352,198.957,29.978,58.253,0.7848270
175,392.176,211.288,27.306,39.880,0.8335950
175,374.773,213.071,27.244,36.027,0.1878520
175,386.063,214.142,23.681,32.684,0.1016050
200,387.918,204.616,37.148,44.621,0.0618480
200,39.584,90.912,120.115,268.529,0.9998040
200,2.000,111.333,102.837,259.508,0.9241460
225,405.117,211.799,36.797,48.303,0.0869700
225,78.948,194.840,48.042,85.181,0.3237400
225,73.907,199.550,33.011,58.169,0.0103660
225,61.019,194.683,38.630,84.868,0.9083390
225,56.485,192.742,47.714,80.012,0.4409380
225,78.835,192.881,49.459,78.373,0.9735390
225,73.907,199.550,33.011,58.169,0.0115640
250,504.057,216.204,27.904,42.162,0.0278260
250,467.397,210.956,27.063,42.225,0.0110280
250,429.124,213.028,26.194,38.284,0.0616310
250,446.138,207.596,33.078,51.161,0.8120450
250,142.622,185.223,60.068,103.413,0.9110980
250,127.718,189.087,56.798,85.458,0.6875030
250,154.283,189.081,37.864,76.333,0.0105520
275,505.323,214.634,25.872,45.862,0.2828010
275,478.439,210.997,35.075,53.847,0.0663650
275,202.687,185.775,56.854,107.020,0.5948940
275,464.311,217.014,26.756,40.928,0.2171670
275,230.457,183.944,58.867,114.912,0.9922360
275,478.833,208.016,34.421,52.272,0.1465380
275,203.279,187.489,54.123,91.698,0.8681790
275,233.266,179.979,52.865,108.097,0.3508420
275,464.311,217.014,26.756,40.928,0.0420300
300,531.833,196.050,25.936,46.514,0.4794550
300,478.881,201.284,27.875,41.467,0.8596460
300,503.980,192.368,39.695,60.191,0.8957950
300,277.507,169.094,51.987,112.847,0.0125180
300,314.395,158.605,48.419,124.976,0.2722030
300,479.961,199.752,27.076,38.849,0.1025590
300,283.856,158.258,68.632,130.259,0.6103220
300,505.653,191.739,36.240,55.347,0.0386570
325,376.959,163.427,82.979,150.379,0.0329720
325,565.550,209.179,27.112,48.161,0.9919020
325,535.717,206.562,35.079,59.668,0.9458530
325,357.372,167.220,96.278,146.648,0.9996570
325,499.607,212.144,27.283,39.918,0.0755970
350,662.763,201.674,24.010,51.549,0.6253910
350,636.723,199.101,27.828,60.871,0.7876630
350,544.674,152.314,107.390,223.551,0.9553300
350,662.763,201.674,24.010,51.549,0.0135400
350,641.002,198.292,27.217,61.134,0.0164220
350,543.050,128.566,113.298,209.470,0.6851570
375,677.895,202.599,28.419,69.267,0.8825250
375,615.785,214.485,30.221,42.191,0.4715220
375,587.281,212.872,26.247,36.808,0.7857540
375,615.754,212.011,29.407,41.336,0.0718060
400,574.527,216.373,27.409,41.951,0.1520960
400,670.070,200.145,33.421,80.525,0.9355110
400,657.095,208.573,34.240,65.431,0.2784600
400,574.775,213.350,27.155,41.635,0.0153770
425,418.108,215.340,21.240,32.791,0.2636610
425,478.475,213.200,27.733,46.800,0.8459540
425,643.143,205.061,33.612,69.145,0.9999270
425,584.054,198.003,46.047,88.861,0.9975060
425,579.828,207.729,31.073,67.374,0.1073350
425,653.766,202.037,34.094,80.000,0.0069730
425,478.921,211.042,27.175,45.334,0.0256900
450,402.044,216.587,25.994,39.182,0.9535010
450,519.056,200.731,49.118,89.064,0.9472820
450,600.594,202.919,35.853,77.482,0.9999620
450,403.875,212.412,28.718,42.864,0.0175840
450,513.036,200.919,64.329,85.390,0.0118470
475,273.276,215.529,26.108,43.337,0.7156360
475,391.788,216.041,27.494,43.902,0.9507290
475,519.778,192.842,56.907,111.718,0.7917180
475,649.016,191.976,39.673,100.027,0.9999640
475,273.777,212.289,25.184,43.224,0.0201010
475,390.916,212.307,28.757,44.293,0.0377120
475,533.494,191.517,54.472,107.665,0.9650190
500,259.866,209.115,26.976,46.871,0.8748970
500,563.367,190.466,53.367,112.580,0.9498710
500,598.006,178.289,60.525,130.186,0.6582750
500,421.573,210.331,26.747,51.875,0.9875170
500,259.866,209.115,26.976,46.871,0.0133580
500,416.946,208.226,28.550,50.379,0.0553330
500,598.006,178.289,60.525,130.186,0.4784350
500,565.413,181.720,52.168,105.975,0.0197900
525,479.489,219.549,27.822,43.082,0.6569480
525,656.642,180.299,51.081,147.216,0.0440260
525,247.169,209.387,27.585,54.250,0.9880710
525,479.489,219.549,27.822,43.082,0.2015160
525,656.642,180.299,51.081,147.216,0.9150150
550,223.356,208.236,25.590,58.943,0.9977240
550,559.630,213.786,30.756,60.104,0.9940360
550,224.939,206.014,27.323,55.941,0.0252280
550,557.585,209.644,39.186,64.997,0.0414090
575,172.932,200.329,28.550,63.318,0.7550790
575,672.804,211.138,30.285,58.508,0.9991180
575,172.932,200.329,28.550,63.318,0.2394150
600,102.446,190.596,36.887,64.693,0.6169540
600,100.570,187.770,42.445,71.473,0.9748320
625,11.612,201.720,31.703,79.740,0.9668560
625,9.156,196.267,36.553,90.658,0.1563550
775,621.747,207.208,23.861,48.957,0.0161640
775,621.747,207.208,23.861,48.957,0.0057430
800,612.661,212.557,21.419,41.554,0.0270420
825,609.999,197.246,24.846,44.579,0.1178070
825,609.999,197.246,24.846,44.579,0.0138920
850,627.585,200.257,24.854,53.741,0.0648040
850,627.585,200.257,24.854,53.741,0.5069170
875,616.701,199.066,32.709,61.562,0.9881360
875,612.027,196.628,45.260,67.297,0.0515630
900,591.342,205.757,34.199,70.343,0.9527260
900,594.107,206.419,36.240,67.874,0.6981650
925,558.642,185.320,32.217,81.653,0.9986890
925,554.207,185.137,40.653,81.398,0.0274850
950,510.085,186.189,44.327,93.414,0.9999930
975,421.164,165.721,55.185,124.580,0.9999970
1000,246.507,155.957,72.175,168.412,0.9999370
1125,478.691,257.607,27.603,73.614,0.0777260
1175,479.518,226.285,31.497,54.435,0.1650710
1175,479.518,226.285,31.497,54.435,0.7910680
1200,315.489,221.049,33.568,64.430,0.9873010
1200,318.878,220.401,32.720,66.043,0.3050800
1225,253.742,214.236,30.679,67.414,0.0130000
1250,264.087,210.389,33.578,87.727,0.3377550
1250,263.113,214.714,28.909,80.655,0.0196920
1275,296.578,214.970,43.800,90.054,0.9163690
1300,399.052,217.843,49.523,118.566,0.9874860
1300,392.271,218.040,50.474,119.576,0.0309420
1325,621.863,195.022,65.914,143.217,0.9956560
1325,612.610,197.970,86.278,137.570,0.0108810
1350,681.482,244.756,23.461,44.561,0.0137580
1475,212.371,195.477,50.498,83.285,0.0054320
1550,576.391,162.662,32.349,71.109,0.0569260
1575,666.699,146.935,43.275,197.338,0.8091260
1575,666.699,146.935,43.275,197.338,0.0075470
1925,556.902,214.194,29.846,39.012,0.0309270
1925,153.100,136.376,34.305,54.859,0.9965510
1925,145.727,136.889,42.721,53.296,0.3563120
1950,356.575,214.001,46.602,78.126,0.9988580
1975,378.705,210.133,44.657,96.342,0.9998220
2000,281.772,200.597,66.568,101.192,0.0091940
2000,286.956,194.065,55.127,112.339,0.9988210
2025,193.929,163.208,65.619,150.494,0.0802290
2025,414.319,250.416,20.736,46.836,0.1663890
2025,189.266,161.789,66.115,142.034,0.9847290
2050,73.024,140.485,81.443,195.350,0.7090910
2050,56.126,131.121,92.320,203.452,0.8211100
2050,282.289,232.938,44.385,90.970,0.9998600
2075,374.627,273.399,30.144,70.889,0.0325930
2075,158.378,232.919,54.087,117.221,0.0430840
2075,377.905,269.797,30.686,66.398,0.0108100
2075,156.106,227.807,57.274,111.081,0.9985840
2100,408.859,258.685,49.995,111.589,0.9639080
2100,429.453,259.977,45.066,103.041,0.4452660
2100,98.884,205.981,65.948,144.574,0.9931200
2100,459.957,260.880,43.499,94.200,0.9996830
2100,83.389,203.307,95.154,150.403,0.1337650
2125,545.554,262.047,48.972,131.021,0.9238980
2125,72.231,182.608,85.518,188.164,0.9617070
2125,514.529,261.368,44.949,141.241,0.9986620
2125,570.056,262.845,49.796,133.086,0.9975250
2125,545.554,262.047,48.972,131.021,0.0165030
2125,64.370,200.271,84.495,181.828,0.6115040
2150,656.369,260.561,53.497,159.279,0.9210760
2150,608.806,251.443,53.875,182.687,0.9893260
2150,640.858,244.026,72.216,194.240,0.0053810
2175,666.546,277.082,43.759,182.911,0.9451480
2200,578.556,186.650,104.633,285.065,0.9707730
2200,652.060,165.130,62.702,292.831,0.0448760
2200,591.997,180.508,102.161,296.832,0.0075230
2200,652.060,165.130,62.702,292.831,0.0316460
2225,274.277,75.663,172.556,403.146,0.9705180
2225,462.784,41.561,123.222,452.703,0.9351970
2225,374.829,36.688,159.209,432.694,0.3560730
2225,281.275,83.949,144.113,345.219,0.0227810
2225,486.017,51.250,111.539,360.808,0.0069170
2350,663.404,221.749,41.547,130.554,0.9597410
2350,664.668,222.059,39.949,141.074,0.0452290
2375,363.065,100.853,31.528,41.172,0.0154500
2375,426.326,203.019,52.109,134.717,0.9996170
2375,426.471,197.818,50.563,128.262,0.0068860
2400,188.328,170.369,80.798,176.307,0.9999120
2450,507.592,206.852,29.539,53.421,0.0888060
2450,529.384,205.912,30.820,54.830,0.2003420
2450,507.104,208.631,29.808,55.850,0.9712040
2450,525.549,206.495,32.110,62.616,0.9599420
2475,334.011,160.419,31.677,62.330,0.0152680
2475,350.449,158.516,32.640,66.419,0.9370670
2475,599.498,162.263,43.880,84.754,0.9912610
2475,573.340,164.921,32.030,88.283,0.9910850
2475,331.893,162.259,31.177,65.844,0.9957920
2475,350.928,158.812,32.683,72.691,0.6717120
2475,491.241,167.546,29.714,91.761,0.1049870
2500,538.206,114.712,15.931,33.992,0.0101070
2500,274.470,148.463,31.065,74.498,0.7128560
2500,292.215,149.712,33.234,77.599,0.9997500
2500,586.763,150.306,33.462,90.460,0.9944160
2500,544.537,151.665,31.629,87.039,0.9912720
2500,564.838,148.975,33.862,94.208,0.9910710
2500,538.206,114.712,15.931,33.992,0.0163330
2500,547.615,143.496,37.662,98.378,0.0128220
2500,478.770,153.764,35.075,71.586,0.9859650
2500,274.108,144.972,36.119,85.430,0.4593730
2500,290.848,144.460,36.845,82.913,0.0162890
2525,507.056,113.036,20.982,41.853,0.7078710
2525,559.384,147.657,39.672,94.247,0.9884960
2525,222.629,149.868,36.041,89.230,0.9352480
2525,531.032,146.947,39.053,97.887,0.9869560
2525,244.571,147.227,37.778,95.994,0.9909990
2525,580.794,150.511,40.180,89.281,0.9585820
2525,615.754,113.264,24.771,46.113,0.0305650
2525,633.515,114.731,26.173,52.828,0.0246840
2525,507.056,113.036,20.982,41.853,0.0382340
2525,520.584,112.445,20.645,39.991,0.0059590
2525,217.718,147.534,39.956,91.271,0.8445430
2525,490.600,152.570,34.503,69.814,0.4424770
2525,240.767,147.636,43.732,92.127,0.3628960
2525,531.032,146.947,39.053,97.887,0.0105990
2550,483.819,128.423,17.648,36.995,0.0531430
2550,514.782,153.639,46.739,110.266,0.8731220
2550,147.653,154.767,45.052,97.355,0.8732050
2550,180.711,148.412,46.209,120.704,0.9896490
2550,580.547,142.258,40.506,115.744,0.9988000
2550,468.910,125.074,20.560,48.020,0.9973180
2550,544.107,139.697,43.255,119.504,0.9912860
2550,482.972,126.810,19.374,40.298,0.1259450
2550,513.449,151.893,45.668,103.969,0.0117630
2550,494.659,148.497,29.406,74.004,0.3231280
2550,144.120,153.662,44.698,101.420,0.2359210
2550,178.831,152.704,48.839,99.417,0.0184320
2575,582.797,141.849,51.763,122.590,0.9999560
2575,106.263,141.549,55.481,137.882,0.9998650
2575,49.304,144.494,52.200,134.607,0.9995830
2575,439.439,125.275,25.732,56.197,0.9991830
2575,546.296,137.584,48.656,132.518,0.9987770
2575,507.540,147.857,52.344,123.327,0.9941950
2575,456.263,127.296,23.088,44.209,0.9750630
2575,49.945,141.245,52.339,128.841,0.0222260
2575,502.362,140.138,51.998,123.957,0.0213770
2600,2.000,114.346,60.534,208.340,0.9805130
2600,411.734,129.533,28.209,58.306,0.9895370
2600,520.643,141.760,59.388,151.612,0.9998350
2600,603.638,149.670,56.085,135.447,0.9997870
2600,565.585,140.447,55.042,150.843,0.9987530
2600,431.180,133.850,25.638,49.405,0.9939800
2600,2.000,107.094,61.877,196.348,0.0464200
2600,411.734,129.533,28.209,58.306,0.0182620
2625,513.889,123.125,19.131,34.136,0.4244210
2625,399.822,122.306,29.431,62.639,0.9977490
2625,619.448,111.097,73.162,200.248,0.9962330
2625,425.140,123.802,28.056,58.926,0.9940770
2625,563.164,121.619,87.388,165.247,0.9855330
2625,684.624,126.733,29.904,177.538,0.0055160
2625,658.821,124.052,44.558,175.434,0.0050990
2625,530.471,124.514,35.127,67.693,0.3793010
2650,406.315,130.285,31.816,63.911,0.9815470
2650,567.388,120.468,44.257,81.210,0.0555710
2650,432.848,130.126,32.126,60.430,0.9998280
2650,635.796,126.285,29.505,65.452,0.9977200
2650,521.958,130.683,24.062,38.380,0.9705810
2650,572.359,131.220,36.088,61.937,0.9967290
2675,519.237,146.848,22.847,43.708,0.2299490
2675,398.496,142.902,33.208,75.920,0.9987690
2675,428.995,140.136,31.334,71.108,0.9984810
2675,668.945,132.068,32.039,76.270,0.9909150
2675,689.458,135.378,24.355,73.557,0.0156260
2675,666.426,126.329,40.740,88.264,0.2267660
2675,519.237,146.848,22.847,43.708,0.0698100
2675,614.161,140.384,35.403,67.543,0.9881010
2675,431.884,136.462,38.627,76.185,0.1073890
2675,401.776,140.498,34.151,71.523,0.1039000
2700,657.903,136.844,46.901,91.850,0.1025290
2700,641.064,141.759,42.605,83.330,0.5839790
2700,460.727,155.280,26.958,44.059,0.0072070
2700,367.594,144.649,33.821,76.995,0.9998790
2700,339.181,146.440,34.666,77.754,0.9979800
2700,657.903,136.844,46.901,91.850,0.0072750
2700,641.064,141.759,42.605,83.330,0.0181620
2700,340.500,142.810,33.920,71.378,0.0228270
2700,458.524,155.238,27.165,43.872,0.9938190
2700,366.401,142.202,36.796,82.773,0.0530170
2725,237.397,168.131,44.495,92.625,0.9655970
2725,198.988,166.311,46.846,99.909,0.9999770
2725,628.792,172.352,42.010,85.029,0.9995220
2725,600.341,171.461,41.580,86.725,0.9859070
2725,568.463,174.211,34.538,81.677,0.9766310
2725,589.669,171.810,33.548,87.075,0.8069250
2725,355.066,187.278,25.547,49.521,0.3946300
2725,241.231,161.349,42.670,89.409,0.3613600
2750,235.852,195.732,30.691,54.321,0.0057560
2750,555.974,182.854,47.940,95.796,0.9999990
2750,18.191,157.701,58.559,133.739,0.9999910
2750,69.744,165.351,57.035,118.603,0.9999800
2750,514.828,180.789,45.614,98.556,0.9955890
2750,484.108,179.809,42.091,97.525,0.9935200
2750,506.826,182.616,31.494,89.271,0.0269310
2750,241.031,195.725,27.834,54.032,0.9967920
2775,495.035,172.311,42.848,110.186,0.9952980
2775,153.189,185.967,32.711,57.476,0.6693090
2775,529.387,169.183,46.504,113.018,0.9999680
2775,442.155,171.897,43.896,106.230,0.9999410
2775,472.777,172.744,41.653,108.093,0.9909400
2775,150.194,186.701,34.784,56.666,0.9153500
2800,76.206,180.397,37.429,70.429,0.7051570
2800,530.030,165.605,56.628,130.764,0.9999530
2800,430.952,166.858,44.215,117.823,0.9992310
2800,486.739,171.230,50.452,119.747,0.9969610
2800,460.808,168.458,45.508,120.477,0.9938090
2800,69.821,181.512,48.101,69.124,0.6906560
2800,425.213,176.303,39.235,100.158,0.0214890
2825,547.951,157.517,60.453,152.816,0.9998230
2825,466.030,167.450,51.286,130.948,0.9997130
2825,498.589,164.768,54.357,136.295,0.9989290
2825,426.017,167.279,48.926,138.602,0.9978670
2825,3.418,177.602,30.476,81.281,0.9509660
2825,422.450,175.346,44.513,110.265,0.0140730
2850,483.343,155.250,63.746,168.606,0.9999500
2850,573.385,162.567,72.598,166.503,0.9999470
2850,431.835,153.236,65.062,170.121,0.9999360
2850,522.717,160.528,60.245,161.645,0.9962660
2875,530.651,151.749,77.161,182.894,0.9999910
2875,571.161,138.636,87.620,211.296,0.9999840
2875,458.293,143.366,77.020,199.413,0.9999730
2875,639.841,147.240,69.103,208.507,0.9998070
2900,589.955,109.587,109.070,266.874,0.9981200
2900,582.193,106.425,112.399,255.750,0.0925410
2900,568.458,199.684,35.882,61.433,0.0284650
2925,618.856,205.411,35.682,52.021,0.7449690
2950,638.458,197.784,37.670,59.230,0.9961570
2975,634.259,201.711,33.897,56.229,0.9920370
3000,370.784,194.574,22.527,43.507,0.0055170
3000,628.296,201.533,28.888,59.553,0.0768230
3000,370.784,194.574,22.527,43.507,0.0081720
