25,448.476,162.227,13.529,27.138,0.4873052
25,441.464,162.752,12.646,26.766,0.4271154
25,643.827,44.728,62.182,185.812,0.0605888
50,433.166,159.162,13.083,25.942,0.7216696
50,425.966,159.546,12.640,25.546,0.4131884
50,242.500,46.466,24.437,65.079,0.0883853
50,242.160,47.416,25.738,63.730,0.2138329
75,422.977,162.251,13.910,28.728,0.9445083
75,413.892,163.021,12.702,27.605,0.7784497
75,440.164,156.586,24.389,38.845,0.0665903
100,390.679,168.750,12.824,31.641,0.2238225
100,402.560,168.624,13.958,29.757,0.0799564
100,402.044,168.353,15.045,29.835,0.4200929
100,416.503,160.034,29.299,43.261,0.4079831
125,379.948,171.900,14.533,31.187,0.2778373
125,367.703,170.116,13.927,35.313,0.5723163
125,379.479,171.590,15.539,31.407,0.0927502
150,347.862,171.893,13.178,28.377,0.9516730
150,339.382,171.930,12.357,28.801,0.8103375
175,331.737,212.382,14.100,29.823,0.9851108
200,331.794,208.910,14.136,30.714,0.9727349
200,632.834,80.637,66.433,220.282,0.0598203
200,634.852,94.466,54.073,126.277,0.0927896
200,331.358,209.234,14.391,29.429,0.0655437
225,337.461,207.981,16.673,33.854,0.7830852
225,336.524,205.079,18.275,35.664,0.2904271
250,356.111,208.723,13.701,29.380,0.1821581
250,355.032,207.944,15.487,29.444,0.1083586
275,376.882,213.148,14.209,29.808,0.9923901
275,535.369,217.130,27.096,51.952,0.0706864
275,403.654,206.829,31.179,40.272,0.2956865
300,392.290,209.743,14.036,28.231,0.8264281
300,573.623,213.920,30.390,55.814,0.4596649
300,422.925,201.147,27.357,39.362,0.0894883
300,666.556,203.715,38.678,88.912,0.0856799
325,651.381,239.137,16.884,39.465,0.2529290
325,574.526,218.564,30.309,55.952,0.0760031
325,404.234,204.945,27.621,38.806,0.0501641
375,666.184,252.456,21.024,43.323,0.1785423
425,205.195,209.948,14.807,34.670,0.1278277
425,205.482,211.081,15.737,32.517,0.2813391
450,200.034,202.531,19.491,37.972,0.0565617
475,223.656,202.162,16.428,36.406,0.1503789
475,222.579,201.776,18.086,37.991,0.8205024
575,265.841,205.482,20.914,37.563,0.9996816
600,276.412,200.985,22.159,38.688,0.9995900
625,271.571,203.111,23.915,44.440,0.9998327
650,275.724,203.023,25.647,53.259,0.0553200
650,274.396,202.300,27.218,51.946,0.9934505
675,356.120,196.256,29.746,64.906,0.9783098
675,262.703,70.166,20.507,61.228,0.0740385
675,355.752,196.146,30.553,61.419,0.2059158
675,652.032,155.463,52.977,126.888,0.1603701
700,441.791,194.046,35.284,72.814,0.8767304
700,334.780,65.789,19.377,58.199,0.1527638
700,442.058,194.787,36.935,64.866,0.5274988
725,497.168,188.104,43.551,89.698,0.1071342
725,498.308,187.444,44.330,87.629,0.9856735
750,526.219,177.717,55.384,116.956,0.9658201
775,498.331,167.117,66.740,131.931,0.9236964
800,97.273,117.549,104.052,241.067,0.0841009
800,91.354,114.687,134.116,242.880,0.9200189
1050,24.747,218.165,113.585,188.590,0.0750474
1075,287.913,244.987,18.737,38.031,0.1026307
1125,562.815,177.657,141.802,156.536,0.7075160
1150,625.997,211.049,83.286,180.735,0.2988941
1200,177.883,266.433,67.573,101.351,0.0720920
1300,133.981,161.449,42.712,105.605,0.9998046
1300,91.117,161.527,54.851,105.704,0.9945384
1325,428.809,150.150,44.581,112.154,0.9999757
1325,390.880,153.379,45.792,109.176,0.9999430
1325,293.798,185.904,15.771,30.934,0.9777251
1350,533.516,172.523,47.432,118.090,0.9999675
1350,498.223,173.222,48.672,118.309,0.9999388
1350,428.452,203.830,17.966,34.844,0.9941788
1350,459.739,204.928,17.787,38.247,0.9416521
1350,406.107,205.415,16.560,32.632,0.8785791
1350,355.550,210.876,14.737,33.659,0.1677702
1350,478.556,202.146,15.607,35.739,0.3867602
1350,454.833,204.058,16.285,38.939,0.2427588
1375,499.216,172.505,52.002,132.880,0.9999523
1375,538.225,169.217,51.339,135.474,0.9995694
1375,475.547,207.963,16.917,36.554,0.9937502
1375,342.076,215.600,15.704,38.998,0.1252174
1375,415.201,206.395,22.145,40.240,0.2487679
1375,445.672,212.418,19.493,37.251,0.1143887
1400,518.372,158.860,61.870,157.205,0.9999752
1400,413.735,206.162,19.212,34.856,0.9996340
1400,437.650,206.908,18.310,32.340,0.9621906
1400,472.934,205.172,15.519,31.818,0.6160091
1400,337.481,210.494,16.021,42.035,0.1500153
1400,572.800,154.460,56.741,159.391,0.9999777
1400,473.425,205.349,16.002,30.796,0.0568634
1400,438.506,205.903,21.977,32.672,0.0653330
1425,644.122,150.834,64.963,188.008,0.9999804
1425,572.835,153.989,76.792,189.885,0.9999729
1425,436.471,213.354,17.898,35.401,0.9992970
1425,410.665,210.915,19.074,36.102,0.9869581
1425,482.745,208.914,18.692,39.507,0.7965147
1425,455.745,210.475,22.026,40.932,0.9966305
1425,481.787,209.006,19.278,38.388,0.4167916
1450,401.057,201.763,17.024,36.969,0.9998995
1450,659.583,122.112,45.967,235.083,0.9993595
1450,458.345,200.868,17.797,36.989,0.9940427
1450,416.540,200.133,18.302,38.734,0.9995824
1450,351.008,206.507,16.855,38.389,0.7462133
1450,432.441,201.238,18.730,37.970,0.9971784
1450,499.286,197.489,16.198,35.594,0.7442027
1450,350.681,206.611,18.155,37.114,0.0590675
1450,499.158,198.081,17.127,33.875,0.1292431
1475,398.664,199.315,17.936,35.839,0.9995831
1475,374.769,203.719,18.461,34.907,0.9981678
1475,506.692,195.065,17.620,36.565,0.9584146
1475,451.126,193.985,19.907,43.940,0.9956163
1475,427.724,197.362,19.267,38.913,0.0707860
1475,486.094,199.734,23.263,42.360,0.8945031
1500,468.741,199.323,19.231,40.377,0.9995964
1500,406.766,201.236,16.210,37.767,0.9890064
1500,445.529,196.627,19.989,41.889,0.9985859
1500,391.950,203.149,19.119,40.697,0.9995471
1500,427.988,197.866,20.504,39.851,0.8601745
1500,437.589,198.092,15.039,40.646,0.2960656
1500,499.272,196.723,26.387,54.877,0.9778268
1525,432.226,202.401,18.343,40.097,0.9367503
1525,466.865,199.389,20.115,42.931,0.0688247
1525,417.010,199.207,22.240,42.657,0.3899542
1525,395.320,200.766,21.881,40.442,0.1048127
1525,465.561,199.797,24.194,44.608,0.5715746
1550,440.689,192.491,22.145,48.458,0.2823855
1550,389.781,192.543,24.260,45.441,0.0878993
1550,327.238,196.076,19.824,45.463,0.1446706
1550,368.809,192.520,17.299,42.049,0.2880565
1550,402.429,194.484,20.838,44.140,0.1136748
1550,359.422,193.241,19.760,42.625,0.6189041
1575,299.291,205.919,22.293,49.355,0.9998296
1575,392.724,203.998,19.672,43.531,0.9993048
1575,318.262,203.453,17.174,40.830,0.9222953
1575,328.377,201.764,19.283,43.460,0.1859249
1600,304.818,185.472,22.065,47.108,0.9997618
1600,322.039,186.993,19.909,46.748,0.9988820
1600,400.259,194.531,18.174,45.872,0.8991484
1600,287.443,188.725,23.342,50.111,0.9998679
1600,359.857,183.162,20.509,51.545,0.3104734
1600,348.605,183.212,24.596,50.571,0.3573383
1625,417.348,180.746,24.253,53.860,0.9985108
1625,287.840,183.021,20.804,48.965,0.9748787
1625,397.781,192.632,18.744,46.382,0.3730907
1625,275.199,185.454,22.266,52.847,0.9813995
1625,318.049,184.111,25.279,49.764,0.9947190
1625,359.579,180.965,21.097,54.410,0.0914084
1650,325.258,188.103,23.218,51.171,0.9996985
1650,423.590,183.799,24.404,54.276,0.9969423
1650,397.589,187.833,21.340,55.413,0.9295099
1650,341.930,182.234,24.925,56.920,0.9889283
1650,359.745,186.228,22.046,53.870,0.9895565
1650,284.717,190.849,19.046,47.611,0.7008045
1650,271.758,190.104,23.102,53.373,0.7394028
1650,396.300,188.750,20.685,50.669,0.0569998
1675,364.684,189.967,22.454,54.971,0.9997337
1675,318.711,192.127,23.689,50.074,0.9988565
1675,334.883,185.054,30.122,60.917,0.9962777
1675,292.052,193.698,23.860,57.313,0.9994994
1675,407.014,192.063,22.071,55.181,0.9877492
1675,439.720,186.425,24.716,60.465,0.9311736
1700,441.085,179.029,24.933,61.701,0.9979745
1700,415.134,183.467,22.483,54.920,0.9995902
1700,98.069,188.298,21.592,64.953,0.0684944
1700,335.761,181.944,30.264,57.556,0.4967363
1700,323.738,180.607,32.990,65.521,0.9870927
1700,103.924,182.128,28.237,70.594,0.3872523
1725,313.421,184.736,30.671,67.605,0.9999565
1725,353.481,192.025,22.505,57.249,0.9996984
1725,425.013,194.686,23.387,56.082,0.9998717
1725,454.078,186.504,27.920,68.397,0.9981977
1750,402.297,188.230,27.679,59.448,0.9753752
1750,306.271,179.206,30.598,69.983,0.9998826
1750,344.997,188.066,24.836,60.129,0.9991218
1750,86.107,177.385,34.403,77.719,0.9944448
1750,68.402,179.409,52.407,102.573,0.2473270
1750,452.520,186.219,24.104,74.097,0.5606911
1750,483.201,183.196,31.008,72.737,0.9473290
1750,414.997,189.632,20.147,57.659,0.1031714
1750,423.109,185.865,26.694,60.636,0.1390064
1750,483.604,186.046,29.658,70.965,0.1796114
1775,405.228,189.452,25.422,66.688,0.9988907
1775,492.012,188.516,26.022,69.016,0.9998760
1775,291.526,183.265,28.931,69.275,0.9998567
1775,324.130,188.464,24.271,63.260,0.9990102
1775,420.135,203.713,30.041,62.495,0.9983093
1775,85.851,183.266,34.147,72.910,0.6002318
1775,456.606,194.361,24.355,63.493,0.6208154
1775,69.822,188.878,31.018,69.381,0.5598436
1800,92.728,181.658,35.995,79.046,0.9991471
1800,307.651,191.458,24.977,63.601,0.9994704
1800,419.841,191.088,26.785,76.968,0.9278849
1800,287.294,184.636,28.483,72.704,0.9982747
1800,449.057,190.827,24.267,64.234,0.8392796
1800,406.184,192.450,25.125,71.731,0.9461597
1800,456.498,195.011,26.131,60.328,0.0567456
1800,70.178,186.587,33.035,74.416,0.6781678
1800,69.165,185.149,35.316,73.412,0.8716856
1825,473.196,200.284,30.939,66.921,0.9999151
1825,313.690,193.386,30.325,73.819,0.9996093
1825,100.551,192.510,33.305,76.472,0.9967872
1825,432.308,204.379,28.922,60.102,0.3845558
1825,125.662,190.765,42.658,86.916,0.9960157
1825,416.581,200.819,28.680,69.790,0.9588193
1825,127.188,191.113,40.629,82.820,0.0750263
1850,488.241,195.884,31.176,73.494,0.9999179
1850,296.556,196.692,28.336,68.812,0.9998394
1850,551.858,221.852,15.703,34.670,0.1471224
1850,341.175,192.941,29.133,74.789,0.9584022
1850,133.408,190.000,37.352,85.024,0.1264544
1850,418.999,195.291,30.309,78.956,0.5109584
1850,431.155,191.961,35.802,86.637,0.6170976
1850,605.270,221.972,103.539,99.220,0.0644240
1850,132.872,190.370,37.362,83.084,0.9759911
1850,108.296,191.713,37.373,82.587,0.9978772
1875,280.805,190.204,25.291,69.027,0.9996660
1875,124.725,172.733,42.111,99.276,0.5821146
1875,421.490,181.769,35.840,102.317,0.9981040
1875,451.483,188.834,35.168,77.011,0.6693583
1875,411.355,188.549,26.996,76.557,0.9888680
1875,499.437,226.820,16.382,35.182,0.2126004
1875,96.829,180.532,38.150,89.488,0.9142975
1875,359.727,185.910,32.230,73.201,0.8810033
1875,47.307,227.440,19.046,37.853,0.0571382
1875,96.946,154.855,36.006,176.583,0.1787697
1875,124.367,173.740,41.862,92.870,0.7776740
1875,96.696,184.732,37.767,82.022,0.6147555
1900,426.187,188.405,29.185,78.589,0.9998876
1900,400.009,186.182,30.269,80.898,0.9999444
1900,296.091,190.195,28.026,74.423,0.9998110
1900,97.665,185.597,46.152,93.982,0.9204314
1900,5.497,164.079,33.300,102.459,0.4314291
1900,465.090,200.534,42.911,92.890,0.9993261
1900,459.876,197.777,28.358,87.453,0.9742536
1900,149.312,174.389,47.145,102.864,0.7096643
1900,459.695,201.464,23.904,48.745,0.5752859
1900,6.046,162.862,36.582,98.491,0.9944266
1900,147.694,175.615,49.637,97.718,0.8999422
