25,229.119,200.729,26.911,46.721,0.2485380
25,630.779,215.342,22.646,40.618,0.0217800
25,130.571,208.315,21.939,38.773,0.0140460
25,574.087,216.702,19.800,40.414,0.0137670
25,545.127,211.872,24.514,47.402,0.3296000
25,14.731,203.920,19.942,34.988,0.0110300
25,614.330,183.579,47.402,85.674,0.0135590
25,281.523,149.786,67.214,152.423,0.0078510
25,652.397,203.554,24.043,51.217,0.5276900
25,518.978,216.277,18.775,42.629,0.0673010
25,682.135,210.652,20.211,53.595,0.0220340
25,269.840,195.681,23.388,45.494,0.0077770
25,130.571,208.315,21.939,38.773,0.5221900
25,14.731,203.920,19.942,34.988,0.0332530
25,83.351,209.908,27.650,36.248,0.7353950
25,255.893,137.259,105.032,179.080,0.6645400
25,652.397,203.554,24.043,51.217,0.0538740
25,264.875,159.888,61.618,135.824,0.0518890
25,42.696,204.165,21.478,34.305,0.0392830
25,449.144,205.486,52.133,88.531,0.0280470
50,412.612,208.579,20.779,40.720,0.1164880
50,79.748,202.644,22.183,41.102,0.3391410
50,677.211,189.856,32.083,78.971,0.0132170
50,17.766,198.250,17.651,41.869,0.0170110
50,658.021,212.096,23.005,46.298,0.7634050
50,687.727,208.601,19.760,54.260,0.3638630
50,444.539,203.103,67.212,100.465,0.0080130
50,231.790,199.624,18.184,39.396,0.0799780
50,124.445,203.603,15.445,29.863,0.0141740
50,211.434,198.567,15.274,30.570,0.0099150
50,159.032,204.190,15.464,29.108,0.0069370
50,412.612,208.579,20.779,40.720,0.0499780
50,39.995,202.476,30.092,44.454,0.4613500
50,79.748,202.644,22.183,41.102,0.1945240
50,17.766,198.250,17.651,41.869,0.0254570
50,658.021,212.096,23.005,46.298,0.0064890
50,165.624,170.206,63.225,117.800,0.7159700
50,444.539,203.103,67.212,100.465,0.0788390
50,284.824,209.115,18.402,35.267,0.0284280
50,429.073,108.285,103.661,231.182,0.0097430
50,392.126,208.960,19.878,35.530,0.0059270
50,2.000,105.557,720.000,238.675,0.0058160
75,273.615,196.848,20.314,49.454,0.4247040
75,309.918,203.972,19.430,40.211,0.0124280
75,10.056,189.412,26.436,55.536,0.0051740
75,609.164,212.120,90.982,302.577,0.0197530
75,533.156,138.860,114.710,299.476,0.0205710
75,559.202,55.235,135.329,484.179,0.0072780
75,168.776,196.456,15.218,34.540,0.0273150
75,156.126,189.372,27.091,46.347,0.0147420
75,121.411,206.436,16.012,32.592,0.0102340
75,503.385,295.369,18.687,42.287,0.0075410
75,273.615,196.848,20.314,49.454,0.0149750
75,461.374,196.581,22.314,49.098,0.0295480
75,309.918,203.972,19.430,40.211,0.0074870
75,519.980,182.549,64.867,125.196,0.0203860
75,552.911,310.841,56.337,111.907,0.0094230
75,10.056,189.412,26.436,55.536,0.0875890
75,10.830,174.968,44.957,76.112,0.7345940
75,218.379,180.155,44.077,96.023,0.8643770
75,80.871,199.807,25.521,43.381,0.4438140
75,609.164,212.120,90.982,302.577,0.1784920
75,543.558,255.937,167.361,205.814,0.1653950
75,484.580,64.736,145.345,303.393,0.0848070
75,40.683,193.263,28.675,50.157,0.0283820
75,533.156,138.860,114.710,299.476,0.0231420
75,559.202,55.235,135.329,484.179,0.0177110
75,506.576,2.000,154.253,466.690,0.0175240
75,201.778,160.553,86.870,130.573,0.0118280
75,536.713,2.000,95.104,303.427,0.0104340
75,484.860,182.244,66.734,120.353,0.0079090
75,434.398,11.797,154.984,274.328,0.0070730
75,2.000,51.122,550.310,350.120,0.0065150
75,32.850,164.261,43.845,61.972,0.0063520
100,679.246,211.225,20.941,60.772,0.2490090
100,656.243,207.505,22.966,60.759,0.2180690
100,650.927,189.629,38.500,78.985,0.5086710
100,13.359,198.459,20.813,39.544,0.0686460
100,449.262,195.973,26.181,55.915,0.0733120
100,5.754,182.678,35.373,61.493,0.0094690
100,205.443,200.991,21.720,54.438,0.0174260
100,674.242,193.986,31.260,88.623,0.0721360
100,455.493,214.620,20.883,46.068,0.0294590
100,119.406,202.224,17.271,31.619,0.0233450
100,272.803,193.890,20.090,44.323,0.0148440
100,228.852,199.689,20.469,46.872,0.0121890
100,637.631,94.502,60.427,260.419,0.0082670
100,233.715,215.453,21.595,40.748,0.0050470
100,13.359,198.459,20.813,39.544,0.0050330
100,5.754,182.678,35.373,61.493,0.0289010
100,192.186,190.441,36.854,76.489,0.8062790
100,42.352,178.567,50.613,74.874,0.6877680
100,241.758,127.495,146.216,239.616,0.2880590
100,83.492,199.387,21.356,38.519,0.0971110
100,507.213,169.467,79.199,166.095,0.0384230
100,205.443,200.991,21.720,54.438,0.0260960
100,32.562,158.198,56.364,73.557,0.0105620
100,526.665,198.547,50.909,102.939,0.0099900
100,17.964,152.857,86.815,128.359,0.0095610
100,270.362,170.664,41.372,109.243,0.0068780
100,2.000,2.000,445.196,576.000,0.0068370
100,2.000,2.000,198.276,540.141,0.0066640
100,474.699,103.332,82.207,243.250,0.0062080
125,265.127,208.842,21.371,41.408,0.2504730
125,683.342,182.135,22.483,73.853,0.0234380
125,674.979,198.763,32.963,87.316,0.0057180
125,642.804,199.870,42.884,88.782,0.0170550
125,418.638,157.081,47.184,114.086,0.0093850
125,631.752,113.955,56.746,278.979,0.0059830
125,657.788,188.916,21.862,59.314,0.0778420
125,624.691,222.060,18.194,47.752,0.0401550
125,661.595,215.151,18.424,54.935,0.0375340
125,189.886,195.821,22.396,48.691,0.0162670
125,429.185,189.597,19.503,46.540,0.0094820
125,625.328,194.817,18.222,48.644,0.0084790
125,265.127,208.842,21.371,41.408,0.0746050
125,419.312,39.569,180.519,367.142,0.6163420
125,74.653,181.560,56.099,82.553,0.5475250
125,86.463,109.023,92.188,203.387,0.3979810
125,426.179,111.073,126.614,218.625,0.3518360
125,8.013,200.461,22.434,35.883,0.1688150
125,528.745,95.397,99.754,319.170,0.0752310
125,394.884,137.261,112.981,163.601,0.0404720
125,6.470,175.927,30.950,73.501,0.0378850
125,84.364,191.373,22.010,46.877,0.0319410
125,457.983,187.135,185.867,247.875,0.0249510
125,34.100,173.410,58.196,73.988,0.0171170
125,47.081,200.716,22.682,33.189,0.0123160
125,3.946,138.689,39.813,95.133,0.0106820
125,10.930,113.140,111.860,145.482,0.0080880
125,631.752,113.955,56.746,278.979,0.0079980
125,126.424,28.687,71.941,318.466,0.0077650
125,518.607,251.667,67.880,147.332,0.0063910
125,560.172,202.428,56.127,176.765,0.0053440
125,133.677,339.453,17.017,21.456,0.0052360
150,405.771,107.924,83.044,228.210,0.0091050
150,4.264,182.637,18.573,60.729,0.0083900
150,245.338,181.298,21.514,60.729,0.1876340
150,238.304,165.316,32.318,117.430,0.1396570
150,80.163,198.565,18.843,41.303,0.0910490
150,423.261,160.167,44.219,119.858,0.0279680
150,125.833,201.777,16.311,36.338,0.0210650
150,160.484,192.841,19.491,47.642,0.0085410
150,78.681,182.559,34.039,74.285,0.0071890
150,237.482,208.295,18.393,62.592,0.0050630
150,274.596,197.316,21.958,47.569,0.0050510
150,571.378,168.354,19.107,39.762,0.0060210
150,621.062,70.619,71.801,294.337,0.1561350
150,632.452,165.206,55.945,120.147,0.0328060
150,164.619,132.804,80.235,185.012,0.7454050
150,3.216,149.576,46.592,140.822,0.7355050
150,19.112,151.102,64.001,146.825,0.3805230
150,157.567,166.483,50.703,120.578,0.0821960
150,225.210,167.233,36.912,142.301,0.0407760
150,405.771,107.924,83.044,228.210,0.0390780
150,3.384,69.282,61.509,241.748,0.0370360
150,200.990,126.620,67.240,189.191,0.0288160
150,627.810,233.324,22.263,48.652,0.0250010
150,444.341,91.789,135.019,311.381,0.0213290
150,4.264,182.637,18.573,60.729,0.0166080
150,27.954,109.842,36.408,164.070,0.0155520
150,586.921,114.162,73.641,204.861,0.0104040
150,58.459,197.650,20.098,42.379,0.0074990
150,613.129,207.218,48.784,93.961,0.0061180
175,373.180,187.269,57.843,102.207,0.0157760
175,83.598,215.572,16.958,40.732,0.0114120
175,348.671,201.516,33.807,79.075,0.0060350
175,5.526,193.652,15.423,51.607,0.0353550
175,237.009,198.129,18.834,54.179,0.0148050
175,382.994,198.401,26.229,55.145,0.0108800
175,505.242,216.467,19.199,51.917,0.0092060
175,477.041,2.000,144.630,290.183,0.0072710
175,117.044,189.205,41.552,99.940,0.5436850
175,373.180,187.269,57.843,102.207,0.3705090
175,144.651,191.866,36.462,92.873,0.6064890
175,80.365,202.927,19.019,43.573,0.2651360
175,74.764,186.411,43.662,75.436,0.0195720
175,58.021,198.880,21.821,47.083,0.1334570
175,37.774,187.684,37.817,66.805,0.1144070
175,163.770,212.159,23.688,56.505,0.1235610
175,115.026,215.043,21.216,57.442,0.0095700
175,397.853,191.186,58.975,92.579,0.7953250
175,7.928,161.043,38.025,126.271,0.7074840
175,5.526,193.652,15.423,51.607,0.0535220
175,394.348,161.548,74.505,169.043,0.0531190
175,169.408,203.335,19.832,47.573,0.0505320
175,493.054,55.150,174.876,400.562,0.0468380
175,454.876,119.568,125.178,218.541,0.0276620
175,86.354,181.592,109.808,81.234,0.0143670
175,534.638,175.011,165.663,231.889,0.0100290
175,10.171,206.700,20.606,67.101,0.0096060
175,30.085,148.488,32.815,136.626,0.0073620
175,114.966,155.126,91.085,137.682,0.0067220
175,611.027,210.002,96.438,173.894,0.0054220
200,11.605,202.670,28.001,50.004,0.0083950
200,52.471,202.926,19.928,49.354,0.0106180
200,84.748,202.068,23.932,49.572,0.0069950
200,287.804,199.017,20.971,55.061,0.0756800
200,306.034,192.723,22.253,64.791,0.0434530
200,191.717,197.745,22.913,41.133,0.0251140
200,470.073,211.400,28.612,64.058,0.0080950
200,432.015,213.638,29.433,62.327,0.0066740
200,234.166,201.160,18.760,43.888,0.0053260
200,433.954,206.260,22.678,65.390,0.0093450
200,11.605,202.670,28.001,50.004,0.0471100
200,429.997,197.899,21.451,52.584,0.0119140
200,52.471,202.926,19.928,49.354,0.0365190
200,115.258,190.490,44.876,71.598,0.1629620
200,15.076,201.947,40.570,70.608,0.0140960
200,115.546,201.132,24.420,48.281,0.0085810
200,84.748,202.068,23.932,49.572,0.1266240
200,42.667,197.558,40.377,79.290,0.6835140
200,120.619,209.203,28.427,56.459,0.0059830
200,136.887,175.401,57.032,105.436,0.6699740
200,579.642,139.668,114.609,220.320,0.5354080
200,165.874,215.142,26.089,56.109,0.0677220
200,78.405,159.720,177.889,115.592,0.0360820
200,166.903,200.256,18.462,39.152,0.0250050
200,601.672,179.532,51.489,147.833,0.0203040
200,123.954,156.079,85.665,166.309,0.0107650
200,24.880,152.251,65.107,142.416,0.0095640
200,537.028,125.977,126.347,198.429,0.0076520
200,539.232,2.000,177.429,384.405,0.0065320
200,2.000,5.577,350.110,434.529,0.0051600
225,543.906,199.937,35.810,72.521,0.5162810
225,23.537,201.062,19.278,44.084,0.0203850
225,128.181,195.788,27.716,60.114,0.0933370
225,200.236,198.397,23.528,47.267,0.0141740
225,77.340,200.744,22.036,55.222,0.0239120
225,12.157,196.800,39.185,82.299,0.0055870
225,572.344,192.582,30.915,97.639,0.0324220
225,383.348,182.618,37.039,84.641,0.0170340
225,264.854,204.227,20.733,38.397,0.0065100
225,301.070,185.985,34.796,71.162,0.0061590
225,309.591,203.882,21.873,43.862,0.0055510
225,549.448,200.649,30.298,56.329,0.0922090
225,126.333,194.554,33.686,66.166,0.3951750
225,224.590,199.995,29.340,51.879,0.6704150
225,200.236,198.397,23.528,47.267,0.0641840
225,77.340,200.744,22.036,55.222,0.0505950
225,179.995,186.990,47.839,81.076,0.3521200
225,161.817,198.072,20.435,47.027,0.0067120
225,155.939,179.513,52.014,97.786,0.7899630
225,71.664,198.612,38.328,73.587,0.6498350
225,28.946,168.466,135.908,108.242,0.0077270
225,126.052,180.288,108.341,84.025,0.0076520
250,162.844,205.526,17.722,38.230,0.1440150
250,246.489,204.093,23.423,44.626,0.1007510
250,97.300,198.715,24.377,45.609,0.0238540
250,40.256,197.684,22.658,41.615,0.0761460
250,125.423,203.399,20.345,48.095,0.0073010
250,264.482,195.524,49.073,65.708,0.0096570
250,28.635,200.916,43.038,69.662,0.0057480
250,268.257,206.862,22.401,43.559,0.0211300
250,474.942,199.966,26.078,52.305,0.0299870
250,274.472,216.232,20.451,37.833,0.0076770
250,125.423,203.399,20.345,48.095,0.0135660
250,197.646,182.812,45.219,91.039,0.7226790
250,126.440,195.395,33.203,81.912,0.7282160
250,301.479,192.347,47.839,73.277,0.7164450
250,340.592,200.261,27.540,50.603,0.1226170
250,310.587,202.800,24.971,47.244,0.0312680
250,251.957,178.274,140.317,96.938,0.0056370
275,116.588,202.510,23.953,48.366,0.0309980
275,161.604,207.769,21.982,40.111,0.1388910
275,288.016,213.538,23.387,44.065,0.4565950
275,150.677,213.675,23.789,43.785,0.0607590
275,54.296,209.057,21.690,36.393,0.0298500
275,235.815,214.645,26.937,40.341,0.0106700
275,315.226,213.641,25.714,44.516,0.0574050
275,279.530,207.983,24.558,49.233,0.0436610
275,337.599,211.435,29.473,51.788,0.0283790
275,422.557,211.980,26.909,63.673,0.0227950
275,398.048,205.848,21.943,49.810,0.1469760
275,396.650,199.680,33.725,75.257,0.0151290
275,449.968,218.036,25.190,47.617,0.0062330
275,116.588,202.510,23.953,48.366,0.2139780
275,54.296,209.057,21.690,36.393,0.1708900
275,313.016,208.698,27.787,45.210,0.0226990
275,146.988,210.866,38.777,48.043,0.0387000
275,116.677,197.100,40.278,63.081,0.5680270
275,189.068,191.813,46.034,78.423,0.8244200
275,492.622,138.681,140.703,183.793,0.0453580
275,20.173,205.445,18.786,43.994,0.0293400
275,556.007,176.140,49.596,110.747,0.0092300
275,526.710,179.585,70.856,132.131,0.6439680
275,413.748,198.572,39.114,82.855,0.7820450
275,337.599,211.435,29.473,51.788,0.6286150
275,408.535,166.179,49.939,169.366,0.0093190
275,15.889,215.436,18.321,46.696,0.0067190
300,574.845,206.931,25.181,60.508,0.6049920
300,208.478,201.287,17.233,47.758,0.0274460
300,148.350,200.670,25.459,54.404,0.5099010
300,308.640,211.074,29.377,49.783,0.2385580
300,14.634,202.229,16.802,42.253,0.0094890
300,44.320,195.943,39.980,55.574,0.0135030
300,56.906,200.831,22.204,44.928,0.3680730
300,262.661,198.584,42.363,57.387,0.0115920
300,126.967,202.802,23.222,47.597,0.2081060
300,89.388,198.343,24.681,59.346,0.4999600
300,95.048,200.287,30.284,68.090,0.1089250
300,520.482,191.496,44.034,107.955,0.0279720
300,271.538,207.908,20.202,41.266,0.2644430
300,154.695,206.050,28.687,57.375,0.0540030
300,117.063,204.697,26.372,59.975,0.0385620
300,608.338,202.569,36.757,83.229,0.0178460
300,461.923,198.458,36.871,83.689,0.0149740
300,649.543,208.019,30.294,71.639,0.0139560
300,511.790,205.126,19.371,50.627,0.0106750
300,457.121,203.789,22.971,51.144,0.0092240
300,542.660,216.329,23.934,56.226,0.0078450
300,117.296,192.393,38.368,66.577,0.1520110
300,308.640,211.074,29.377,49.783,0.0285080
300,14.634,202.229,16.802,42.253,0.0474800
300,501.029,191.469,47.212,101.245,0.7604470
300,87.150,193.305,35.236,70.709,0.7590340
300,148.862,190.916,36.625,68.239,0.7295040
300,346.909,214.854,28.116,45.141,0.1306250
300,487.301,156.019,76.825,182.349,0.0219490
300,520.482,191.496,44.034,107.955,0.0174410
300,538.062,126.648,18.136,29.389,0.0107670
300,64.392,160.689,75.157,120.370,0.0053160
300,106.022,2.000,615.978,558.774,0.0052420
325,14.518,193.401,24.788,54.014,0.0983500
325,127.039,196.925,29.751,45.273,0.0384310
325,238.370,195.846,32.242,49.643,0.0154080
325,26.562,189.674,42.081,61.127,0.0092250
325,302.333,209.878,29.436,50.339,0.1172930
325,35.975,188.181,22.798,49.737,0.3318720
325,656.940,174.162,45.970,129.232,0.1679910
325,620.623,196.726,31.176,81.913,0.1920970
325,75.665,189.230,29.176,55.899,0.0131120
325,373.001,209.921,28.770,52.150,0.0192280
325,353.748,214.842,27.455,42.955,0.0066310
325,280.562,197.327,22.006,50.950,0.2996990
325,507.312,202.437,28.345,68.842,0.5161600
325,149.982,193.121,21.023,49.116,0.2706780
325,660.694,208.224,22.081,63.694,0.0798300
325,197.107,193.185,20.055,49.312,0.0069660
325,609.991,170.329,52.414,146.290,0.0055770
325,55.072,140.989,93.284,195.457,0.0053480
325,666.098,162.560,47.569,152.860,0.7201160
325,614.692,182.805,37.947,93.907,0.0099960
325,238.370,195.846,32.242,49.643,0.0100400
325,12.930,188.399,41.074,66.195,0.5043440
325,301.189,198.189,30.059,58.837,0.0108530
325,644.321,137.351,53.303,181.474,0.0488100
325,35.975,188.181,22.798,49.737,0.0119410
325,71.100,185.919,43.721,64.218,0.7245770
325,371.539,201.901,28.655,54.387,0.2690910
325,353.748,214.842,27.455,42.955,0.0331080
325,280.562,197.327,22.006,50.950,0.0268030
325,503.841,200.723,34.361,73.503,0.0151570
325,521.498,183.846,41.715,79.952,0.0147840
325,55.672,139.922,67.872,160.030,0.0058830
325,2.000,157.207,53.330,133.637,0.0053700
350,612.206,205.038,25.395,64.096,0.3109060
350,266.468,189.480,40.104,72.800,0.0333020
350,240.483,198.776,31.636,46.217,0.0358470
350,44.080,193.100,23.347,44.924,0.0534290
350,8.025,186.510,27.391,61.478,0.0492390
350,86.837,194.636,27.726,48.112,0.0521400
350,333.969,189.425,47.950,73.171,0.0508780
350,316.575,212.492,28.019,46.668,0.1787670
350,150.366,202.122,20.321,43.149,0.1092800
350,389.888,194.475,38.384,67.120,0.0197000
350,307.781,196.242,25.928,60.250,0.2165290
350,677.415,193.600,27.282,87.844,0.7139870
350,276.922,197.312,22.962,52.434,0.1203900
350,619.000,189.554,27.268,74.936,0.0665260
350,679.758,122.825,42.242,251.047,0.0082890
350,659.231,174.332,33.934,101.308,0.0079010
350,535.172,171.745,37.473,93.631,0.0078980
350,656.712,203.782,26.798,68.082,0.0050680
350,29.501,188.033,47.428,64.626,0.0577190
350,76.362,194.307,43.338,54.780,0.0312580
350,10.325,182.049,38.968,74.800,0.7213290
350,44.080,193.100,23.347,44.924,0.0207630
350,333.969,189.425,47.950,73.171,0.0345340
350,389.888,194.475,38.384,67.120,0.1486940
350,301.484,182.015,103.768,81.330,0.0054490
350,384.751,212.820,30.773,47.795,0.2158450
350,349.229,201.171,25.586,48.054,0.0740970
350,676.789,187.534,26.807,84.775,0.0252840
350,617.309,202.806,29.869,71.400,0.0116920
375,371.116,182.961,47.775,94.634,0.0567320
375,301.918,194.900,46.271,63.860,0.0152800
375,37.796,197.806,41.026,57.621,0.0062250
375,454.085,197.300,34.282,66.777,0.3065230
375,11.371,194.940,24.295,53.763,0.0311730
375,41.844,199.325,23.344,45.140,0.1668070
375,119.808,199.067,30.436,47.586,0.0280970
375,379.665,209.458,31.415,57.359,0.0136390
375,306.419,195.709,24.792,53.732,0.1632250
375,74.629,194.739,24.781,56.580,0.2252760
375,343.082,194.573,25.658,65.052,0.5047090
375,319.944,209.121,23.273,50.468,0.0173710
375,155.912,198.740,32.741,49.824,0.0223670
375,37.796,197.806,41.026,57.621,0.0130480
375,65.448,193.184,43.551,67.753,0.3488880
375,456.196,202.632,34.874,66.683,0.5905990
375,7.567,190.402,39.814,65.677,0.6661470
375,41.844,199.325,23.344,45.140,0.0132080
375,119.808,199.067,30.436,47.586,0.0081290
375,306.419,195.709,24.792,53.732,0.0061140
375,659.827,220.005,35.088,65.183,0.0169060
375,14.576,203.644,22.207,61.848,0.0117010
400,376.023,191.164,60.110,80.406,0.0076880
400,454.060,197.543,44.135,80.193,0.2529080
400,477.226,165.908,62.335,126.128,0.0304330
400,4.914,195.836,26.634,53.851,0.3964370
400,82.093,195.249,50.404,59.383,0.2010250
400,213.661,192.168,42.622,71.189,0.0081130
400,37.964,198.427,31.665,53.238,0.1197870
400,353.133,196.860,48.282,83.849,0.0074220
400,450.520,156.204,67.233,167.342,0.0113690
400,386.174,208.787,28.508,56.659,0.1476630
400,650.782,193.553,49.834,94.313,0.4455960
400,128.821,200.131,25.524,48.137,0.1249090
400,580.089,207.508,28.959,62.096,0.0254490
400,564.378,189.355,52.097,85.894,0.1330440
400,154.048,201.423,25.817,55.451,0.2856530
400,453.042,215.848,24.998,54.146,0.2376390
400,416.249,181.942,48.072,95.693,0.1079730
400,84.958,198.512,26.752,50.512,0.0866550
400,225.076,213.500,25.515,46.900,0.0697300
400,425.875,210.391,24.189,54.867,0.0427450
400,675.336,186.740,33.736,110.245,0.0166050
400,602.011,210.951,44.417,59.252,0.0081300
400,653.623,205.574,28.385,69.047,0.0063370
400,397.154,183.678,85.794,122.003,0.0061360
400,2.000,187.877,43.218,92.581,0.0058980
400,525.621,183.404,58.850,87.561,0.0057470
400,488.448,219.773,28.889,54.282,0.0050820
400,5.021,192.866,42.135,63.461,0.0535360
400,27.537,196.776,45.065,58.495,0.3328980
400,472.130,192.777,57.466,95.488,0.0056080
400,111.662,196.089,50.587,63.145,0.5270550
400,82.093,195.249,50.404,59.383,0.3041440
400,149.089,199.869,40.659,68.489,0.0064200
400,202.732,203.358,31.669,48.765,0.0646350
400,174.311,165.126,68.653,164.099,0.0059530
400,571.174,199.619,43.202,78.071,0.4407900
400,650.782,193.553,49.834,94.313,0.1829270
400,128.821,200.131,25.524,48.137,0.0446820
400,65.099,175.919,78.016,97.898,0.0051790
425,119.011,206.118,20.421,42.439,0.0135430
425,151.470,201.647,21.565,50.052,0.0053880
425,632.874,180.051,71.454,129.917,0.0202320
425,227.171,195.416,49.404,81.965,0.2298560
425,46.738,203.022,27.363,51.956,0.0161830
425,200.392,201.565,39.281,59.633,0.1644590
425,530.332,199.686,54.774,87.700,0.2068300
425,107.719,199.358,43.101,62.289,0.0278300
425,671.218,185.322,36.149,115.934,0.0144830
425,492.632,206.983,46.735,76.872,0.2028520
425,558.082,201.629,41.514,79.264,0.1420560
425,608.144,204.220,49.824,83.423,0.1082700
425,231.487,205.015,25.039,66.436,0.0198510
425,468.828,202.563,38.877,90.007,0.0177340
425,241.045,199.345,20.995,58.587,0.0077210
425,19.413,205.643,21.855,45.823,0.1771630
425,151.470,201.647,21.565,50.052,0.0088220
425,632.874,180.051,71.454,129.917,0.0697340
425,10.211,192.818,43.796,71.282,0.2938520
425,46.738,203.022,27.363,51.956,0.0103570
425,204.485,199.316,37.935,73.739,0.3769510
425,530.332,199.686,54.774,87.700,0.2146370
425,107.719,199.358,43.101,62.289,0.0063560
425,671.218,185.322,36.149,115.934,0.0051250
425,281.246,211.330,27.799,53.586,0.0093760
425,138.847,195.557,42.407,72.232,0.7960580
425,72.512,195.851,47.846,70.633,0.7179180
425,558.082,201.629,41.514,79.264,0.0540630
425,90.031,203.215,22.820,50.904,0.0299340
425,144.234,173.866,60.118,142.403,0.0093540
425,34.850,170.904,112.969,113.886,0.0086980
450,339.983,187.724,52.188,99.359,0.2265070
450,157.917,196.508,28.730,53.729,0.0197210
450,304.812,190.875,52.636,93.448,0.3200210
450,119.316,198.748,23.822,49.023,0.1452480
450,99.655,199.553,19.765,42.020,0.0353650
450,4.486,205.320,16.956,32.504,0.0752590
450,413.452,212.107,27.442,65.524,0.0314130
450,219.182,196.518,40.257,58.691,0.0521480
450,233.418,200.235,20.367,48.027,0.4107270
450,447.411,207.474,37.258,82.169,0.0839590
450,6.805,225.091,14.882,28.394,0.0309840
450,681.065,192.092,32.239,116.081,0.0296640
450,659.561,203.638,37.693,85.868,0.0229510
450,646.833,71.484,52.288,306.617,0.0180620
450,201.554,201.954,18.873,41.849,0.0120940
450,49.785,208.073,18.217,29.108,0.0108370
450,350.682,206.558,24.126,62.980,0.0076150
450,687.104,218.732,24.286,59.011,0.0066540
450,208.548,204.595,24.146,61.536,0.0058500
450,312.904,210.342,25.775,60.928,0.0056380
450,418.746,202.256,21.793,55.173,0.0490500
450,146.718,192.556,45.104,60.249,0.0360620
450,339.983,187.724,52.188,99.359,0.0073040
450,373.408,193.353,45.645,89.817,0.0580030
450,410.038,202.905,36.116,78.362,0.5183520
450,304.812,190.875,52.636,93.448,0.1206540
450,119.316,198.748,23.822,49.023,0.0221060
450,118.945,188.834,46.328,69.761,0.6299910
450,187.601,185.368,52.107,84.386,0.7580450
450,219.182,196.518,40.257,58.691,0.0251050
450,382.130,207.446,27.475,63.449,0.0157640
450,156.960,170.505,113.511,110.239,0.0112040
450,90.114,146.732,98.634,151.275,0.0069560
450,89.972,183.040,38.357,65.171,0.0061300
475,305.237,196.844,19.340,51.224,0.0141100
475,300.834,189.855,32.708,75.544,0.0739670
475,16.757,201.532,21.144,41.678,0.4853980
475,478.251,183.723,59.337,115.833,0.0473000
475,238.402,190.187,31.038,79.230,0.2097140
475,453.226,183.242,61.775,120.634,0.2895800
475,190.389,194.089,37.561,73.013,0.6796060
475,147.696,193.529,44.551,81.463,0.0071860
475,418.658,186.295,59.857,128.824,0.3857130
475,393.309,214.907,43.068,80.978,0.0052040
475,164.809,203.362,19.612,46.650,0.0332920
475,12.188,215.469,19.717,38.933,0.0127800
475,136.342,207.970,17.877,34.984,0.0073660
475,11.133,193.694,32.982,82.553,0.0059780
475,577.358,195.778,24.154,52.554,0.0051980
475,681.115,188.177,24.981,62.862,0.0317830
475,300.834,189.855,32.708,75.544,0.0277320
475,16.757,201.532,21.144,41.678,0.1652660
475,514.570,188.480,68.931,110.179,0.0080950
475,478.251,183.723,59.337,115.833,0.0164410
475,238.402,190.187,31.038,79.230,0.1453750
475,453.226,183.242,61.775,120.634,0.0553480
475,190.389,194.089,37.561,73.013,0.0198880
475,619.452,150.200,77.374,187.644,0.1222140
475,148.715,192.998,41.660,76.460,0.8706530
475,250.615,175.677,44.955,108.837,0.7402450
475,418.658,186.295,59.857,128.824,0.0866660
475,10.507,182.620,31.677,71.702,0.0383890
475,645.943,176.672,43.008,101.843,0.0291590
475,126.825,169.493,88.356,117.512,0.0163870
475,545.538,125.319,176.027,203.245,0.0110900
475,393.309,214.907,43.068,80.978,0.0051860
500,388.848,193.548,21.817,51.349,0.1186690
500,340.376,199.176,21.402,44.730,0.0631340
500,610.987,137.449,89.539,225.185,0.5042750
500,580.697,174.922,94.127,137.148,0.0945130
500,257.301,185.543,42.733,88.767,0.5843780
500,229.350,196.922,40.142,65.451,0.5788910
500,183.960,190.463,43.947,71.354,0.0059410
500,267.970,179.006,65.603,115.968,0.0071610
500,14.905,201.191,21.745,42.250,0.0119850
500,163.813,198.947,26.156,50.221,0.0072000
500,385.741,195.720,35.160,88.087,0.1886000
500,670.485,148.587,45.971,190.429,0.1661030
500,324.774,192.666,18.536,50.820,0.0551270
500,387.381,215.722,20.296,53.299,0.0378290
500,336.663,194.872,37.666,64.213,0.0165260
500,350.454,215.809,19.722,46.669,0.0157160
500,267.533,199.152,25.955,58.427,0.0128700
500,317.518,213.218,19.524,51.355,0.0126090
500,549.427,192.114,35.744,113.205,0.0097350
500,543.041,191.054,21.514,54.628,0.0058070
500,229.350,196.922,40.142,65.451,0.0467010
500,183.960,190.463,43.947,71.354,0.0242870
500,118.092,190.894,49.191,62.581,0.0071630
500,569.800,181.624,63.153,132.623,0.4518020
500,160.556,188.294,42.251,80.955,0.8885570
500,287.131,169.856,53.510,118.613,0.7673670
500,58.508,198.796,31.732,48.411,0.6628120
500,14.905,201.191,21.745,42.250,0.5815770
500,5.871,185.892,31.257,67.759,0.1012050
500,12.804,216.702,19.186,36.695,0.0182300
500,2.000,67.599,720.000,393.639,0.0063440
500,163.813,198.947,26.156,50.221,0.0054680
500,48.612,189.805,49.538,88.408,0.0050240
525,650.267,149.499,19.974,52.481,0.0217080
525,395.082,190.176,24.223,69.257,0.0676160
525,405.818,186.173,44.273,98.951,0.0090250
525,172.669,185.775,43.211,88.037,0.0291140
525,355.289,201.464,24.554,71.958,0.0285270
525,500.556,197.700,39.003,92.747,0.0251470
525,105.106,190.823,26.124,57.390,0.4975730
525,316.175,208.458,21.579,59.211,0.0246090
525,500.663,213.757,22.650,61.544,0.0075890
525,271.273,192.935,39.456,82.824,0.0451890
525,405.818,186.173,44.273,98.951,0.0200640
525,332.637,178.201,48.239,105.227,0.4258050
525,245.929,156.631,98.119,136.566,0.0052890
525,163.443,186.392,48.212,86.141,0.8954120
525,302.920,173.963,60.819,122.918,0.6681230
525,82.106,194.013,42.382,59.361,0.5912510
525,19.902,195.117,26.692,49.411,0.5768580
525,44.553,197.989,25.176,40.609,0.3302200
525,38.808,193.616,43.176,53.508,0.2833880
525,105.106,190.823,26.124,57.390,0.0195590
550,280.735,187.745,38.540,77.115,0.0051240
550,531.383,156.955,61.119,140.951,0.0105590
550,573.896,113.583,101.314,228.998,0.0127320
550,386.024,171.115,51.739,128.174,0.3405640
550,134.485,190.171,31.493,57.744,0.4073160
550,620.579,147.877,71.809,193.135,0.0327700
550,601.749,168.272,50.775,122.446,0.0418470
550,637.656,170.386,46.154,111.196,0.0086890
550,280.735,187.745,38.540,77.115,0.0796310
550,302.324,207.678,26.314,59.838,0.0092990
550,531.383,156.955,61.119,140.951,0.0555170
550,299.684,169.561,44.880,116.659,0.0314630
550,14.606,198.644,21.133,36.440,0.0486820
550,553.607,159.499,63.250,153.542,0.2916480
550,366.611,139.691,70.026,169.885,0.0176260
550,573.896,113.583,101.314,228.998,0.0135570
550,7.506,184.239,40.385,65.010,0.0063790
550,328.144,141.459,70.049,171.636,0.8451560
550,69.794,191.926,42.281,59.160,0.6798630
550,50.939,188.741,43.734,69.541,0.0334610
550,157.955,182.258,51.758,92.716,0.8719560
550,131.895,191.155,35.752,64.324,0.3348800
550,55.309,198.414,23.614,41.540,0.0268870
550,620.579,147.877,71.809,193.135,0.0206300
550,593.878,162.198,62.162,156.654,0.0197160
550,146.287,166.153,76.748,143.017,0.0099880
575,25.974,195.683,22.260,45.689,0.0719520
575,461.644,192.213,27.167,55.370,0.2149540
575,454.733,185.077,41.597,84.106,0.0271820
575,609.076,180.852,55.051,94.447,0.0089480
575,496.270,180.548,26.557,66.516,0.0068770
575,259.449,185.910,73.036,98.278,0.2298140
575,568.318,147.328,102.772,191.522,0.0183560
575,45.085,196.980,24.172,40.556,0.0664710
575,514.577,162.815,65.189,127.444,0.1172020
575,623.253,154.933,72.611,145.152,0.0072200
575,545.690,137.035,74.935,207.567,0.4125540
575,407.958,150.640,64.083,151.477,0.0092670
575,494.709,174.054,50.077,125.389,0.0388000
575,94.562,200.800,22.312,38.211,0.4565060
575,419.206,145.602,106.598,167.273,0.0056280
575,467.168,203.930,22.698,66.359,0.0272010
575,37.865,93.301,16.620,27.558,0.0144730
575,23.191,92.076,18.087,31.803,0.0106930
575,465.650,141.621,107.205,180.605,0.0083380
575,25.974,195.683,22.260,45.689,0.1565460
575,635.915,192.433,47.379,65.866,0.0771620
575,609.076,180.852,55.051,94.447,0.0180560
575,260.074,178.875,62.105,96.339,0.0190470
575,531.772,138.115,112.133,182.977,0.0204550
575,45.085,196.980,24.172,40.556,0.0115320
575,220.561,181.916,52.378,91.754,0.0066020
575,467.541,167.935,113.484,151.462,0.0132790
575,404.935,167.081,61.575,146.369,0.1004490
575,234.748,129.234,113.286,187.474,0.0109950
575,354.876,121.528,118.562,205.724,0.9009780
575,182.070,181.451,58.378,98.014,0.8689370
575,128.805,201.904,26.434,41.416,0.6501410
575,155.170,198.284,40.340,59.482,0.4179210
575,146.352,198.821,29.344,48.933,0.2161710
575,94.562,200.800,22.312,38.211,0.1283920
575,378.721,179.624,64.681,129.274,0.0488000
575,419.206,145.602,106.598,167.273,0.0076420
575,197.814,199.744,24.354,45.731,0.0064440
575,362.540,12.183,138.985,363.995,0.0061340
600,126.319,195.500,20.691,36.420,0.1110840
600,571.287,199.898,20.004,43.901,0.0140610
600,165.820,198.552,19.996,36.534,0.6178090
600,194.530,194.040,21.383,33.152,0.0555770
600,433.900,198.402,24.005,49.665,0.0091450
600,81.564,192.470,23.755,43.854,0.0145760
600,270.606,187.935,31.478,56.854,0.4442370
600,61.967,197.881,20.923,37.288,0.0065230
600,188.385,164.235,123.091,146.331,0.0477450
600,635.255,154.699,46.536,138.874,0.0114570
600,596.794,139.917,74.370,167.326,0.0774800
600,176.107,125.807,79.582,185.341,0.0056620
600,551.547,202.941,21.561,45.863,0.0149180
600,101.065,94.974,12.448,32.307,0.0101120
600,464.919,192.292,23.824,52.314,0.0087710
600,87.660,32.451,97.958,378.491,0.0075910
600,256.784,175.788,42.620,116.800,0.0072530
600,126.319,195.500,20.691,36.420,0.0184390
600,571.287,199.898,20.004,43.901,0.0069440
600,165.820,198.552,19.996,36.534,0.0119310
600,194.530,194.040,21.383,33.152,0.2912840
600,433.900,198.402,24.005,49.665,0.0080540
600,81.564,192.470,23.755,43.854,0.5032180
600,61.967,197.881,20.923,37.288,0.0355190
600,265.097,181.272,39.047,73.669,0.3614920
600,577.805,138.197,110.238,203.059,0.7620920
600,624.088,141.389,54.951,173.940,0.0394500
600,202.407,151.001,79.010,140.635,0.7100380
600,446.918,67.210,124.156,349.488,0.9091520
600,195.635,177.500,46.067,78.900,0.0339680
600,176.107,125.807,79.582,185.341,0.0209480
600,559.900,146.779,69.760,165.068,0.0200050
600,486.435,119.627,99.995,250.558,0.0194880
600,479.872,160.466,61.608,182.269,0.0181180
600,681.307,193.976,28.277,117.118,0.0080490
600,567.760,180.535,44.448,91.108,0.0075610
600,214.649,161.719,51.820,64.868,0.0054820
625,31.581,197.801,12.883,36.845,0.0301720
625,43.883,200.340,18.096,36.476,0.0457160
625,165.828,208.151,18.401,33.572,0.0328640
625,119.171,202.876,18.512,37.974,0.3290340
625,476.399,171.881,65.254,145.150,0.0172320
625,230.017,202.711,19.765,46.903,0.0114170
625,93.251,204.827,21.048,41.338,0.0785380
625,582.759,181.340,119.607,192.517,0.0118260
625,328.794,175.406,40.669,107.850,0.1861840
625,142.292,93.316,12.850,34.331,0.0240920
625,576.357,217.015,26.086,63.997,0.0145380
625,321.013,195.151,27.671,64.402,0.0132670
625,546.043,198.986,22.448,52.617,0.0098210
625,343.120,195.322,24.212,54.869,0.0084640
625,115.829,189.777,36.948,57.072,0.0067610
625,609.520,198.261,21.161,51.342,0.0063090
625,545.584,218.828,25.031,62.360,0.0060320
625,165.828,208.151,18.401,33.572,0.0555940
625,119.171,202.876,18.512,37.974,0.0579500
625,476.399,171.881,65.254,145.150,0.2344520
625,211.431,201.912,28.913,50.070,0.1225500
625,531.294,192.112,43.141,107.639,0.0316470
625,315.876,184.746,43.717,94.990,0.7966080
625,230.268,182.453,48.823,104.269,0.7931640
625,600.358,93.925,107.911,335.033,0.7128500
625,265.952,195.219,36.905,72.026,0.3501440
625,93.251,204.827,21.048,41.338,0.2679100
625,600.811,190.837,49.330,116.898,0.0594810
625,570.873,198.943,48.733,95.581,0.0575500
625,634.188,176.347,53.780,171.124,0.0193770
625,189.408,156.263,126.009,136.936,0.0153490
625,81.331,189.310,34.104,57.455,0.0145790
625,550.258,153.099,88.211,200.526,0.0134350
625,305.426,155.348,55.977,172.927,0.0129580
625,77.403,153.702,324.165,199.378,0.0077160
625,503.326,163.672,73.828,177.612,0.0068380
625,73.485,37.871,129.930,369.595,0.0060460
625,605.870,214.564,23.102,57.373,0.0054150
650,193.028,203.747,18.737,35.527,0.4836320
650,673.384,189.674,35.311,111.090,0.3370530
650,243.922,200.027,24.102,51.003,0.1565670
650,107.017,199.282,29.750,46.712,0.0622920
650,352.518,209.127,28.703,60.855,0.0064750
650,376.312,204.371,42.215,63.165,0.0159150
650,150.827,195.653,38.988,44.165,0.0157640
650,654.952,187.483,42.857,111.026,0.1009340
650,412.303,170.958,58.914,129.985,0.4331390
650,520.572,169.078,69.823,160.334,0.8513860
650,488.587,185.981,45.981,121.977,0.0856730
650,641.985,146.567,48.796,203.176,0.0063400
650,477.998,161.437,82.635,174.690,0.0219780
650,676.979,149.166,40.266,204.795,0.0122540
650,260.429,209.434,24.361,51.753,0.0208350
650,158.207,207.279,21.606,38.583,0.4530130
650,682.953,179.461,25.214,84.488,0.0281520
650,195.481,190.258,39.939,54.902,0.0274040
650,217.158,96.892,13.004,24.756,0.0194090
650,453.211,188.281,44.589,105.688,0.0174260
650,199.800,214.586,20.257,38.678,0.0116180
650,15.103,204.374,21.730,37.486,0.0397500
650,193.028,203.747,18.737,35.527,0.0330610
650,673.384,189.674,35.311,111.090,0.1155290
650,95.632,201.290,26.178,42.905,0.0202200
650,343.512,191.835,46.685,79.882,0.3276100
650,354.340,199.931,25.903,57.423,0.0164690
650,376.312,204.371,42.215,63.165,0.0240550
650,150.827,195.653,38.988,44.165,0.0058760
650,240.580,188.019,34.319,69.252,0.4590630
650,654.952,187.483,42.857,111.026,0.3956680
650,308.452,178.337,44.102,106.362,0.8129180
650,415.563,163.855,58.004,134.182,0.7700830
650,522.200,169.550,73.528,168.551,0.1964040
650,257.801,184.906,34.139,81.788,0.1249760
650,488.587,185.981,45.981,121.977,0.0222960
650,565.605,185.541,36.886,123.374,0.0197120
650,641.985,146.567,48.796,203.176,0.0146330
650,204.936,154.588,85.078,141.534,0.0070760
650,616.653,197.252,34.272,94.885,0.0068650
650,477.998,161.437,82.635,174.690,0.0067900
650,676.979,149.166,40.266,204.795,0.0055920
650,260.429,209.434,24.361,51.753,0.0053770
650,594.578,128.049,66.350,243.372,0.0053410
675,237.687,204.768,23.390,47.862,0.0483270
675,258.785,212.150,21.944,47.980,0.0262490
675,194.467,208.496,22.716,38.607,0.1950040
675,129.165,201.625,25.559,52.842,0.1232640
675,158.019,207.918,24.093,42.927,0.2026410
675,555.447,165.233,80.772,167.674,0.5118760
675,56.253,200.330,21.164,46.895,0.0339410
675,527.549,176.184,46.101,138.622,0.0587120
675,420.763,203.177,48.701,75.767,0.1593930
675,249.405,210.662,22.376,47.172,0.0339120
675,468.642,161.432,68.913,155.707,0.7951920
675,423.137,219.276,31.132,51.052,0.0249820
675,428.932,201.168,30.712,52.912,0.0217460
675,459.181,187.271,57.675,107.193,0.0553280
675,191.917,216.841,18.315,34.983,0.0459730
675,240.573,94.860,14.212,24.977,0.0293110
675,666.272,162.032,14.658,31.577,0.0272240
675,616.979,232.126,19.819,38.743,0.0054690
675,237.687,204.768,23.390,47.862,0.2598580
675,258.785,212.150,21.944,47.980,0.0317070
675,194.467,208.496,22.716,38.607,0.0050750
675,86.763,201.318,26.573,45.234,0.0261450
675,129.165,201.625,25.559,52.842,0.0486740
675,149.060,198.224,39.898,47.451,0.0053180
675,557.247,173.612,76.111,150.402,0.4131530
675,56.253,200.330,21.164,46.895,0.5627160
675,337.791,189.542,42.823,97.053,0.7533390
675,420.763,203.177,48.701,75.767,0.2916720
675,384.242,204.663,28.567,47.729,0.1442860
675,472.761,168.492,69.121,148.378,0.1214210
675,373.097,207.283,45.976,60.618,0.0989530
675,249.405,210.662,22.376,47.172,0.0806200
675,569.924,147.204,90.139,226.920,0.0313700
675,318.558,205.500,39.097,66.077,0.0158480
675,423.137,219.276,31.132,51.052,0.0100720
675,428.932,201.168,30.712,52.912,0.0095270
675,203.051,103.852,94.656,238.265,0.0084720
675,344.819,206.020,25.110,65.333,0.0064900
700,192.740,205.975,25.098,39.990,0.1257790
700,159.638,204.728,26.969,44.322,0.0647840
700,350.600,207.792,25.572,63.716,0.0904840
700,126.207,202.751,25.962,47.484,0.5834780
700,237.853,208.947,24.593,51.559,0.0473890
700,544.216,143.024,91.158,205.451,0.7139390
700,19.322,196.821,24.748,50.027,0.0727610
700,581.199,124.809,109.512,266.500,0.9086530
700,427.008,234.151,29.760,45.792,0.0205150
700,535.214,175.716,58.646,141.760,0.1886930
700,266.899,203.464,23.299,44.617,0.0348960
700,603.727,142.567,70.802,175.557,0.0308860
700,627.533,173.974,64.630,158.349,0.0244870
700,257.392,188.462,48.208,74.372,0.0229780
700,460.859,229.575,25.433,45.490,0.0109500
700,690.907,188.799,20.115,62.892,0.0070860
700,322.368,202.783,20.390,48.903,0.0070740
700,684.256,190.845,27.906,113.321,0.0067590
700,192.740,205.975,25.098,39.990,0.1471590
700,336.163,200.683,38.833,70.837,0.1459120
700,80.091,203.882,32.550,42.301,0.0569010
700,117.875,195.495,38.582,51.726,0.1044110
700,187.424,197.095,47.173,56.200,0.0380110
700,226.114,197.361,42.288,62.532,0.3280100
700,154.787,200.596,38.541,45.446,0.0090680
700,52.723,202.763,24.220,37.544,0.0313440
700,303.951,186.248,56.180,91.408,0.7973570
700,540.486,176.100,181.514,193.378,0.4489860
700,544.216,143.024,91.158,205.451,0.0129540
700,19.322,196.821,24.748,50.027,0.5359000
700,393.817,228.911,29.780,41.954,0.0302130
700,604.311,155.830,93.014,240.064,0.2298230
700,427.008,234.151,29.760,45.792,0.0402220
700,269.541,147.791,107.496,159.457,0.0245700
700,370.874,195.403,47.488,65.657,0.0073420
725,187.673,194.624,43.540,59.969,0.0461900
725,158.266,195.365,43.672,59.263,0.0063410
725,169.597,205.575,24.246,42.994,0.1706360
725,384.610,213.980,25.087,46.703,0.0122130
725,276.695,200.902,27.739,57.171,0.4599330
725,387.438,201.302,38.864,69.472,0.0361360
725,191.822,201.444,23.343,50.660,0.3703890
725,50.383,193.917,25.252,43.476,0.0070400
725,236.013,200.622,25.363,51.319,0.3868640
725,496.660,235.016,29.741,44.206,0.0221370
725,535.498,197.848,43.045,64.850,0.0060150
725,467.568,228.672,25.135,45.779,0.0063060
725,544.938,208.256,25.034,38.602,0.0179970
725,540.333,220.980,27.218,48.969,0.0139230
725,215.649,177.032,68.129,133.803,0.0067450
725,415.904,216.452,23.938,52.268,0.0055800
725,187.673,194.624,43.540,59.969,0.0445590
725,117.959,201.987,25.396,37.812,0.0606420
725,169.597,205.575,24.246,42.994,0.0987570
725,272.328,192.102,36.626,69.825,0.0825070
725,385.229,199.867,37.504,63.438,0.0686340
725,98.142,201.700,22.863,37.089,0.0911910
725,222.549,193.855,44.705,57.167,0.1137450
725,191.822,201.444,23.343,50.660,0.0247570
725,401.846,193.728,44.896,85.464,0.8570730
725,295.514,179.196,61.102,103.796,0.8239980
725,15.469,193.464,29.745,49.366,0.6909090
725,50.383,193.917,25.252,43.476,0.6693040
725,493.895,219.653,42.625,61.368,0.2529160
725,529.911,215.252,43.749,62.737,0.0642720
725,452.963,217.052,40.805,51.189,0.0199170
725,244.973,161.680,105.455,126.945,0.0116680
725,167.052,158.245,98.798,130.718,0.0113370
725,467.568,228.672,25.135,45.779,0.0095900
725,116.335,145.484,116.527,152.976,0.0053590
725,74.015,161.404,127.732,119.404,0.0053160
725,55.337,80.351,524.034,296.810,0.0050380
750,202.074,208.253,26.086,41.549,0.0183350
750,337.646,182.545,57.007,98.814,0.0098260
750,243.901,209.126,27.416,50.863,0.2940230
750,317.589,207.440,26.788,55.828,0.2000010
750,423.150,203.881,37.437,63.103,0.1538750
750,520.128,206.995,55.968,78.000,0.0077130
750,455.885,207.261,32.071,67.184,0.0203760
750,273.972,203.565,23.336,51.398,0.2781060
750,348.533,208.105,18.663,41.853,0.0203010
750,638.562,218.605,53.610,82.465,0.0174580
750,675.974,230.641,33.071,113.305,0.0065790
750,154.778,207.597,25.246,37.381,0.0063970
750,202.074,208.253,26.086,41.549,0.0857020
750,241.426,196.868,35.318,66.600,0.4081090
750,47.354,190.658,42.591,70.053,0.6363060
750,71.292,194.170,37.542,58.584,0.4160950
750,315.834,203.043,38.232,63.080,0.2978100
750,86.818,195.916,27.873,50.824,0.5408580
750,52.137,197.888,26.813,48.681,0.0837200
750,278.735,150.076,100.181,150.763,0.0197060
750,267.432,209.030,40.922,51.231,0.0153690
750,491.503,188.308,60.353,108.446,0.8293750
750,455.994,196.875,40.523,77.596,0.7748130
750,357.619,183.275,55.560,105.324,0.6512370
750,423.150,203.881,37.437,63.103,0.1220270
750,566.603,224.540,57.070,61.851,0.0520940
750,307.271,161.547,127.053,128.271,0.0514600
750,520.128,206.995,55.968,78.000,0.0404420
750,603.111,228.503,58.043,58.404,0.0166880
750,572.333,237.520,31.663,48.553,0.0074950
750,446.563,155.807,125.578,149.487,0.0056050
750,207.086,154.092,89.625,147.667,0.0051590
775,346.749,205.065,27.468,50.926,0.3248330
775,673.063,212.271,38.430,91.242,0.0081520
775,297.867,199.365,47.956,65.352,0.0051430
775,264.852,212.177,26.662,45.281,0.1315730
775,386.293,212.478,26.413,53.499,0.5552650
775,224.985,202.459,45.810,54.757,0.0052540
775,331.845,201.088,52.513,59.519,0.0677760
775,308.874,210.215,27.493,49.235,0.1481460
775,620.556,183.064,78.394,131.809,0.0400310
775,241.112,213.554,24.376,41.643,0.0255760
775,551.830,203.041,53.170,60.160,0.0097920
775,498.954,210.066,40.919,56.455,0.0569890
775,597.630,199.511,74.203,110.056,0.0062080
775,569.211,216.536,26.150,54.606,0.0091780
775,574.168,210.310,23.738,42.286,0.0104730
775,673.063,212.271,38.430,91.242,0.1658880
775,193.368,206.386,29.570,43.794,0.1564980
775,298.803,203.931,46.201,63.340,0.1384360
775,264.852,212.177,26.662,45.281,0.0239050
775,224.985,202.459,45.810,54.757,0.1200940
775,131.734,197.673,24.807,46.939,0.2882340
775,338.532,205.650,50.707,58.740,0.1844470
775,504.488,210.870,24.792,41.188,0.0666820
775,407.825,167.757,68.248,129.894,0.7951500
775,539.683,199.427,50.571,76.148,0.7937400
775,620.556,183.064,78.394,131.809,0.7900710
775,87.440,187.153,42.957,71.949,0.7646700
775,118.751,193.248,35.243,63.937,0.7596620
775,560.099,194.331,49.180,96.468,0.5931960
775,235.528,209.223,24.864,43.943,0.3132750
775,599.027,204.516,63.746,95.299,0.2845830
775,494.496,206.385,43.584,52.270,0.0404340
775,88.905,194.751,21.223,41.867,0.0383090
775,351.238,211.655,25.751,47.463,0.0128340
775,683.834,234.188,23.845,51.522,0.0117150
775,494.268,220.600,27.992,42.788,0.0115490
775,303.204,153.589,57.556,177.318,0.0083430
775,543.341,211.417,29.583,58.148,0.0073690
775,591.262,157.757,130.738,147.892,0.0072010
775,236.800,153.728,180.614,151.222,0.0067390
775,163.311,209.571,20.942,37.767,0.0054370
775,569.211,216.536,26.150,54.606,0.0050420
800,359.003,211.555,24.500,47.799,0.0868710
800,570.894,205.675,38.316,67.573,0.0871820
800,79.537,171.762,51.964,101.308,0.0164200
800,448.762,216.418,30.978,53.518,0.0056860
800,354.739,204.717,41.196,62.875,0.0391430
800,373.550,195.011,40.451,75.028,0.0468020
800,431.513,209.296,27.391,56.328,0.0092480
800,239.827,212.381,23.467,43.637,0.0085280
800,383.154,209.933,26.025,52.853,0.0904230
800,306.029,214.063,30.970,41.794,0.0149310
800,130.013,192.578,20.196,47.795,0.0887250
800,571.296,219.318,25.034,43.536,0.0112730
800,570.894,205.675,38.316,67.573,0.0923410
800,59.849,196.343,18.075,37.672,0.0506420
800,84.017,195.607,18.795,41.559,0.0075240
800,79.537,171.762,51.964,101.308,0.4876380
800,254.497,203.632,49.780,53.499,0.1056180
800,295.232,200.633,49.926,59.564,0.0441400
800,265.156,208.876,26.413,41.168,0.2740810
800,419.904,203.973,48.471,65.712,0.1731780
800,354.739,204.717,41.196,62.875,0.0912620
800,234.439,206.976,24.068,43.504,0.3918970
800,226.550,206.292,45.492,56.403,0.0262140
800,374.927,202.244,41.530,69.286,0.4676650
800,79.801,158.226,92.028,125.335,0.0166270
800,159.507,185.404,37.413,87.464,0.8983880
800,667.260,199.860,42.004,111.561,0.8219650
800,475.330,182.961,57.156,108.185,0.7930570
800,211.996,202.145,24.731,53.156,0.7769850
800,106.196,170.840,43.791,110.787,0.6148980
800,662.639,219.032,26.448,58.293,0.0219870
800,459.829,144.191,99.060,167.582,0.0217040
800,166.898,193.631,22.416,59.324,0.0176990
800,323.288,169.605,160.825,120.009,0.0112440
800,374.721,152.504,67.848,178.929,0.0084290
800,131.996,186.774,81.901,81.552,0.0067370
800,534.023,207.102,43.115,61.063,0.0066890
800,267.069,88.797,454.931,349.855,0.0063550
800,386.730,204.679,23.916,52.960,0.0053760
800,688.309,215.547,19.618,62.676,0.0050870
825,569.983,200.732,38.525,85.950,0.0165140
825,607.764,206.539,45.857,86.783,0.0064870
825,413.204,202.838,48.043,68.608,0.0275060
825,235.273,210.494,28.019,48.179,0.0225250
825,265.662,216.515,26.659,40.796,0.1144790
825,371.743,200.503,52.365,80.369,0.2980810
825,449.236,212.670,24.863,53.552,0.1946960
825,310.170,214.199,26.331,45.177,0.0474750
825,350.234,205.919,47.943,71.235,0.0075100
825,456.842,208.455,32.512,59.399,0.0250790
825,200.119,212.466,23.691,43.829,0.0055910
825,157.965,204.904,29.377,58.687,0.0057370
825,356.077,208.697,24.886,57.196,0.0115000
825,395.565,208.743,24.994,59.498,0.0216160
825,545.924,178.120,90.346,153.173,0.0051960
825,569.983,200.732,38.525,85.950,0.3577860
825,573.786,213.316,25.085,52.575,0.0855980
825,14.585,204.097,17.870,37.579,0.1406910
825,128.506,205.974,23.104,42.191,0.0823150
825,580.299,210.931,24.603,42.170,0.0928520
825,413.204,202.838,48.043,68.608,0.0440370
825,371.743,200.503,52.365,80.369,0.1369450
825,235.404,209.275,27.035,44.662,0.2375660
825,191.459,206.110,48.451,56.997,0.0134400
825,350.234,205.919,47.943,71.235,0.4901960
825,200.684,209.773,21.993,41.907,0.4680620
825,360.552,160.042,88.320,180.556,0.0050020
825,75.347,173.524,54.845,107.342,0.8464240
825,479.043,189.736,55.146,105.047,0.7838860
825,150.193,202.160,36.755,55.165,0.7304840
825,108.443,190.299,43.674,73.813,0.0230900
825,356.077,208.697,24.886,57.196,0.0087480
825,531.863,204.538,37.714,73.673,0.0077980
825,458.123,137.320,102.070,187.399,0.0058360
825,689.149,254.683,16.686,50.374,0.0050310
850,138.209,204.613,21.755,45.884,0.0087270
850,434.040,203.336,22.380,51.517,0.0561070
850,424.897,211.502,26.566,53.676,0.0245910
850,573.744,193.545,47.085,95.192,0.2445850
850,332.034,191.440,55.955,91.459,0.0220000
850,373.428,198.239,55.436,77.186,0.0282280
850,308.439,198.741,45.762,73.788,0.0342170
850,231.553,200.759,27.226,58.287,0.3824840
850,200.623,209.620,27.934,48.843,0.0061300
850,392.207,211.866,29.379,59.971,0.0149600
850,271.564,210.997,25.352,50.261,0.0101900
850,548.762,138.347,88.801,224.721,0.0139710
850,533.133,199.970,46.763,83.803,0.0064740
850,138.209,204.613,21.755,45.884,0.2884640
850,573.744,193.545,47.085,95.192,0.0275410
850,332.034,191.440,55.955,91.459,0.1807400
850,163.976,204.274,26.917,47.553,0.3944360
850,373.428,198.239,55.436,77.186,0.0169550
850,308.439,198.741,45.762,73.788,0.0715860
850,266.721,207.224,39.855,57.311,0.0580890
850,231.553,200.759,27.226,58.287,0.0842490
850,280.953,160.386,167.694,138.537,0.0080640
850,200.107,204.348,26.868,51.510,0.3451370
850,467.044,187.107,60.783,113.838,0.8268650
850,77.995,189.260,33.685,61.952,0.8147090
850,587.363,210.256,24.468,35.847,0.0560980
850,579.307,218.554,24.157,43.081,0.0393530
850,16.630,193.200,18.613,50.677,0.0358820
850,429.724,173.382,123.541,108.924,0.0114390
850,616.860,225.271,21.286,36.423,0.0090130
850,624.337,210.104,22.702,33.175,0.0090010
850,14.952,172.994,30.258,84.263,0.0085030
