25,506.053,175.942,25.378,67.881,0.0096440
25,384.048,202.669,18.894,44.454,0.0703540
25,358.736,198.095,25.340,56.772,0.0109170
25,292.945,154.407,74.603,139.554,0.0550320
25,182.979,157.251,40.774,142.469,0.3309010
25,322.667,153.993,68.862,146.471,0.0054500
25,377.783,97.196,72.195,260.184,0.0140760
25,544.331,24.115,153.264,334.438,0.0053000
25,277.352,204.020,15.014,39.525,0.4223380
25,248.852,128.612,75.807,197.125,0.0106720
25,214.216,137.421,69.278,202.455,0.0228240
25,414.585,165.148,54.112,178.646,0.0194380
25,198.255,189.045,18.092,68.499,0.0166510
25,564.218,216.949,62.357,138.921,0.0059520
25,201.926,206.017,22.172,69.826,0.0423920
25,271.398,179.013,34.787,91.953,0.0173310
25,508.923,160.144,22.348,50.955,0.0140120
25,272.593,207.451,18.262,54.020,0.0119990
25,532.093,186.778,21.219,53.351,0.0113130
25,503.357,142.284,41.632,91.770,0.0092480
25,462.580,219.881,21.013,55.338,0.0086530
25,450.666,168.964,40.380,170.800,0.0084080
25,523.748,145.781,49.953,134.500,0.0056210
25,370.995,177.237,46.635,91.060,0.0053220
25,431.712,246.643,20.790,62.899,0.0051640
25,384.048,202.669,18.894,44.454,0.0057890
25,292.945,154.407,74.603,139.554,0.5750380
25,182.979,157.251,40.774,142.469,0.1845990
25,377.783,97.196,72.195,260.184,0.0112420
25,205.526,133.429,81.006,190.744,0.8851020
25,386.685,115.055,125.318,254.746,0.8416310
25,540.131,45.187,159.834,353.209,0.7389450
25,277.352,204.020,15.014,39.525,0.0844570
25,248.852,128.612,75.807,197.125,0.0376530
25,599.450,211.826,60.545,149.358,0.0358890
25,537.779,185.142,135.501,188.941,0.0248520
25,522.600,73.365,80.943,281.052,0.0225890
25,316.045,199.543,17.604,38.590,0.0222300
25,414.585,165.148,54.112,178.646,0.0125860
25,158.478,198.120,20.995,50.826,0.0094530
25,575.796,140.709,110.852,341.234,0.0085750
25,472.727,87.760,85.171,261.898,0.0085410
25,150.367,160.280,44.665,118.211,0.0061190
25,198.255,189.045,18.092,68.499,0.0052930
25,564.218,216.949,62.357,138.921,0.0052190
50,196.411,161.094,80.212,157.455,0.5568800
50,276.424,149.081,99.817,198.091,0.8608190
50,126.365,162.082,84.603,153.837,0.0125040
50,103.308,147.319,62.226,167.986,0.0167840
50,250.746,220.881,20.693,39.151,0.0378830
50,269.152,219.215,19.292,36.517,0.0123380
50,379.175,119.112,76.583,278.552,0.1390540
50,358.788,218.669,21.891,46.737,0.2063080
50,435.338,113.325,66.311,264.529,0.0162020
50,337.237,194.906,41.939,105.757,0.0763720
50,377.182,219.930,21.144,43.817,0.0394240
50,263.009,162.640,66.771,170.434,0.0366840
50,453.300,171.185,47.404,138.299,0.0135480
50,621.707,191.366,19.788,55.700,0.0134400
50,622.343,209.348,21.060,59.050,0.0085620
50,271.140,199.736,36.140,81.974,0.0078570
50,378.186,192.454,39.446,113.857,0.0065840
50,475.500,192.160,22.571,49.584,0.0065070
50,644.288,175.836,31.470,91.253,0.0053130
50,177.535,138.374,87.750,198.614,0.5348210
50,126.365,162.082,84.603,153.837,0.0247460
50,494.523,103.891,135.872,275.354,0.8980630
50,371.157,119.520,121.983,273.811,0.8322110
50,104.974,150.859,65.111,184.722,0.7514020
50,250.746,220.881,20.693,39.151,0.1998260
50,269.152,219.215,19.292,36.517,0.0944250
50,284.094,90.888,82.269,283.006,0.0589860
50,395.209,167.107,70.655,183.826,0.0401180
50,358.788,218.669,21.891,46.737,0.0376230
50,517.637,154.466,78.635,197.864,0.0160570
50,435.338,113.325,66.311,264.529,0.0144840
50,14.377,189.026,27.155,117.921,0.0120820
50,220.833,184.602,56.416,122.295,0.0074350
50,295.987,152.342,65.367,151.860,0.0074170
50,312.313,224.298,18.652,39.650,0.0058890
75,450.720,149.685,53.276,146.546,0.0523870
75,138.200,119.301,86.937,230.971,0.1828510
75,347.102,203.270,21.659,50.966,0.0400660
75,448.823,91.054,108.653,269.285,0.0254770
75,342.289,185.820,37.363,86.911,0.0068200
75,277.979,143.932,65.567,185.201,0.7641560
75,366.672,86.346,96.505,317.593,0.0244770
75,238.907,210.831,16.132,37.497,0.1412510
75,374.966,138.846,61.007,218.927,0.0233710
75,264.023,164.831,55.762,124.198,0.0776780
75,480.148,67.545,127.468,306.811,0.0187400
75,186.886,163.352,50.239,146.073,0.0077930
75,629.578,101.164,80.658,232.080,0.0219260
75,233.183,189.064,35.413,76.205,0.0169880
75,618.016,186.259,19.927,49.247,0.0142670
75,650.165,150.304,45.471,115.156,0.0093210
75,465.004,188.520,19.760,51.957,0.0075810
75,679.129,215.055,22.587,61.870,0.0067220
75,597.215,77.334,67.099,283.439,0.0065430
75,436.165,193.449,17.932,49.294,0.0062480
75,626.006,155.226,17.691,49.414,0.0062270
75,533.625,95.672,106.740,245.915,0.0056460
75,679.453,164.072,30.112,101.450,0.0055280
75,450.720,149.685,53.276,146.546,0.0516160
75,347.102,203.270,21.659,50.966,0.0139300
75,281.914,134.213,56.039,194.326,0.0912940
75,448.823,91.054,108.653,269.285,0.6722240
75,144.116,117.734,77.809,222.145,0.7971880
75,366.672,86.346,96.505,317.593,0.7660940
75,216.728,211.816,17.856,35.315,0.3882120
75,238.907,210.831,16.132,37.497,0.3337750
75,117.640,211.287,14.654,29.178,0.1903450
75,473.124,129.671,58.021,188.396,0.0576480
75,374.966,138.846,61.007,218.927,0.0398150
75,184.804,165.689,44.506,122.575,0.0307950
75,267.107,209.080,16.589,35.128,0.0250830
75,264.023,164.831,55.762,124.198,0.0105870
75,329.835,209.412,14.822,35.362,0.0094180
75,480.148,67.545,127.468,306.811,0.0060860
75,486.883,202.307,43.316,159.048,0.0059850
100,490.957,183.236,23.954,58.314,0.0568980
100,357.379,96.277,113.654,287.274,0.0313190
100,334.303,196.022,26.860,63.291,0.0290610
100,413.038,164.412,51.554,123.262,0.1123210
100,446.365,174.109,47.494,80.787,0.0198730
100,465.869,76.374,87.381,269.825,0.0110810
100,115.033,135.005,83.893,199.218,0.5006350
100,230.955,137.530,65.192,195.267,0.5810690
100,409.760,2.000,119.484,353.748,0.0097310
100,639.385,147.715,53.978,128.933,0.0888030
100,454.662,180.570,22.755,63.981,0.0717370
100,374.385,158.472,67.329,167.816,0.0456280
100,435.868,212.630,19.452,52.016,0.0380590
100,626.562,49.504,72.086,271.488,0.0284200
100,617.343,178.262,22.608,56.207,0.0155260
100,428.902,186.687,20.304,61.561,0.0106950
100,472.096,50.450,149.790,267.401,0.0087970
100,459.287,156.569,21.913,61.026,0.0073350
100,384.728,199.258,17.962,45.916,0.0072590
100,619.561,159.076,36.247,98.649,0.0060350
100,357.379,96.277,113.654,287.274,0.4237000
100,307.152,199.365,27.684,54.527,0.0929580
100,334.303,196.022,26.860,63.291,0.0487080
100,238.750,128.857,65.129,199.516,0.0786910
100,8.541,184.410,34.137,76.657,0.7197460
100,107.866,98.722,76.728,254.871,0.6102810
100,424.318,66.015,102.357,233.853,0.0076940
100,199.564,206.495,18.884,39.799,0.8019960
100,192.527,188.235,31.537,80.118,0.0142850
100,125.288,200.299,15.666,37.110,0.0083980
100,231.953,203.637,17.145,39.557,0.0078270
100,286.745,201.363,17.612,43.137,0.0054480
125,304.700,191.644,33.897,86.990,0.1102060
125,499.403,189.442,21.043,55.721,0.0236580
125,303.151,207.275,24.808,58.598,0.0052470
125,441.276,173.983,57.336,106.929,0.0350190
125,626.096,82.729,89.305,260.326,0.0284960
125,185.896,154.793,67.361,167.643,0.0401560
125,100.198,123.032,68.659,229.975,0.0324980
125,464.888,85.696,94.519,198.234,0.0689210
125,324.159,169.110,60.713,142.385,0.0784560
125,214.171,134.492,49.581,205.659,0.0343340
125,421.568,2.000,97.685,377.153,0.0066240
125,372.738,144.026,54.227,169.411,0.0078170
125,488.286,168.721,38.824,91.750,0.0635230
125,485.881,129.449,52.035,112.898,0.0234910
125,420.505,175.543,40.754,88.513,0.0148180
125,461.019,2.000,164.061,327.585,0.0125850
125,419.791,186.049,18.834,57.121,0.0087300
125,458.412,210.523,25.104,56.092,0.0059830
125,493.767,101.203,47.764,94.811,0.0051940
125,399.564,219.360,19.081,49.695,0.0050850
125,307.119,183.859,36.534,95.733,0.7101780
125,272.705,218.408,17.524,35.316,0.0207050
125,88.890,139.880,78.488,189.487,0.6514070
125,431.144,25.885,81.865,323.847,0.0130630
125,617.881,2.000,91.901,302.314,0.0080990
125,333.599,102.852,112.798,276.205,0.4282360
125,326.326,162.519,51.718,134.177,0.0523910
125,302.359,202.737,24.994,56.398,0.7284730
125,186.533,147.583,64.251,167.254,0.5460610
125,38.231,211.087,19.292,32.690,0.1576650
125,263.453,213.463,19.430,34.745,0.0806900
125,214.171,134.492,49.581,205.659,0.0380610
125,299.388,137.284,63.439,186.186,0.0195090
125,451.841,22.778,113.569,259.304,0.0192660
125,373.780,166.826,52.440,166.635,0.0128570
125,376.241,2.000,119.088,339.005,0.0050280
150,271.580,182.779,42.569,104.096,0.0927260
150,480.852,160.126,55.014,137.345,0.6613790
150,64.609,145.262,56.547,160.088,0.2000770
150,148.668,140.123,67.678,172.533,0.4112160
150,439.402,197.833,21.372,53.136,0.6262770
150,129.465,198.966,16.842,39.482,0.0104240
150,104.729,176.839,39.968,98.871,0.0380420
150,429.956,190.080,34.274,73.981,0.0359520
150,297.190,175.875,48.067,125.599,0.0264330
150,464.420,179.493,46.181,115.891,0.0147490
150,463.985,195.747,20.420,52.251,0.0129560
150,312.084,214.180,21.062,57.762,0.0127210
150,315.659,201.434,19.651,43.924,0.0065230
150,515.138,160.240,52.620,112.531,0.0059900
150,602.286,2.000,112.877,295.688,0.0052030
150,604.151,181.439,23.190,53.121,0.0538460
150,140.075,147.281,79.643,153.047,0.5335920
150,265.454,171.867,47.663,114.099,0.6508430
150,241.124,174.690,42.181,97.769,0.0464930
150,258.403,135.722,65.850,185.541,0.0337680
150,64.029,144.147,65.469,158.115,0.5771040
150,315.015,155.575,71.926,164.001,0.8168540
150,608.377,190.285,47.199,111.236,0.1354490
150,40.659,201.275,18.732,38.936,0.0710000
150,129.465,198.966,16.842,39.482,0.0647160
150,238.761,202.169,25.358,46.656,0.0297950
150,271.653,198.756,23.309,52.284,0.0136560
150,51.722,88.324,612.982,330.327,0.0117330
150,48.386,172.719,31.938,89.629,0.0087570
150,580.311,214.998,24.587,55.275,0.0059220
150,597.887,154.809,52.066,192.894,0.0053080
175,615.064,213.191,20.979,45.290,0.1428250
175,473.505,187.609,21.924,65.834,0.2360740
175,126.726,161.605,68.353,146.787,0.1596970
175,259.065,184.076,39.517,106.438,0.1718730
175,376.513,198.022,42.638,73.351,0.0155970
175,384.190,205.923,24.174,59.360,0.0175230
175,390.144,78.144,88.670,214.940,0.0385160
175,649.526,182.670,35.891,80.491,0.0671610
175,40.176,136.528,60.819,182.422,0.6521020
175,359.421,197.665,24.548,76.599,0.0786020
175,548.733,165.821,55.714,144.320,0.6394220
175,68.504,166.768,42.947,139.813,0.1206060
175,495.828,158.180,47.619,110.568,0.0288570
175,651.601,189.982,18.696,52.909,0.0170610
175,464.592,203.519,35.499,63.265,0.0139630
175,508.364,182.909,23.624,62.967,0.0133180
175,638.476,124.282,61.204,192.860,0.0103190
175,535.495,185.217,20.940,64.028,0.0078930
175,429.480,35.877,86.155,294.764,0.0075460
175,88.908,196.905,17.296,47.105,0.0067370
175,686.620,197.589,16.753,44.582,0.0062340
175,617.691,204.292,22.035,46.908,0.0231190
175,126.726,161.605,68.353,146.787,0.0418160
175,390.144,78.144,88.670,214.940,0.0062790
175,389.476,197.686,24.773,62.863,0.0096410
175,255.227,172.204,44.314,119.255,0.7334570
175,360.867,198.423,23.347,62.112,0.0201900
175,40.176,136.528,60.819,182.422,0.0235870
175,190.814,207.591,20.299,44.720,0.7446190
175,297.144,168.186,61.066,146.476,0.5759960
175,273.717,208.458,23.212,68.119,0.0381980
175,311.943,217.807,17.858,50.930,0.0164880
200,411.741,196.382,35.189,76.476,0.1962540
200,388.882,191.161,39.002,80.277,0.4697280
200,42.500,162.934,43.789,145.401,0.2286160
200,493.322,183.143,39.304,80.441,0.1988220
200,598.175,129.323,67.049,181.809,0.7619980
200,111.446,150.044,58.478,147.151,0.1805500
200,500.930,206.372,23.669,60.486,0.0191490
200,78.815,199.277,18.854,42.643,0.0071340
200,469.026,2.000,92.097,357.343,0.0593330
200,426.813,30.371,96.782,234.429,0.1176780
200,636.093,148.694,41.639,145.598,0.0747880
200,447.278,64.139,53.033,103.089,0.0237140
200,620.903,102.429,63.357,224.455,0.0234360
200,612.285,150.362,43.951,88.284,0.0216040
200,684.974,161.402,21.491,102.898,0.0155540
200,487.304,74.928,54.781,133.946,0.0129670
200,579.922,25.038,98.038,333.770,0.0114450
200,64.137,171.786,42.497,104.833,0.0097350
200,517.004,2.000,60.397,318.684,0.0090000
200,531.868,164.830,43.378,99.218,0.0072170
200,581.341,154.118,40.133,131.872,0.0070970
200,21.543,195.631,17.916,48.878,0.0196410
200,37.835,150.240,55.611,152.835,0.0961400
200,417.993,189.257,26.174,78.492,0.0157440
200,111.446,150.044,58.478,147.151,0.5915340
200,240.337,176.048,44.663,105.134,0.8488100
200,179.609,200.034,27.300,54.171,0.8427160
200,281.945,161.041,58.912,151.770,0.8121850
200,394.300,194.758,24.819,63.534,0.0379170
200,265.792,175.344,43.064,119.779,0.0258910
200,500.930,206.372,23.669,60.486,0.0245300
200,78.815,199.277,18.854,42.643,0.0179330
200,51.564,195.319,19.277,50.169,0.0146100
200,244.107,199.220,23.917,51.239,0.0121190
200,2.000,134.359,720.000,241.695,0.0119310
200,469.026,2.000,92.097,357.343,0.0115790
200,267.128,200.552,22.751,51.069,0.0113090
200,218.824,140.059,60.735,177.374,0.0102400
200,158.365,181.691,35.446,89.853,0.0073500
200,126.016,194.740,18.406,48.161,0.0066110
225,450.569,199.117,43.191,74.680,0.2612040
225,486.115,174.821,51.315,84.495,0.0107330
225,97.809,143.397,60.111,159.586,0.5437260
225,17.979,146.606,56.286,142.621,0.1485910
225,497.809,186.562,25.441,58.247,0.0139530
225,448.278,22.839,69.030,256.957,0.1517420
225,668.620,130.361,39.859,191.659,0.7034590
225,569.636,146.143,53.555,124.713,0.2015870
225,612.310,159.127,47.383,112.840,0.0626920
225,548.013,69.828,96.048,279.189,0.0475080
225,599.893,123.131,65.613,189.491,0.0417560
225,535.337,149.558,52.294,121.055,0.0400640
225,629.453,183.045,22.655,53.170,0.0391950
225,519.200,77.809,67.911,204.198,0.0331710
225,584.882,177.734,24.331,62.921,0.0146400
225,558.312,2.000,50.507,330.396,0.0102640
225,631.485,8.063,90.515,371.038,0.0082160
225,531.111,103.035,52.782,98.018,0.0069450
225,400.553,196.137,47.520,76.417,0.0066730
225,15.600,196.042,16.442,55.164,0.0139430
225,100.870,131.865,54.087,184.361,0.2622480
225,17.979,146.606,56.286,142.621,0.6132130
225,86.519,165.610,101.604,137.582,0.0166870
225,396.461,189.014,37.164,83.269,0.8635280
225,241.897,181.986,36.045,88.539,0.8053080
225,263.242,164.102,53.082,133.393,0.7340390
225,167.212,197.298,24.276,53.995,0.7031930
225,86.099,199.647,17.385,32.222,0.6140550
225,187.493,208.272,18.864,34.428,0.4451060
225,306.140,205.389,18.960,41.770,0.2341340
225,244.748,199.315,22.764,51.852,0.1975190
225,448.278,22.839,69.030,256.957,0.0307210
225,279.519,199.904,20.775,50.416,0.0292230
225,220.211,130.147,58.451,197.377,0.0234230
225,295.395,185.248,37.615,79.310,0.0207270
225,58.279,191.771,18.400,40.088,0.0075430
225,181.292,189.656,40.063,60.611,0.0060050
225,505.583,2.861,82.193,299.798,0.0057060
250,13.491,198.740,17.795,50.020,0.0107400
250,411.604,193.963,43.069,83.327,0.0227370
250,116.599,168.262,44.611,119.943,0.4087850
250,17.108,165.184,35.733,117.786,0.0166360
250,538.993,196.850,25.144,50.315,0.0440640
250,530.275,188.683,45.293,70.300,0.0062900
250,513.321,198.788,24.262,58.441,0.0723270
250,493.932,185.439,46.084,81.882,0.0968140
250,502.294,207.227,26.140,58.285,0.0244890
250,96.924,122.389,71.157,209.378,0.0061820
250,19.060,162.156,62.791,145.319,0.0100370
250,145.184,207.257,24.693,55.793,0.0505070
250,449.968,206.096,54.395,69.515,0.0138130
250,132.198,201.043,18.984,49.615,0.0078300
250,457.814,2.000,96.764,299.700,0.2418900
250,494.298,4.395,101.964,285.023,0.0441110
250,602.236,164.905,44.555,110.284,0.1664890
250,578.125,198.763,36.432,81.455,0.1621730
250,639.404,168.070,34.573,102.202,0.0265610
250,478.188,76.445,74.602,143.597,0.0225740
250,532.670,2.000,100.781,316.906,0.0151470
250,135.442,187.027,41.982,78.160,0.0128860
250,573.214,189.567,22.959,59.983,0.0127530
250,558.348,152.792,77.336,129.778,0.0121200
250,468.716,216.112,22.333,48.835,0.0108400
250,646.833,180.925,21.621,54.474,0.0094820
250,590.723,113.786,78.682,210.446,0.0085690
250,525.021,97.971,63.778,103.881,0.0076520
250,2.000,82.385,211.243,335.910,0.0060360
250,13.491,198.740,17.795,50.020,0.0146400
250,411.604,193.963,43.069,83.327,0.3730630
250,21.406,162.752,51.399,122.312,0.6287180
250,116.599,168.262,44.611,119.943,0.2852550
250,389.467,189.944,51.958,80.956,0.0198840
250,96.924,122.389,71.157,209.378,0.0686680
250,433.332,198.556,25.147,58.485,0.0143650
250,145.184,207.257,24.693,55.793,0.1653050
250,251.378,178.987,49.475,118.290,0.8009260
250,74.388,204.133,19.056,34.154,0.5743290
250,237.770,198.046,25.522,66.009,0.5686870
250,305.578,209.649,20.871,40.479,0.1828410
250,200.212,212.820,17.908,34.113,0.1413550
250,398.337,214.111,23.532,46.405,0.0358610
250,132.198,201.043,18.984,49.615,0.0315710
250,457.814,2.000,96.764,299.700,0.0147900
250,424.223,208.821,24.380,55.743,0.0107270
250,2.000,17.812,191.046,388.225,0.0084520
250,2.000,97.523,583.147,318.369,0.0078940
250,494.298,4.395,101.964,285.023,0.0053030
275,21.070,196.777,19.558,56.313,0.0055260
275,419.141,189.596,44.746,78.039,0.0372430
275,392.656,192.240,40.113,73.602,0.0248630
275,114.872,178.704,38.705,112.633,0.0896490
275,531.364,191.222,26.200,63.420,0.0268220
275,534.643,198.362,35.507,74.963,0.1673720
275,24.013,173.743,48.717,121.575,0.3213970
275,447.584,183.843,42.779,81.451,0.0123390
275,432.253,197.414,24.474,55.429,0.0183370
275,464.620,195.680,22.191,62.320,0.0136290
275,499.018,2.000,99.427,305.375,0.0468930
275,610.196,34.864,98.893,295.368,0.2010530
275,517.037,30.713,138.736,243.462,0.1778150
275,567.489,2.000,109.937,323.733,0.0986950
275,646.304,138.689,56.376,152.467,0.0519820
275,479.337,18.936,78.813,265.015,0.0512270
275,24.442,209.310,20.820,61.555,0.0185820
275,615.000,198.299,46.152,85.831,0.0177520
275,557.646,101.540,70.436,96.677,0.0113380
275,602.188,114.523,61.123,139.683,0.0103730
275,673.102,153.093,34.460,110.756,0.0073580
275,497.462,90.225,55.328,108.159,0.0067070
275,667.413,42.700,50.164,273.816,0.0064660
275,21.070,196.777,19.558,56.313,0.0077110
275,109.663,164.836,43.782,123.362,0.1254100
275,392.656,192.240,40.113,73.602,0.1922850
275,419.802,197.569,43.773,74.244,0.0099740
275,25.122,163.884,47.225,124.500,0.4497890
275,432.253,197.414,24.474,55.429,0.0061040
275,306.020,188.659,40.053,84.606,0.8396600
275,249.640,186.243,44.117,101.549,0.8456640
275,231.574,194.720,24.122,67.072,0.7412330
275,237.573,189.572,38.021,92.839,0.2060310
275,231.250,177.012,102.506,105.809,0.0143700
275,92.069,197.024,19.027,41.429,0.0087160
275,264.522,207.278,22.144,61.514,0.0083640
275,499.018,2.000,99.427,305.375,0.0067250
275,52.789,193.259,17.943,49.004,0.0067120
300,580.185,197.801,42.394,87.770,0.0738190
300,548.679,213.912,24.534,47.365,0.0115730
300,594.029,189.821,43.251,109.433,0.4703650
300,540.906,208.788,41.041,61.698,0.0091410
300,78.890,205.753,24.633,63.226,0.7339250
300,576.539,114.608,101.192,210.982,0.0277360
300,31.131,179.569,45.469,112.423,0.0092480
300,649.990,187.643,45.754,117.250,0.2358780
300,638.775,71.527,53.849,291.266,0.0388200
300,676.491,185.782,30.273,115.274,0.0298950
300,671.775,88.369,47.741,250.131,0.0271730
300,440.585,208.788,17.842,40.155,0.0228150
300,548.042,2.000,142.246,328.925,0.0215070
300,492.910,2.000,106.205,325.162,0.0100750
300,609.597,206.356,24.076,77.960,0.0052980
300,320.174,227.131,17.528,31.657,0.1783450
300,548.679,213.912,24.534,47.365,0.3593320
300,594.029,189.821,43.251,109.433,0.0101030
300,79.918,201.619,26.508,56.921,0.1693470
300,581.817,206.456,26.625,69.350,0.0114100
300,576.539,114.608,101.192,210.982,0.0068790
300,120.888,180.855,46.881,103.283,0.8891690
300,31.374,170.344,42.897,121.636,0.8337540
300,462.374,190.310,38.609,92.135,0.8304060
300,226.670,190.627,44.040,110.767,0.7988320
300,355.588,198.455,41.724,75.367,0.7765140
300,204.907,193.875,36.310,89.088,0.7655710
300,219.616,191.250,36.814,83.761,0.0579440
300,471.433,199.459,22.638,63.171,0.0541630
300,237.165,216.125,21.926,55.545,0.0253730
300,214.668,206.468,22.553,50.179,0.0237880
300,356.920,212.252,24.315,48.759,0.0160870
300,379.997,208.509,25.793,61.125,0.0141290
300,53.749,199.365,20.167,50.822,0.0071270
300,45.082,205.692,23.380,65.191,0.0060600
300,313.156,208.752,37.523,61.035,0.0059060
300,153.162,216.592,20.615,46.697,0.0050320
325,577.329,203.779,36.073,75.127,0.0064060
325,111.983,203.265,26.792,66.125,0.0191480
325,48.941,205.897,20.781,67.035,0.0066260
325,137.077,179.515,42.011,105.310,0.0091920
325,474.674,204.550,17.730,46.142,0.1116840
325,151.248,203.785,24.381,73.292,0.0315980
325,468.130,196.084,35.711,79.762,0.0244540
325,596.234,2.000,120.116,315.845,0.0198090
325,87.087,189.547,38.143,83.802,0.3382020
325,577.329,203.779,36.073,75.127,0.0296140
325,106.636,190.443,37.507,82.198,0.3788300
325,37.446,173.788,44.964,113.654,0.7648130
325,571.131,209.841,23.057,59.271,0.3685400
325,553.406,2.000,140.466,338.046,0.0173360
325,200.010,182.595,44.072,114.031,0.8562570
325,597.787,192.102,37.748,98.356,0.8265250
325,331.548,194.670,40.067,85.309,0.8075420
325,507.342,192.951,34.477,88.342,0.7725360
325,141.029,188.652,36.503,94.307,0.7281790
325,376.942,218.236,20.870,44.248,0.2555560
325,526.920,214.125,25.485,60.337,0.0871060
325,313.792,198.946,42.300,78.026,0.0521900
325,607.999,209.538,23.381,69.112,0.0293830
325,15.691,158.461,85.531,123.501,0.0152530
325,586.272,80.562,71.680,289.098,0.0130670
325,314.950,217.975,21.446,47.196,0.0122340
325,153.580,178.582,40.382,124.676,0.0120320
325,216.511,192.774,41.535,96.283,0.0106930
325,170.464,160.529,80.883,141.411,0.0085310
325,268.133,195.731,42.227,84.539,0.0051490
350,32.258,197.843,40.519,72.837,0.0258570
350,645.372,193.800,40.582,98.689,0.4660630
350,2.405,188.196,30.597,83.116,0.6552520
350,521.370,2.000,197.842,414.494,0.0262220
350,563.701,2.000,118.439,310.371,0.2832450
350,614.856,73.932,84.797,281.535,0.0050310
350,425.630,220.473,16.990,36.711,0.0071220
350,383.456,223.030,18.988,36.833,0.0077030
350,229.707,212.061,21.887,48.638,0.0338690
350,650.060,209.611,24.687,69.563,0.0077890
350,635.432,138.666,50.275,210.536,0.0054710
350,7.225,185.549,23.614,81.284,0.0055530
350,645.372,193.800,40.582,98.689,0.0516240
350,521.370,2.000,197.842,414.494,0.0560120
350,608.889,2.000,90.584,318.125,0.1141250
350,147.948,173.018,54.718,114.758,0.8854560
350,327.314,189.829,51.501,91.469,0.8550850
350,56.371,177.297,53.299,106.766,0.8325520
350,580.589,196.354,41.137,90.838,0.4260120
350,230.261,206.316,22.656,49.753,0.2671600
350,425.630,220.473,16.990,36.711,0.2547850
350,383.456,223.030,18.988,36.833,0.2406120
350,606.616,215.088,26.591,67.744,0.1539910
350,583.130,212.354,26.512,60.861,0.1499640
350,174.687,179.321,47.385,112.018,0.1380990
350,650.060,209.611,24.687,69.563,0.0554390
350,121.572,131.752,102.271,185.166,0.0340190
350,371.728,204.082,28.305,67.144,0.0141830
350,84.044,207.508,23.142,61.110,0.0127530
350,576.347,196.660,26.817,65.659,0.0121470
350,192.272,204.209,23.314,49.964,0.0116860
350,313.972,149.347,88.274,155.977,0.0107480
350,165.771,199.208,20.875,52.862,0.0091300
350,540.194,151.449,110.832,142.713,0.0080500
350,629.007,76.087,74.203,140.405,0.0077540
350,26.311,2.000,660.437,576.000,0.0064330
350,551.921,60.320,136.828,314.779,0.0059190
350,56.131,16.188,230.385,414.363,0.0055180
350,387.017,213.691,20.369,36.520,0.0052270
375,650.850,185.096,44.340,78.638,0.0692790
375,46.714,191.470,39.195,84.699,0.0574670
375,219.017,187.736,43.923,93.015,0.1479270
375,678.888,197.039,25.354,62.907,0.0120600
375,197.574,184.412,51.258,79.933,0.0052900
375,648.478,198.211,22.911,56.166,0.1865590
375,7.877,195.466,16.694,46.767,0.0175330
375,298.961,203.140,24.477,50.446,0.0227010
375,473.955,220.385,15.374,32.371,0.0225290
375,543.589,206.227,16.656,38.731,0.0054790
375,218.008,179.725,45.768,92.774,0.2258420
375,48.128,195.695,26.753,60.902,0.0064160
375,197.574,184.412,51.258,79.933,0.2364450
375,648.478,198.211,22.911,56.166,0.0071850
375,125.808,176.300,44.613,91.196,0.8222160
375,351.638,180.389,48.708,97.774,0.8083800
375,525.928,176.880,75.308,124.986,0.7703840
375,298.961,203.140,24.477,50.446,0.4772260
375,202.744,200.380,20.445,41.825,0.1229070
375,498.294,210.661,17.657,36.712,0.0634950
375,473.955,220.385,15.374,32.371,0.0351960
375,238.305,201.000,19.619,47.491,0.0249210
375,207.081,121.407,68.814,210.785,0.0173680
375,464.644,213.754,16.555,31.560,0.0130540
375,286.179,205.597,21.098,42.457,0.0124000
375,435.984,218.856,16.759,34.225,0.0122480
375,438.958,212.203,17.696,33.521,0.0114690
375,626.145,198.302,20.110,52.067,0.0091870
375,356.148,199.917,21.437,46.640,0.0091210
375,2.000,75.468,720.000,373.917,0.0090340
375,417.545,181.408,44.191,81.146,0.0076540
375,543.589,206.227,16.656,38.731,0.0071600
375,460.326,206.257,35.897,61.501,0.0061060
375,130.836,186.382,19.252,51.900,0.0056760
375,385.516,203.208,19.388,40.892,0.0056250
375,167.971,149.541,89.132,136.043,0.0052550
400,491.009,222.031,16.373,34.083,0.0050650
400,260.523,195.842,40.552,79.415,0.1552200
400,239.564,199.323,37.105,72.851,0.0134010
400,24.567,190.942,25.660,64.805,0.0272560
400,273.537,209.329,24.830,54.374,0.0214750
400,312.827,189.109,46.249,97.472,0.0196860
400,685.807,207.276,17.365,61.508,0.0547460
400,20.869,193.671,42.535,83.014,0.8548470
400,682.785,160.577,24.060,115.088,0.4549030
400,89.910,204.954,17.714,32.225,0.0067570
400,656.756,158.212,40.907,118.871,0.0061050
400,491.009,222.031,16.373,34.083,0.5051240
400,23.501,189.069,37.387,83.607,0.0919980
400,254.027,186.626,44.294,88.414,0.4043230
400,236.150,189.507,42.906,82.132,0.4741940
400,181.298,186.831,39.774,88.989,0.8967890
400,328.847,179.491,60.261,114.719,0.8396900
400,544.485,221.321,17.744,37.665,0.1031360
400,243.916,206.820,25.309,63.244,0.0679570
400,272.450,204.229,23.365,52.109,0.0677950
400,477.922,220.755,20.297,36.804,0.0512910
400,202.346,198.599,20.874,51.805,0.0182780
400,574.091,212.037,14.984,33.342,0.0148740
400,312.827,189.109,46.249,97.472,0.0101870
400,685.807,207.276,17.365,61.508,0.0097590
400,166.900,175.125,77.020,98.024,0.0070470
400,198.135,158.564,99.936,128.267,0.0052460
400,107.201,2.000,491.239,576.000,0.0051360
425,573.880,224.404,17.457,33.503,0.0519710
425,4.627,193.655,32.834,86.836,0.7882380
425,2.637,170.913,48.419,152.695,0.0099010
425,51.183,200.654,17.393,41.336,0.0063420
425,531.073,222.594,17.570,33.170,0.4416110
425,4.638,184.559,30.415,92.020,0.0103410
425,237.246,187.031,38.626,88.141,0.8748980
425,287.244,173.781,61.219,112.825,0.7959830
425,399.294,210.246,19.960,38.913,0.6147960
425,573.880,224.404,17.457,33.503,0.1057920
425,614.479,223.212,16.946,34.095,0.0867230
425,264.562,148.801,107.494,158.024,0.0533360
425,650.629,197.024,40.914,88.162,0.0316300
425,617.629,215.931,14.597,29.832,0.0311980
425,243.748,202.897,21.615,47.130,0.0122780
425,383.120,199.979,30.970,56.876,0.0114090
425,2.000,58.186,645.958,400.930,0.0107960
425,264.064,196.076,41.164,81.471,0.0090500
425,126.629,111.526,395.784,225.716,0.0079250
425,668.942,208.039,14.980,36.925,0.0063870
425,578.181,215.960,15.522,33.408,0.0062820
450,653.004,220.455,20.966,34.305,0.0119110
450,651.581,215.104,31.610,50.331,0.0198940
450,2.342,192.791,35.953,89.933,0.7365340
450,322.269,208.178,24.017,53.202,0.0073650
450,2.000,169.510,634.350,171.224,0.0069910
450,351.905,216.702,20.950,39.056,0.1301580
450,11.446,190.102,20.164,65.577,0.0287700
450,2.000,112.930,43.214,224.486,0.0096120
450,657.696,213.308,19.711,36.770,0.0417520
450,213.565,169.947,82.273,121.910,0.8973660
450,384.353,198.803,37.838,76.088,0.8715890
450,310.754,186.183,46.703,92.764,0.8486710
450,593.653,221.314,18.225,37.881,0.1616100
450,472.161,211.506,19.797,36.345,0.1025820
450,391.618,209.255,19.715,41.495,0.0497740
450,621.474,223.350,17.155,32.502,0.0349850
450,322.854,203.441,27.605,54.112,0.0304960
450,155.849,176.273,237.561,97.584,0.0200950
450,2.000,169.510,634.350,171.224,0.0183330
450,268.559,152.433,89.933,156.296,0.0175670
450,353.540,215.453,17.578,31.909,0.0175150
450,370.265,172.040,54.191,142.438,0.0079720
450,40.990,80.666,399.561,276.212,0.0078990
450,293.646,179.379,49.260,113.821,0.0075320
450,461.096,211.412,35.254,55.607,0.0060420
475,604.269,216.256,21.478,47.286,0.1184770
475,683.663,225.865,19.143,52.027,0.0384070
475,605.850,212.952,35.184,62.165,0.0236070
475,442.078,218.850,20.073,43.221,0.1595580
475,26.972,193.574,43.145,97.156,0.0959300
475,521.368,205.806,33.801,74.639,0.0089740
475,74.031,196.787,29.828,78.268,0.0217700
475,44.339,213.726,26.820,55.986,0.0127890
475,91.647,205.389,21.726,49.416,0.1698160
475,649.467,208.283,41.212,74.896,0.0061100
475,604.269,216.256,21.478,47.286,0.0755330
475,683.663,225.865,19.143,52.027,0.0365500
475,605.850,212.952,35.184,62.165,0.0061930
475,442.078,218.850,20.073,43.221,0.0499060
475,521.368,205.806,33.801,74.639,0.8009960
475,153.267,164.368,89.274,147.207,0.8615680
475,457.138,206.392,31.222,72.750,0.8145640
475,2.000,81.173,720.000,355.489,0.0248810
475,108.610,178.650,163.901,104.448,0.0206560
475,502.413,224.226,21.671,45.488,0.0185400
475,469.183,213.057,18.494,38.929,0.0121550
475,497.651,213.564,36.950,65.382,0.0117750
500,674.980,196.806,34.394,86.261,0.3865860
500,188.430,200.609,25.489,50.311,0.5482040
500,687.039,198.133,19.941,63.332,0.0053590
500,682.896,167.919,34.687,161.590,0.0086140
500,5.296,195.778,25.385,49.269,0.0275520
500,5.365,177.660,34.561,88.141,0.0407260
500,674.980,196.806,34.394,86.261,0.1992900
500,28.227,150.051,93.241,157.553,0.8143410
500,618.730,194.057,36.776,75.115,0.8627540
500,687.039,198.133,19.941,63.332,0.0242020
500,540.890,210.291,22.310,45.053,0.8373540
500,624.532,202.866,23.057,53.565,0.0606040
500,2.000,112.464,443.526,220.723,0.0060220
525,233.491,217.824,24.529,44.640,0.0290060
525,133.139,187.199,57.636,118.574,0.2776060
525,312.774,207.022,29.988,57.427,0.7460230
525,260.858,208.664,28.459,57.246,0.0275350
525,24.751,124.398,276.829,253.054,0.0055080
525,233.491,217.824,24.529,44.640,0.0093160
525,137.653,184.008,45.047,98.172,0.1965880
525,660.441,221.493,23.468,40.662,0.7731120
525,260.858,208.664,28.459,57.246,0.7577380
525,44.361,191.058,40.687,72.631,0.6269440
525,63.643,166.392,45.677,118.669,0.0386890
525,136.119,198.607,22.130,48.198,0.0173880
525,92.226,154.716,97.446,151.482,0.0096710
525,24.751,124.398,276.829,253.054,0.0070720
525,125.644,186.729,42.313,80.076,0.0065800
550,460.542,204.781,29.580,62.967,0.0299230
550,287.633,186.025,71.158,126.054,0.0120330
550,178.467,175.779,85.641,121.412,0.0287400
550,89.113,200.806,43.079,58.807,0.1117850
550,110.714,200.191,26.183,56.308,0.0163540
550,6.453,168.916,30.061,95.018,0.1320910
550,151.263,176.930,58.164,101.103,0.0157260
550,38.511,181.406,41.225,79.627,0.0053230
550,461.205,208.130,34.079,61.697,0.0061430
550,287.633,186.025,71.158,126.054,0.0337210
550,187.715,182.786,65.677,92.763,0.0900580
550,239.322,169.302,104.775,147.392,0.0054400
550,309.015,169.601,84.075,167.948,0.1061600
550,337.793,198.385,50.164,100.062,0.4811850
550,102.577,193.215,38.576,75.499,0.8749330
550,371.427,206.400,42.254,87.054,0.0594100
550,358.859,210.411,28.785,59.742,0.0219360
550,336.114,205.241,110.454,92.672,0.0090970
550,6.453,168.916,30.061,95.018,0.0077100
575,534.065,215.763,25.566,52.084,0.0749850
575,138.727,190.014,49.306,90.053,0.0466750
575,482.579,203.113,32.051,69.228,0.4228520
575,315.167,134.361,85.698,184.938,0.0788140
575,281.328,188.075,69.024,135.859,0.5467180
575,251.664,163.592,90.312,129.738,0.0654670
575,370.575,169.836,60.953,103.125,0.0314780
575,278.485,176.747,45.336,103.313,0.0207310
575,642.297,216.406,39.211,58.960,0.0112580
575,413.267,170.142,40.141,108.397,0.0112080
575,336.299,182.435,50.711,118.518,0.0068190
575,133.140,185.684,58.534,80.619,0.0316280
575,282.588,139.031,77.835,181.973,0.0112300
575,482.268,203.319,31.857,57.427,0.5241440
575,315.167,134.361,85.698,184.938,0.0078540
600,129.672,192.876,21.118,52.317,0.0060480
600,380.232,142.503,71.465,211.742,0.7854340
600,629.468,201.056,42.720,83.215,0.0750200
600,500.235,174.198,49.982,103.819,0.1995320
600,533.526,193.707,43.363,96.952,0.0650310
600,460.999,167.411,48.092,112.948,0.0142290
600,157.962,192.949,22.606,47.925,0.0094720
600,683.149,199.052,32.463,93.551,0.0092150
600,375.878,85.444,79.819,293.988,0.0354790
600,135.665,173.977,58.664,97.562,0.8502200
600,629.468,201.056,42.720,83.215,0.7745770
600,612.627,182.874,47.724,98.196,0.2939250
600,500.235,174.198,49.982,103.819,0.1607110
600,119.831,137.060,107.098,174.027,0.0716100
600,383.090,164.775,62.231,134.343,0.0666740
600,514.267,161.255,78.401,126.015,0.0188420
600,2.000,63.709,392.811,319.744,0.0119540
600,579.737,200.390,40.108,82.114,0.0097600
600,578.305,153.094,113.564,142.071,0.0062240
625,627.610,74.475,74.448,290.514,0.0078140
625,582.664,91.291,105.483,304.266,0.0612780
625,598.368,148.224,62.035,139.529,0.0928730
625,39.837,148.087,68.580,140.950,0.0129590
625,497.996,149.459,81.186,200.714,0.8737240
625,603.788,148.948,42.409,84.370,0.0185610
625,371.338,190.729,27.481,65.260,0.0074390
625,491.387,198.400,57.655,150.290,0.0529510
625,85.335,174.353,23.343,61.746,0.0157100
625,560.040,121.537,57.449,215.027,0.0092820
625,453.165,168.965,74.541,156.450,0.0088100
625,572.330,162.640,61.096,120.887,0.0066180
625,45.689,180.128,24.044,63.187,0.0062440
625,40.938,133.930,63.895,210.693,0.0570630
625,643.620,149.101,52.521,123.380,0.0082980
625,627.610,74.475,74.448,290.514,0.0187470
625,484.156,118.190,88.931,228.821,0.0156670
625,55.219,155.244,58.676,130.408,0.7888630
625,2.000,106.616,374.511,222.196,0.0085870
625,495.975,158.635,61.080,143.934,0.0073120
625,371.338,190.729,27.481,65.260,0.0061810
650,619.865,94.814,16.788,30.891,0.0077970
650,630.023,383.220,63.989,119.269,0.0398730
650,600.334,383.999,111.077,187.994,0.0105030
650,576.523,95.584,15.245,28.311,0.0215690
650,276.396,87.920,17.193,22.282,0.0064880
650,630.023,383.220,63.989,119.269,0.0685110
650,508.790,89.019,20.359,24.010,0.2401910
650,543.716,97.581,16.583,22.886,0.0204670
650,470.429,97.236,15.424,17.096,0.0148630
650,496.475,81.578,45.782,52.235,0.0136300
650,3.948,405.446,43.775,132.921,0.0130030
650,576.523,95.584,15.245,28.311,0.0100270
650,391.047,90.388,14.498,18.022,0.0096920
650,6.569,444.133,50.721,131.343,0.0078970
675,536.862,55.310,104.768,257.508,0.0071850
700,613.470,2.000,91.169,374.685,0.0057740
700,9.810,9.534,96.544,273.581,0.0940490
700,11.783,16.694,46.954,254.649,0.0540210
700,18.559,64.012,27.281,222.516,0.0306890
700,97.467,26.679,70.135,238.706,0.0116880
700,26.429,81.387,131.072,185.551,0.0073990
700,213.062,6.173,71.858,346.172,0.0062580
700,2.000,2.000,208.276,400.549,0.0057430
700,613.470,2.000,91.169,374.685,0.0061780
725,18.439,2.000,70.995,296.225,0.1750520
725,160.499,2.000,92.910,294.793,0.1519770
725,129.765,17.278,87.535,253.470,0.0550820
725,189.104,6.277,107.645,265.307,0.0412780
725,48.811,2.000,78.430,367.369,0.0359030
725,138.600,2.000,129.225,368.858,0.0334910
725,239.842,15.913,87.020,244.236,0.0234740
725,92.602,2.000,74.841,350.744,0.0150250
725,14.545,2.000,44.368,324.887,0.0148070
725,232.746,2.000,100.902,361.423,0.0094920
725,28.438,53.350,62.681,166.506,0.0055580
750,27.923,173.300,38.102,99.854,0.8357620
750,307.094,216.338,18.723,53.292,0.0241890
750,10.228,145.887,52.509,149.344,0.1248790
750,458.844,2.000,105.299,351.244,0.0338700
750,348.226,2.000,110.586,391.283,0.0312170
750,376.788,2.000,114.872,312.410,0.0246920
750,103.638,23.258,113.819,242.920,0.0185350
750,211.468,2.000,72.734,282.044,0.0103200
750,13.948,257.546,18.646,37.665,0.0083330
750,11.775,219.169,22.054,56.870,0.0081580
750,315.943,2.000,97.426,294.015,0.0055540
750,109.660,171.220,47.675,100.470,0.0673550
750,90.736,125.849,75.680,194.366,0.0223410
750,57.176,2.000,142.241,253.658,0.0188030
750,78.967,170.569,49.716,103.228,0.0079420
750,3.301,128.938,64.214,185.275,0.0074630
750,42.699,136.201,92.809,179.215,0.0064040
750,27.923,173.300,38.102,99.854,0.0061860
750,307.094,216.338,18.723,53.292,0.0050940
775,112.823,199.247,23.682,47.400,0.0580360
775,18.964,141.022,61.427,169.457,0.1153110
775,75.451,185.607,35.505,81.361,0.7786890
775,230.620,165.222,46.416,109.867,0.7486090
775,27.496,183.070,42.974,108.319,0.0101030
775,255.657,169.639,45.871,103.570,0.0084810
775,46.447,212.115,22.522,51.163,0.0059690
775,428.348,2.000,93.495,329.240,0.0429760
775,246.697,179.536,23.376,71.264,0.0233970
775,470.182,2.000,74.410,351.607,0.0192240
775,620.179,2.000,88.682,314.486,0.0176610
775,337.334,2.000,127.400,331.280,0.0153720
775,221.135,134.953,61.386,206.339,0.0118030
775,503.042,2.000,83.867,314.933,0.0081360
775,6.072,125.494,58.083,198.036,0.7556300
775,21.309,159.145,45.738,122.090,0.2830310
775,112.823,199.247,23.682,47.400,0.2748010
775,82.313,196.331,28.519,61.262,0.0917780
775,204.928,140.826,85.470,171.328,0.0242820
775,112.411,182.680,39.472,78.266,0.0158180
775,608.512,214.802,35.841,62.879,0.0158020
775,651.498,201.683,40.985,94.559,0.0150410
775,628.496,69.672,69.770,299.380,0.0144090
775,57.932,156.243,62.282,142.937,0.0124200
775,230.620,165.222,46.416,109.867,0.0119390
775,328.998,170.765,51.890,105.977,0.0102820
775,255.657,169.639,45.871,103.570,0.0076770
775,127.740,128.065,78.318,188.012,0.0071200
775,307.779,175.738,48.742,95.927,0.0068800
775,157.255,184.205,39.309,79.902,0.0067490
775,46.447,212.115,22.522,51.163,0.0057220
775,53.614,200.405,20.974,46.699,0.0050170
800,134.169,204.862,17.437,37.532,0.0066520
800,238.164,185.412,34.273,79.899,0.3452190
800,500.470,207.965,44.967,92.244,0.0280430
800,269.003,207.041,19.576,41.108,0.4536970
800,424.270,169.783,37.591,96.433,0.6446020
800,259.250,192.940,38.067,63.025,0.0151650
800,524.201,198.383,42.769,102.215,0.0132540
800,584.486,2.000,95.696,328.121,0.0104180
800,625.976,2.000,61.114,317.940,0.0067060
800,436.801,168.635,19.037,48.548,0.0050010
800,134.169,204.862,17.437,37.532,0.0336710
800,238.164,185.412,34.273,79.899,0.4185650
800,500.470,207.965,44.967,92.244,0.0960990
800,166.548,140.194,72.440,172.957,0.8759260
800,303.408,212.621,18.873,33.042,0.2325090
800,269.003,207.041,19.576,41.108,0.1194170
800,155.212,199.576,19.577,44.694,0.0242950
800,198.378,138.160,86.156,169.840,0.0158430
800,158.491,178.574,46.630,91.822,0.0081000
800,5.936,135.090,405.865,242.370,0.0075140
800,2.000,156.700,665.116,135.119,0.0054630
800,14.580,91.539,27.490,108.045,0.0050540
