25,343.407,206.177,36.017,65.412,0.4746460
25,609.512,195.701,33.556,71.393,0.0987670
25,602.978,206.237,25.818,57.885,0.6782250
25,346.608,212.243,21.263,38.132,0.0454380
25,239.056,215.058,17.854,29.529,0.0074050
25,649.662,205.816,24.134,62.709,0.5032810
25,249.426,2.000,213.459,539.355,0.0073420
25,601.944,151.103,61.325,180.860,0.0051750
25,348.375,213.394,24.107,49.821,0.0835540
25,642.681,196.123,32.909,69.785,0.0336300
25,609.512,195.701,33.556,71.393,0.4230590
25,305.246,217.449,20.183,35.338,0.2883560
25,603.931,202.028,24.774,58.803,0.1477920
25,3.618,206.697,18.251,69.884,0.0338370
25,239.056,215.058,17.854,29.529,0.0205520
25,4.463,179.974,21.179,70.555,0.0131010
25,286.196,220.945,17.494,29.179,0.0098600
25,80.329,218.507,24.910,38.645,0.0074260
50,9.023,198.179,26.174,53.629,0.0448310
50,681.753,185.854,22.595,81.566,0.1129100
50,661.040,179.377,36.289,99.877,0.3537380
50,666.009,192.466,25.051,66.089,0.0868870
50,276.371,195.693,42.688,82.751,0.8048660
50,304.009,192.771,39.407,90.010,0.8043450
50,614.149,207.451,23.964,55.483,0.7740470
50,320.779,211.240,23.262,55.941,0.0436980
50,283.714,209.882,19.555,41.362,0.0157200
50,645.582,131.925,52.840,231.695,0.0069960
50,236.756,213.958,17.097,28.529,0.0054760
50,119.119,205.788,18.936,35.495,0.0738250
50,674.127,172.373,30.513,108.270,0.0945500
50,346.806,214.649,21.482,32.787,0.6576610
50,9.023,198.179,26.174,53.629,0.0364310
50,612.113,197.612,32.013,68.061,0.0247610
50,666.009,192.466,25.051,66.089,0.0109040
50,321.581,212.350,20.106,38.919,0.0082820
75,84.535,208.728,22.672,34.261,0.0204710
75,194.675,197.172,54.178,94.706,0.8245780
75,153.450,225.286,19.898,34.033,0.0541610
75,631.213,206.099,24.461,59.816,0.8219410
75,248.049,197.371,47.116,95.281,0.8006040
75,641.323,184.195,41.536,90.180,0.0324170
75,648.758,200.385,23.538,52.759,0.0155240
75,459.211,220.509,17.502,38.900,0.0121850
75,218.279,188.368,69.448,120.296,0.0062580
75,84.535,208.728,22.672,34.261,0.1725360
75,347.945,221.102,19.030,33.284,0.5402190
75,195.401,195.787,48.915,74.714,0.0149180
75,153.450,225.286,19.898,34.033,0.0060260
75,398.685,228.626,14.958,30.496,0.0060100
100,651.896,164.316,57.994,115.963,0.0157780
100,672.547,184.007,32.032,103.406,0.1732330
100,135.368,187.036,63.149,112.548,0.3160000
100,50.268,195.605,21.539,53.415,0.3039690
100,206.570,224.214,17.875,29.677,0.0328960
100,105.848,200.883,54.903,87.348,0.0080560
100,203.358,216.464,17.137,27.953,0.0069950
100,72.464,180.823,56.104,122.354,0.7040220
100,249.984,214.720,22.821,41.941,0.6411340
100,266.019,220.918,19.615,31.195,0.1078800
100,237.504,204.619,36.840,65.474,0.0204820
100,51.552,185.627,27.253,98.970,0.0089550
100,460.293,165.120,49.321,109.420,0.0054060
100,135.368,187.036,63.149,112.548,0.4653150
100,348.781,213.950,21.200,33.828,0.4452180
100,50.268,195.605,21.539,53.415,0.1576150
100,124.392,224.344,19.082,35.313,0.0334830
100,64.567,158.314,60.294,141.205,0.0225600
100,206.570,224.214,17.875,29.677,0.0139940
100,161.153,211.023,18.318,33.749,0.0128320
100,81.967,201.653,19.909,49.645,0.0079450
100,105.848,200.883,54.903,87.348,0.0077440
100,203.358,216.464,17.137,27.953,0.0076950
100,251.225,210.749,22.478,42.043,0.0060080
125,9.730,195.873,21.677,54.616,0.3879880
125,244.345,214.799,23.072,43.141,0.1947360
125,650.843,170.185,41.113,97.844,0.0247710
125,233.572,205.073,36.437,70.431,0.0230630
125,7.529,186.646,31.059,96.913,0.0176290
125,686.050,224.554,19.878,53.616,0.0068440
125,496.206,220.231,22.981,52.800,0.0081860
125,352.269,222.639,16.350,27.356,0.0580580
125,116.209,220.126,17.534,31.248,0.0219310
125,9.730,195.873,21.677,54.616,0.0175320
125,614.493,176.430,36.275,82.543,0.0153170
125,573.254,173.994,38.106,83.748,0.0110050
125,118.420,211.716,17.523,29.205,0.0093600
125,677.451,157.891,31.443,126.727,0.0084670
125,204.522,221.113,15.748,28.152,0.0071410
125,614.787,200.392,22.312,47.120,0.0070610
125,579.103,196.546,22.070,43.682,0.0065750
150,349.196,217.686,15.840,26.266,0.0069710
150,218.368,204.609,31.893,69.798,0.0080470
150,98.646,217.107,15.681,38.899,0.0442080
150,236.870,212.385,17.733,31.999,0.0103780
150,352.126,224.104,13.754,22.953,0.1235750
150,197.316,212.670,17.990,32.596,0.0699920
150,231.789,215.878,21.277,41.476,0.0195760
150,120.997,208.312,18.412,37.820,0.0169890
150,436.203,221.536,16.092,33.344,0.0159900
150,218.368,204.609,31.893,69.798,0.0123320
150,425.796,214.616,18.246,29.175,0.0094240
150,387.422,225.789,12.511,22.086,0.0088810
150,96.224,208.078,16.847,40.038,0.0086330
150,203.334,199.777,35.007,57.370,0.0051760
175,193.139,202.867,41.777,71.870,0.0687540
175,207.098,207.942,22.509,41.038,0.0149620
175,94.182,216.423,19.476,42.839,0.1408140
175,128.594,219.258,17.132,37.278,0.0439020
175,57.214,216.319,17.955,45.118,0.0079480
175,87.160,205.709,30.708,73.805,0.0077530
175,50.272,199.026,17.952,51.263,0.0059860
175,272.848,217.998,15.989,24.478,0.0050640
175,207.098,207.942,22.509,41.038,0.0727830
175,199.401,195.440,39.241,66.024,0.0671480
200,424.800,223.081,14.079,25.702,0.0058630
200,531.547,195.886,40.461,90.486,0.5045060
200,108.522,196.331,63.612,93.240,0.0647880
200,127.672,175.749,66.173,123.995,0.0332950
200,271.968,217.961,15.448,25.237,0.0806540
200,545.591,209.101,20.625,64.821,0.0091880
200,301.074,216.026,17.965,27.569,0.0088140
200,531.547,195.886,40.461,90.486,0.1780380
200,138.208,176.235,54.126,98.994,0.1656700
200,115.687,147.265,106.431,148.219,0.0613050
200,251.593,213.973,16.923,28.321,0.0186690
200,383.987,224.130,14.346,25.070,0.0141020
200,271.968,217.961,15.448,25.237,0.0095270
200,304.816,222.673,14.919,24.590,0.0071060
225,573.117,180.845,49.531,117.762,0.8056100
225,247.889,219.860,16.325,24.521,0.0576610
225,592.236,183.627,48.381,121.315,0.1196090
225,74.064,212.668,20.839,48.290,0.0059240
225,369.438,222.869,16.112,26.298,0.0441200
225,578.461,179.625,44.672,103.738,0.0679420
225,247.889,219.860,16.325,24.521,0.0490250
250,252.760,218.126,17.146,28.111,0.1643760
250,674.000,149.163,36.223,195.619,0.5831240
250,51.772,207.742,24.761,54.667,0.0870980
250,645.551,78.329,57.757,289.940,0.0289200
250,655.801,153.003,41.550,174.851,0.0272190
250,268.087,222.803,16.418,24.771,0.0168480
250,632.495,2.000,61.238,315.627,0.0119980
250,661.862,2.000,60.138,346.667,0.0058290
250,690.311,186.737,26.564,173.159,0.0055980
250,252.760,218.126,17.146,28.111,0.0129120
250,674.000,149.163,36.223,195.619,0.0306920
250,367.264,223.895,14.606,23.713,0.0491290
250,45.783,202.657,24.531,48.587,0.3841290
250,157.256,216.571,17.843,37.097,0.0196990
250,33.966,2.000,110.443,333.953,0.0073900
250,45.614,193.160,31.665,84.407,0.0071960
250,53.529,123.786,61.676,129.655,0.0057800
275,18.813,208.008,18.660,58.802,0.0207650
275,363.427,219.328,15.525,25.333,0.0076430
275,506.634,183.586,27.957,76.064,0.0283820
275,651.811,177.468,30.865,83.793,0.0267440
275,252.775,216.989,17.330,29.904,0.0055570
275,14.704,195.869,19.928,58.838,0.0271280
275,14.880,173.744,29.044,94.826,0.0202940
275,362.458,224.173,15.099,25.368,0.0904310
275,8.597,2.000,13.951,9.014,0.0074600
275,166.132,217.411,20.329,38.598,0.0053330
300,463.113,227.413,13.348,28.844,0.0125110
300,14.913,159.831,29.506,116.354,0.0067640
300,386.067,230.612,13.105,23.182,0.0116280
300,11.068,81.218,81.977,215.635,0.0059760
325,242.425,219.617,17.977,32.239,0.0111520
325,364.075,231.180,13.187,19.669,0.0176680
350,575.542,173.202,30.602,70.567,0.0108350
350,23.697,91.324,68.793,174.321,0.0176910
350,57.120,84.749,73.070,205.734,0.0090140
350,193.204,214.645,19.053,34.982,0.1176610
350,240.142,216.048,17.105,29.782,0.0322580
350,23.697,91.324,68.793,174.321,0.0123280
350,57.120,84.749,73.070,205.734,0.0079750
375,432.626,220.142,14.908,30.807,0.0287400
375,186.750,210.075,20.163,41.399,0.4973310
375,239.697,209.244,15.852,35.332,0.0136230
375,110.106,177.478,35.076,79.788,0.0119810
375,78.651,164.317,37.750,97.250,0.0102360
375,175.483,213.682,18.424,42.740,0.0067040
375,12.147,156.089,26.728,112.178,0.0055530
375,425.524,218.231,16.997,28.207,0.0774330
375,432.626,220.142,14.908,30.807,0.1015120
400,186.727,218.004,18.355,34.318,0.0550470
400,382.346,227.144,13.188,23.773,0.0748200
400,435.132,223.939,14.435,27.019,0.0925070
400,462.916,223.877,13.453,27.583,0.0093790
400,48.143,119.102,95.009,136.068,0.0059470
400,74.241,157.473,36.068,113.142,0.0170860
400,110.091,166.897,33.832,92.254,0.0158720
400,289.428,224.023,15.050,24.051,0.0061150
400,98.635,162.589,67.087,113.505,0.0050390
400,186.296,212.374,18.970,35.258,0.0334800
400,555.541,219.646,16.270,35.262,0.0671300
400,382.346,227.144,13.188,23.773,0.0238070
400,435.132,223.939,14.435,27.019,0.0190890
400,462.916,223.877,13.453,27.583,0.0092850
400,315.857,226.019,14.242,23.594,0.0066640
400,356.341,310.585,14.810,22.390,0.0063900
400,48.143,119.102,95.009,136.068,0.0050840
425,429.924,221.582,15.749,32.061,0.0171880
425,677.328,152.707,31.275,131.449,0.0342270
425,477.763,218.997,16.808,36.017,0.0074420
425,564.510,209.845,23.653,56.119,0.0081950
425,555.141,214.781,20.080,45.763,0.0666660
425,288.459,222.472,15.144,28.161,0.1723670
425,283.744,217.000,17.158,29.038,0.0711470
425,657.001,151.984,36.003,127.209,0.0277210
425,615.804,168.583,36.819,100.418,0.0148930
425,631.202,2.000,58.998,325.812,0.0103240
425,152.790,216.867,19.893,36.777,0.0075540
425,684.201,214.013,20.297,65.068,0.0070480
425,145.806,186.027,29.552,80.949,0.0061460
425,594.901,2.000,75.525,321.212,0.0050090
425,429.924,221.582,15.749,32.061,0.1876940
425,477.763,218.997,16.808,36.017,0.5915960
425,434.649,216.315,16.637,33.473,0.0216450
425,562.962,197.977,24.953,61.476,0.0747730
425,547.837,193.982,32.922,67.922,0.0130780
425,35.192,202.268,26.011,47.666,0.1980930
425,555.141,214.781,20.080,45.763,0.1513370
425,2.000,8.015,99.271,276.868,0.0087130
425,288.459,222.472,15.144,28.161,0.0082030
425,82.463,218.349,17.491,34.968,0.0062610
450,536.381,220.977,20.021,37.918,0.0059000
450,434.283,222.866,16.035,28.495,0.1236760
450,62.190,203.559,19.162,45.317,0.0266620
450,107.508,212.963,23.157,47.333,0.4718260
450,652.229,183.445,37.022,79.484,0.0099830
450,681.790,161.943,25.063,109.485,0.0068700
450,479.959,218.410,21.574,40.410,0.0472410
450,288.991,218.882,19.441,34.021,0.4885400
450,405.129,227.748,15.362,25.198,0.0516830
450,90.591,210.094,21.125,51.048,0.0174270
450,79.543,203.713,23.061,52.338,0.0139160
450,87.281,183.914,30.135,92.444,0.0093030
450,248.535,223.129,17.376,28.348,0.0064460
450,536.381,220.977,20.021,37.918,0.1820920
450,434.283,222.866,16.035,28.495,0.0378580
450,479.959,218.410,21.574,40.410,0.7713760
450,288.991,218.882,19.441,34.021,0.0308320
450,405.129,227.748,15.362,25.198,0.0140060
475,441.511,219.445,16.365,34.018,0.2341350
475,489.207,213.184,18.541,46.589,0.6249960
475,456.377,219.449,14.323,31.289,0.1299620
475,385.050,222.092,15.571,33.773,0.1546440
475,299.080,219.382,17.844,34.331,0.4938870
475,677.896,148.702,31.632,125.758,0.0232050
475,52.614,217.780,19.737,44.555,0.0229410
475,288.062,214.802,16.005,33.295,0.0089110
475,39.792,171.295,41.439,107.519,0.0073480
475,489.004,211.552,20.229,43.232,0.4167640
475,452.680,215.339,18.597,35.197,0.0155770
475,442.304,216.650,20.044,32.096,0.0198890
475,534.780,213.694,22.498,48.568,0.8045860
475,385.050,222.092,15.571,33.773,0.3136680
475,299.080,219.382,17.844,34.331,0.2991630
475,284.616,219.803,17.497,32.310,0.0802080
475,16.166,79.545,77.173,215.119,0.0108270
475,489.406,206.109,29.714,63.911,0.0072450
475,537.657,99.509,88.854,169.841,0.0067990
500,342.710,217.980,18.788,34.769,0.0455630
500,494.273,209.742,24.650,43.654,0.0476640
500,407.249,212.268,16.968,36.501,0.0651280
500,501.933,208.534,24.061,53.295,0.3335940
500,427.159,213.041,17.925,35.894,0.4372740
500,300.339,210.839,20.879,40.278,0.1586050
500,293.085,210.021,19.677,38.586,0.0622460
500,483.350,210.456,19.470,40.601,0.5118880
500,342.710,217.980,18.788,34.769,0.4589730
500,494.273,209.742,24.650,43.654,0.1068480
500,503.301,204.520,30.467,64.818,0.0412800
500,427.159,213.041,17.925,35.894,0.0184460
500,300.339,210.839,20.879,40.278,0.4949160
500,293.085,210.021,19.677,38.586,0.1776560
500,298.874,195.217,33.089,66.112,0.0155590
500,135.846,206.212,20.335,37.277,0.0056580
500,337.050,203.099,32.799,49.037,0.0052170
525,9.071,35.031,16.738,32.439,0.0111520
525,502.584,209.672,23.780,49.166,0.1380180
525,317.294,209.459,24.445,50.586,0.0871250
525,424.464,195.619,31.804,60.245,0.0057470
525,5.476,4.252,20.194,37.872,0.0230960
525,4.515,2.000,44.476,57.421,0.0156280
525,451.152,211.345,17.256,37.159,0.5652760
525,432.179,210.392,18.424,39.439,0.3712820
525,645.100,161.780,41.816,99.120,0.0269750
525,608.396,133.187,42.916,103.713,0.0237420
525,348.420,220.892,14.125,29.446,0.0130090
525,89.663,174.665,24.213,73.411,0.0122740
525,683.838,153.015,30.349,130.671,0.0077360
525,596.477,96.896,69.787,180.528,0.0075240
525,284.423,221.188,15.949,27.953,0.0069570
525,404.209,211.218,15.113,34.738,0.0062040
525,543.951,85.973,19.299,31.507,0.0534210
525,316.929,206.392,23.806,51.994,0.6340030
525,5.476,4.252,20.194,37.872,0.0065620
525,4.515,2.000,44.476,57.421,0.0050650
550,349.774,208.178,23.517,57.088,0.0749290
550,526.662,207.107,19.802,43.046,0.0405180
550,460.875,208.828,19.624,42.389,0.1922090
550,503.497,210.254,20.580,49.997,0.1520690
550,437.398,204.977,20.823,47.579,0.2130560
550,280.140,204.701,28.991,55.986,0.0072240
550,642.352,36.739,16.102,30.687,0.0051740
550,318.475,214.770,18.216,31.709,0.0059300
550,687.265,201.688,24.865,97.905,0.0188330
550,695.659,217.801,17.878,64.241,0.0105420
550,209.738,206.999,18.753,39.535,0.0062010
550,207.541,220.016,17.997,33.103,0.0052990
550,244.115,220.003,18.460,31.291,0.0051220
550,349.022,206.302,26.041,52.912,0.1394860
550,503.512,206.058,20.737,48.217,0.0530980
550,526.662,207.107,19.802,43.046,0.0085660
550,437.398,204.977,20.823,47.579,0.0169790
550,280.160,209.407,27.772,52.793,0.8219110
550,642.352,36.739,16.102,30.687,0.0297810
550,635.182,2.000,40.916,57.874,0.0198570
550,644.526,11.368,19.979,36.465,0.0176270
550,641.705,2.000,32.475,36.649,0.0090780
550,318.473,216.669,19.494,39.571,0.0057360
550,6.338,216.086,22.188,49.041,0.0054420
550,8.857,186.790,21.162,59.032,0.0051550
575,485.361,206.506,32.314,57.786,0.3405740
575,467.597,207.150,25.955,56.592,0.5236670
575,544.727,205.926,19.556,50.412,0.7739280
575,480.033,206.562,40.097,59.498,0.1536940
575,463.890,198.147,40.787,68.162,0.2079560
575,398.641,203.603,27.607,58.005,0.3351720
575,233.045,206.544,26.809,46.749,0.5308280
575,463.899,205.087,22.620,55.193,0.0355930
575,544.727,205.926,19.556,50.412,0.0091340
575,423.758,215.316,18.785,43.928,0.0059670
600,419.198,199.475,35.696,75.633,0.5241730
600,446.963,199.099,37.014,76.190,0.6465520
600,552.972,209.442,18.985,41.729,0.6972210
600,487.875,206.824,21.684,48.294,0.5412570
600,465.718,210.365,23.534,54.717,0.2936800
600,435.862,160.752,72.549,179.451,0.0178470
600,533.815,196.894,37.257,62.162,0.0105630
600,415.860,169.722,50.670,159.443,0.0078990
600,449.929,190.861,42.937,81.944,0.1128050
600,418.518,193.906,43.234,77.671,0.3313310
600,157.527,208.736,21.727,37.365,0.2820680
600,672.457,159.576,34.021,112.067,0.2425370
600,421.965,205.071,23.968,53.980,0.0570700
600,654.314,171.232,46.460,84.459,0.0458980
600,467.589,204.575,22.874,53.915,0.0177550
600,685.891,187.089,21.377,58.562,0.0163110
600,394.639,155.017,93.015,145.041,0.0063120
600,414.538,103.038,111.116,251.292,0.0055910
600,202.673,209.477,17.057,28.119,0.0055880
625,513.401,187.584,50.030,104.565,0.7179740
625,375.818,191.035,47.284,92.170,0.7375550
625,334.893,188.605,40.365,96.900,0.7982290
625,563.188,200.220,25.575,57.644,0.7878540
625,12.946,197.575,31.232,93.699,0.0364980
625,15.381,214.021,21.146,63.474,0.0217590
625,459.695,177.120,47.443,86.361,0.0132290
625,538.504,212.671,24.051,48.981,0.0101910
625,499.907,207.504,27.030,61.882,0.0060110
625,372.469,184.846,50.151,95.655,0.0638750
625,518.120,188.219,53.396,89.100,0.1871460
625,495.512,144.350,87.769,166.989,0.0135330
625,235.828,221.274,16.813,28.547,0.0311900
625,193.522,211.364,17.898,31.922,0.0113110
625,655.405,183.796,35.790,66.735,0.0110350
625,536.566,204.480,25.910,49.409,0.0080490
625,24.097,45.798,126.879,211.513,0.0052100
650,648.957,172.768,62.136,148.871,0.7013830
650,488.485,180.328,35.023,75.952,0.0249840
650,478.559,195.287,26.560,64.110,0.0122900
650,201.040,171.928,67.832,140.227,0.9142570
650,584.669,199.342,24.173,56.959,0.8626500
650,261.288,176.541,59.344,126.107,0.8566810
650,556.192,119.481,68.583,209.621,0.0063980
650,538.043,170.441,34.135,89.910,0.0061170
650,503.852,134.524,90.651,179.204,0.0050440
650,312.686,216.678,16.105,25.550,0.0078120
650,641.723,129.316,68.189,194.050,0.0091590
650,478.559,195.287,26.560,64.110,0.1824150
650,488.983,197.291,24.779,55.347,0.1063550
650,208.321,214.079,17.770,27.463,0.0096240
650,430.720,203.880,21.732,44.105,0.0085860
650,204.533,223.733,17.568,26.181,0.0079680
650,38.779,2.000,98.933,305.804,0.0055010
650,191.626,181.010,61.425,98.082,0.0050460
675,494.382,206.350,21.954,59.972,0.2489940
675,53.314,216.714,22.140,36.977,0.3463900
675,3.595,143.776,47.256,220.335,0.0887800
675,538.600,144.553,98.015,144.950,0.0063130
675,90.023,148.848,107.651,182.984,0.9107380
675,240.469,226.187,14.099,24.667,0.0275890
675,71.777,169.941,76.118,149.352,0.0158070
675,43.180,201.410,33.317,70.954,0.0139200
675,570.506,166.405,56.971,112.222,0.0070080
675,56.924,211.344,24.021,40.965,0.1235140
675,490.634,201.224,24.270,58.916,0.2499300
675,290.928,227.430,13.382,24.433,0.0182260
675,3.595,143.776,47.256,220.335,0.0153390
675,527.548,97.707,111.203,175.118,0.0119040
675,109.629,154.681,76.351,155.309,0.0108790
675,90.795,221.785,22.766,31.736,0.0083010
675,5.401,2.000,103.787,333.976,0.0061140
675,204.907,225.724,13.975,25.961,0.0060510
700,500.447,209.779,22.452,54.267,0.0101190
700,494.456,202.732,22.609,51.741,0.0169270
700,574.436,172.480,44.678,102.693,0.0199900
700,120.746,209.849,17.545,37.218,0.0657490
700,616.850,176.561,39.734,99.605,0.8148350
700,620.408,191.917,25.431,65.499,0.0802510
700,596.388,147.087,75.000,149.722,0.0170810
700,205.773,227.458,11.514,20.575,0.0129900
700,642.497,162.658,40.879,119.570,0.0103160
700,679.510,159.926,30.160,114.823,0.0086370
700,606.708,78.324,99.078,219.308,0.0060310
700,500.447,209.779,22.452,54.267,0.0524920
700,494.456,202.732,22.609,51.741,0.1431130
700,280.909,228.504,11.474,21.003,0.0959160
700,120.746,209.849,17.545,37.218,0.0181860
700,118.755,221.113,14.799,28.378,0.0128920
700,3.206,2.000,16.083,6.783,0.0054440
700,91.151,220.074,13.892,33.171,0.0050680
725,576.561,192.932,28.952,91.201,0.0293630
725,559.558,2.000,126.943,329.268,0.0245400
725,524.006,20.328,130.460,250.737,0.0109820
725,212.733,224.711,13.516,24.827,0.0060200
725,635.726,170.058,42.314,110.721,0.0663200
725,621.125,192.043,37.089,91.188,0.0141630
725,625.758,127.949,74.801,177.550,0.0096210
725,160.368,222.741,13.886,28.097,0.0067210
725,576.561,192.932,28.952,91.201,0.0055000
725,314.134,225.940,12.976,21.742,0.0340290
725,134.939,212.261,16.388,33.545,0.0269930
725,390.073,223.547,15.928,33.108,0.0260110
725,559.558,2.000,126.943,329.268,0.0192690
725,310.346,218.839,14.648,22.138,0.0162750
725,360.351,226.497,16.016,26.640,0.0147780
725,524.006,20.328,130.460,250.737,0.0076040
725,212.733,224.711,13.516,24.827,0.0068010
750,672.501,190.220,35.307,92.815,0.8572040
750,682.122,198.273,22.226,62.518,0.0573570
750,681.305,155.612,40.045,174.254,0.0151270
750,663.097,203.553,21.917,71.238,0.0127770
750,170.054,223.270,15.860,32.289,0.0088170
750,610.153,2.000,101.282,247.891,0.0079210
750,604.005,170.318,43.431,108.513,0.0075800
750,558.218,99.939,75.972,235.880,0.0074560
750,592.322,2.000,78.193,317.495,0.0063130
750,586.990,104.955,80.226,234.563,0.0056830
750,356.112,225.351,15.000,24.359,0.0377740
750,313.511,99.830,157.070,153.779,0.0068810
750,7.506,45.339,98.600,274.700,0.0055900
775,191.517,220.068,15.519,32.989,0.0807890
775,630.166,82.151,67.126,200.905,0.0200130
775,563.801,32.993,116.659,231.436,0.0060750
775,651.935,160.539,37.147,115.595,0.0056080
775,191.517,220.068,15.519,32.989,0.1075030
775,381.914,228.157,13.215,22.435,0.0619970
775,630.166,82.151,67.126,200.905,0.0051180
800,537.737,230.030,14.609,30.256,0.0095840
800,186.732,225.613,16.435,29.437,0.4260630
800,178.370,226.443,15.843,31.153,0.2617620
800,566.744,100.029,115.260,167.772,0.0118840
800,188.862,218.360,18.022,29.040,0.0058750
800,621.950,25.278,69.568,244.132,0.0055370
800,537.737,230.030,14.609,30.256,0.0127540
825,593.382,224.370,17.410,39.394,0.0138800
825,622.095,2.123,72.457,293.224,0.0120690
825,354.182,226.767,10.693,23.425,0.0051550
825,285.836,226.160,15.252,26.562,0.0437150
825,460.227,224.766,15.235,27.187,0.0419690
825,244.520,225.706,15.191,29.362,0.0130580
825,198.015,221.988,14.825,33.790,0.0110280
825,576.570,106.597,97.869,214.843,0.0071080
825,427.055,227.497,13.935,22.603,0.0061060
825,169.943,223.028,15.153,35.554,0.0052090
850,461.246,222.941,15.323,29.622,0.0121400
850,465.456,2.000,46.758,64.017,0.0055780
850,625.756,48.669,70.539,270.114,0.0376700
850,644.948,150.293,48.547,128.701,0.0259020
850,349.916,224.956,11.400,24.438,0.0090490
850,461.246,222.941,15.323,29.622,0.0225040
850,465.456,2.000,46.758,64.017,0.0207100
850,16.772,69.761,79.755,227.772,0.0092620
850,625.756,48.669,70.539,270.114,0.0090900
850,205.014,224.909,15.381,28.631,0.0069110
850,401.332,224.282,13.014,26.867,0.0067730
850,284.642,226.946,14.634,23.230,0.0055390
850,326.670,227.694,12.768,23.675,0.0054270
875,495.538,221.328,18.648,36.750,0.0063050
875,125.942,217.375,18.854,38.893,0.3984700
875,601.867,217.691,23.134,55.571,0.1403480
875,93.541,217.961,18.234,43.395,0.0452420
875,57.900,215.303,18.206,53.321,0.0179430
875,42.582,168.730,30.312,100.887,0.0147360
875,466.839,222.362,15.744,35.088,0.0110320
875,591.458,218.865,22.513,49.907,0.0110110
875,113.700,215.148,31.332,62.213,0.0085020
875,647.198,206.064,35.855,78.664,0.0056190
875,387.145,224.564,13.792,26.290,0.0922230
875,125.585,212.202,18.824,39.446,0.0190110
875,385.378,216.471,17.560,27.077,0.0126130
875,204.091,224.563,16.184,29.668,0.0095870
900,459.277,223.043,14.524,33.319,0.0130200
900,21.071,197.235,25.852,67.167,0.7994460
900,50.283,213.405,23.798,50.151,0.0921020
900,659.377,220.982,22.005,48.088,0.0236570
900,88.571,219.287,19.526,38.755,0.0166670
900,320.313,225.153,12.005,23.918,0.0143320
900,656.533,204.262,34.321,75.983,0.0134430
900,41.145,190.093,30.331,75.408,0.0074390
900,621.620,198.322,20.105,41.966,0.0050360
900,382.362,226.276,13.487,23.562,0.1341150
900,459.277,223.043,14.524,33.319,0.0682520
900,433.544,225.699,14.094,28.378,0.0153560
925,471.494,221.125,14.020,38.324,0.0387820
925,325.069,225.427,11.634,25.288,0.0258430
925,432.285,224.366,14.969,28.740,0.0101220
925,646.458,178.062,35.389,73.805,0.0084190
925,381.467,225.153,13.158,26.579,0.0209620
950,605.282,179.920,48.242,67.878,0.0275650
950,601.535,148.227,56.296,82.128,0.0078250
950,433.846,222.775,13.776,27.737,0.0188710
950,98.666,194.524,20.204,47.225,0.2786840
950,480.303,211.491,16.490,36.315,0.0602150
950,113.252,194.463,17.494,40.407,0.0395630
950,500.244,208.022,14.792,39.393,0.0234490
950,90.053,189.407,25.267,63.448,0.0230840
950,681.314,162.409,25.825,93.765,0.0191370
950,654.590,176.550,38.064,71.636,0.0056710
950,358.021,216.344,13.168,23.029,0.0129580
950,435.147,214.747,14.835,28.682,0.0107590
950,365.378,226.270,12.653,22.521,0.0099580
950,323.155,227.633,12.113,21.838,0.0050830
975,427.284,222.675,13.507,28.857,0.0350720
975,9.245,182.715,20.570,73.957,0.1372340
975,9.578,144.976,36.447,86.453,0.0085320
975,36.861,169.818,35.053,88.236,0.0071970
975,358.145,217.184,12.919,25.001,0.0434650
975,427.284,222.675,13.507,28.857,0.0180840
975,420.052,2.000,40.976,70.089,0.0056110
1000,10.880,191.208,18.738,47.070,0.0115010
1000,429.842,217.377,14.991,36.096,0.0237660
1000,605.860,177.757,40.686,83.502,0.0109060
1000,606.344,192.121,23.050,52.154,0.0105350
1000,588.012,193.088,22.276,51.963,0.0072650
1000,580.723,172.962,41.325,92.264,0.0060130
1000,350.498,213.731,14.294,23.384,0.0091640
1000,455.191,207.159,16.106,36.073,0.0076380
1000,429.842,217.377,14.991,36.096,0.0062680
1025,275.244,223.895,13.223,22.926,0.0091690
1025,268.938,216.685,15.221,27.195,0.0184980
1025,509.729,205.287,17.419,40.775,0.0071440
1025,575.026,200.043,19.988,46.609,0.0188290
1025,432.633,219.013,15.840,38.315,0.0073580
1025,646.312,168.426,41.053,103.097,0.0309040
1025,616.465,173.504,39.290,101.733,0.0156590
1025,575.179,177.595,31.408,91.272,0.0074200
1025,617.485,216.318,20.773,50.690,0.0056240
1025,275.244,223.895,13.223,22.926,0.0600130
1025,268.938,216.685,15.221,27.195,0.0404940
1025,509.729,205.287,17.419,40.775,0.0299060
1025,349.496,224.388,13.569,22.854,0.0140000
1025,575.026,200.043,19.988,46.609,0.0112520
1025,352.159,217.739,15.978,25.769,0.0105350
1025,432.633,219.013,15.840,38.315,0.0059010
1050,608.357,170.727,32.065,104.472,0.0705140
1050,652.367,157.380,33.036,125.166,0.0558850
1050,613.412,192.160,22.060,60.071,0.0163910
1050,569.410,172.237,34.644,96.781,0.0078050
1050,680.722,156.173,28.532,120.784,0.0075740
1050,640.038,131.185,58.158,180.201,0.0062860
1050,58.581,96.910,64.348,180.965,0.0058440
1050,112.346,97.813,112.495,178.698,0.0055970
1050,348.882,217.139,16.530,24.543,0.0380050
1050,346.098,223.477,13.765,24.139,0.0158560
1050,326.110,217.267,14.883,23.482,0.0082260
1050,330.215,223.915,12.778,23.515,0.0058190
1050,396.171,97.855,12.884,26.482,0.0053510
1050,383.071,79.463,40.251,129.219,0.0050740
1075,278.023,223.603,12.918,23.174,0.0051930
1075,271.265,217.919,14.281,24.597,0.0132000
1075,650.476,162.324,31.340,118.762,0.0051100
1075,552.118,200.433,17.829,41.986,0.1363470
1075,351.571,217.813,16.036,24.074,0.0567840
1075,347.639,223.945,13.101,24.068,0.0332460
1075,278.023,223.603,12.918,23.174,0.0099660
1075,467.377,220.538,15.716,36.851,0.0070200
1075,327.173,225.568,11.992,22.963,0.0065930
1075,464.563,202.316,18.951,43.391,0.0056090
1075,271.265,217.919,14.281,24.597,0.0054140
1100,13.618,215.381,16.145,48.353,0.0324540
1100,633.128,167.912,45.869,103.450,0.0060010
1100,612.578,198.400,25.721,51.206,0.0581000
1100,645.629,189.329,25.746,59.451,0.0127370
1100,607.267,181.965,48.682,87.085,0.0067930
1100,612.578,198.400,25.721,51.206,0.0935560
1100,360.599,225.719,13.783,23.314,0.1611700
1100,380.608,226.121,13.962,21.784,0.0323140
1100,313.548,227.124,12.565,20.595,0.0183690
1100,353.114,219.041,16.316,24.335,0.0099310
1100,457.701,2.000,30.485,66.329,0.0089760
1100,251.171,225.612,13.778,23.790,0.0079300
1100,287.668,225.771,12.866,22.793,0.0074710
1100,470.684,221.290,16.373,35.210,0.0066610
1100,434.209,2.000,29.444,72.050,0.0053270
1100,167.373,48.037,82.907,211.532,0.0052620
1125,684.198,198.609,21.424,54.230,0.0580100
1125,675.116,177.085,36.139,90.304,0.2065020
1125,649.734,167.644,51.029,95.826,0.0476040
1125,322.685,223.299,13.818,22.788,0.0085890
1125,316.541,219.167,14.490,24.561,0.0834030
1125,570.594,47.350,106.456,280.230,0.0052100
1125,167.905,206.132,16.163,38.161,0.0063310
1125,606.171,24.532,106.404,255.270,0.0056920
1125,165.417,218.980,16.011,33.903,0.0050130
1125,615.242,61.944,89.382,251.888,0.0089750
1125,394.894,223.741,15.129,25.677,0.2011080
1125,367.626,223.831,14.315,25.078,0.1436460
1125,322.685,223.299,13.818,22.788,0.0709190
1125,316.541,219.167,14.490,24.561,0.0672620
1125,570.594,47.350,106.456,280.230,0.0159680
1125,499.118,222.592,14.956,30.097,0.0088460
1125,167.905,206.132,16.163,38.161,0.0087790
1125,482.775,220.959,15.099,31.937,0.0066380
1150,623.138,82.160,81.104,200.082,0.0279420
1150,313.890,216.014,12.985,23.984,0.0436110
1150,651.722,147.452,40.309,131.640,0.0081400
1150,114.616,95.086,41.241,249.084,0.0052070
1150,623.138,82.160,81.104,200.082,0.0430090
1150,391.401,216.675,16.994,25.821,0.2807170
1150,367.439,215.389,15.152,25.568,0.1149430
1150,428.968,215.998,15.142,26.080,0.0102910
1150,545.190,8.285,164.192,286.748,0.0093190
1150,317.180,222.660,12.323,23.522,0.0085390
1150,313.890,216.014,12.985,23.984,0.0070480
1150,462.369,2.000,42.754,69.933,0.0064510
1175,79.957,180.407,33.019,78.269,0.0065810
1175,300.360,215.691,15.563,28.002,0.2550150
1175,395.478,223.304,14.849,24.874,0.1334100
1175,357.725,223.477,14.925,24.927,0.0618940
1175,291.531,216.401,15.310,25.676,0.0286250
1175,237.770,216.562,16.930,24.736,0.0106450
1175,352.843,217.273,15.943,25.074,0.0086970
1175,423.146,222.611,14.345,27.398,0.0068130
1200,284.474,222.912,15.242,26.340,0.0884900
1200,568.599,202.279,19.856,41.111,0.0084000
1200,277.323,218.292,16.300,27.274,0.1158640
1200,548.534,215.737,19.302,42.767,0.0123060
1200,35.579,199.642,29.006,54.692,0.7148470
1200,80.652,216.404,21.455,41.172,0.0051860
1200,686.044,200.878,20.256,87.192,0.0050560
1200,418.013,224.525,17.803,33.484,0.6942730
1200,353.165,225.245,16.163,25.110,0.2770070
1200,383.608,227.677,14.723,24.570,0.2584970
1200,284.474,222.912,15.242,26.340,0.0765930
1200,568.599,202.279,19.856,41.111,0.0676990
1200,277.323,218.292,16.300,27.274,0.0562570
1200,511.574,209.527,17.499,35.046,0.0182670
1200,420.547,219.891,16.530,25.765,0.0080010
1200,549.116,201.431,22.249,48.663,0.0079220
1200,574.634,217.829,18.539,38.290,0.0070540
1200,346.740,219.140,18.418,26.258,0.0057720
1225,377.623,224.265,15.095,28.841,0.0077470
1225,264.556,216.198,18.321,31.603,0.1712500
1225,498.895,225.609,15.022,35.993,0.0137070
1225,254.234,224.012,14.388,26.925,0.0101750
1225,17.358,218.322,16.760,47.973,0.0067930
1225,358.510,224.337,16.752,26.775,0.4286540
1225,326.382,223.722,18.388,28.818,0.4052780
1225,377.623,224.265,15.095,28.841,0.4027300
1225,266.708,221.049,15.963,28.858,0.3027880
1225,25.363,56.310,124.602,183.186,0.0093450
1225,322.123,217.904,18.211,27.735,0.0065700
1250,263.237,222.379,19.035,33.660,0.0088230
1250,385.679,225.272,18.169,30.701,0.0324230
1250,636.950,173.737,47.525,101.735,0.1295640
1250,610.550,181.185,48.636,85.692,0.0205920
1250,254.861,225.244,14.548,28.877,0.0106800
1250,194.544,224.355,16.340,29.601,0.0091820
1250,682.543,166.834,32.841,110.088,0.0077600
1250,263.237,222.379,19.035,33.660,0.7070720
1250,385.679,225.272,18.169,30.701,0.5027770
1250,347.421,227.444,17.986,27.618,0.4081140
1250,516.618,227.505,18.927,37.481,0.2271840
1250,26.324,9.884,119.439,281.344,0.0092010
1250,69.991,58.097,110.834,187.329,0.0054280
1275,589.865,208.928,28.536,52.920,0.4144740
1275,391.583,221.238,17.633,34.096,0.1075490
1275,199.725,219.811,17.966,33.893,0.0053090
1275,652.856,212.387,40.273,68.228,0.0831360
1275,678.103,191.678,31.221,109.949,0.0238460
1275,683.432,221.063,24.119,56.951,0.0141890
1275,603.876,220.298,24.875,44.455,0.0124220
1275,589.782,207.289,30.474,50.630,0.4288720
1275,249.541,217.112,22.268,38.021,0.8336200
1275,354.423,221.953,18.315,31.475,0.5356810
1275,391.583,221.238,17.633,34.096,0.3009970
1275,199.725,219.811,17.966,33.893,0.0104940
1275,36.562,89.731,96.881,197.107,0.0086940
1275,235.945,204.001,30.849,49.984,0.0054090
1275,19.010,2.000,138.205,369.205,0.0050040
1300,395.918,219.981,18.236,36.569,0.0379920
1300,163.892,216.631,21.306,40.115,0.0088490
1300,235.739,212.892,17.898,31.693,0.0323850
1300,419.805,221.622,16.300,34.247,0.0066690
1300,268.396,215.406,14.169,26.351,0.0059320
1300,594.865,228.085,15.550,36.099,0.0053650
1300,212.729,214.786,24.315,43.537,0.7694260
1300,359.789,222.180,17.057,30.902,0.5020870
1300,395.918,219.981,18.236,36.569,0.4507360
1300,163.892,216.631,21.306,40.115,0.0466240
1300,22.214,60.751,77.164,236.754,0.0074690
1300,235.739,212.892,17.898,31.693,0.0071860
1300,659.126,222.269,20.840,38.191,0.0051670
1325,658.718,200.168,36.328,81.311,0.3146540
1325,400.095,215.714,19.547,40.183,0.0205430
1325,413.004,216.035,17.969,40.186,0.3900130
1325,245.255,213.487,14.124,29.212,0.0217060
1325,678.999,200.468,28.254,86.383,0.0137130
1325,569.415,2.000,107.314,334.564,0.0068310
1325,364.238,216.744,19.625,37.235,0.7085680
1325,153.162,199.465,34.110,60.541,0.6753430
1325,400.095,215.714,19.547,40.183,0.5818410
1325,413.240,213.299,18.969,38.302,0.0353880
1325,492.393,182.297,33.606,81.130,0.0132230
1325,195.185,210.075,17.276,34.661,0.0118330
1325,494.587,203.406,25.757,47.420,0.0066480
1325,497.006,219.408,19.823,41.128,0.0053420
1350,421.318,213.599,17.938,42.635,0.0080570
1350,607.123,181.175,36.279,91.426,0.0196060
1350,99.918,213.842,15.814,46.267,0.0179390
1350,252.311,211.938,14.568,28.281,0.0129460
1350,644.953,176.035,40.408,101.272,0.0074190
1350,415.303,209.660,20.345,41.307,0.7992650
1350,388.464,211.777,20.180,36.807,0.5306540
1350,7.666,160.718,36.812,119.569,0.2522670
1350,271.113,213.123,15.013,27.575,0.1461510
1350,364.159,220.311,17.011,29.245,0.0815700
1350,14.493,206.514,22.484,68.145,0.0269930
1350,12.960,185.822,19.687,68.145,0.0246490
1350,90.619,199.465,18.296,47.482,0.0125590
1350,50.634,195.205,17.500,45.478,0.0075990
1350,2.000,137.631,58.168,162.411,0.0062740
1350,198.491,205.220,16.713,32.344,0.0058550
1375,50.990,221.629,15.924,47.471,0.0113920
1375,42.626,159.315,31.985,111.618,0.0069950
1375,244.957,214.714,19.312,45.122,0.0062560
1375,10.460,216.201,16.015,59.018,0.0059690
1375,422.272,208.300,21.884,43.980,0.2619780
1375,389.231,217.105,17.962,42.019,0.1955440
1375,420.347,189.424,32.057,71.556,0.0068640
1400,423.253,209.047,22.067,52.126,0.0188860
1400,8.219,209.862,16.707,65.999,0.0242650
1400,9.609,144.354,30.302,150.462,0.0189890
1400,510.964,219.438,17.058,44.015,0.0050470
1400,421.221,206.865,24.091,48.734,0.1782840
1400,396.487,210.360,20.609,49.692,0.0859660
1400,451.683,211.050,18.054,49.666,0.0105190
1425,448.939,208.982,20.921,52.864,0.0070530
1425,416.424,206.054,21.786,53.227,0.0525010
1425,111.484,202.564,18.062,42.430,0.0107810
1425,622.072,96.930,86.657,237.889,0.0052190
1425,350.592,214.750,16.621,30.340,0.0414420
1425,448.939,208.982,20.921,52.864,0.7851780
1425,415.657,207.563,21.193,55.538,0.5401740
1425,383.661,211.560,20.104,40.970,0.6075660
1425,230.345,207.728,20.719,36.158,0.3945290
1425,265.434,208.841,16.048,31.364,0.0345530
1425,389.639,202.912,30.280,53.208,0.0331560
1425,448.773,2.000,53.493,62.381,0.0095730
1425,111.484,202.564,18.062,42.430,0.0094480
1425,325.101,221.749,17.411,28.377,0.0089100
1425,231.163,194.351,28.900,58.487,0.0062790
1425,428.725,2.000,45.208,69.177,0.0053530
1450,325.200,215.714,17.676,28.761,0.0449110
1450,565.611,176.127,46.166,81.747,0.0056650
1450,325.200,215.714,17.676,28.761,0.1806230
1450,453.419,203.224,24.961,56.757,0.7742420
1450,415.289,203.875,23.185,55.052,0.6872050
1450,380.972,211.983,19.310,38.598,0.4997160
1450,206.217,207.929,18.771,34.876,0.2030650
1450,246.485,206.398,16.802,31.595,0.1182600
1450,392.582,202.239,28.092,52.021,0.0133010
1450,456.061,2.000,38.447,57.642,0.0082050
1450,446.123,122.984,46.522,235.895,0.0052430
1475,645.630,175.106,44.518,84.109,0.0503740
1475,227.144,203.366,15.809,33.355,0.0164010
1475,681.490,170.100,33.650,108.127,0.0157020
1475,543.421,204.794,19.252,39.899,0.0079300
1475,690.476,191.541,23.956,63.806,0.0078330
1475,611.434,184.557,39.399,71.181,0.0057710
1475,634.057,119.432,62.632,204.138,0.0051030
1475,358.028,206.186,21.248,42.942,0.7232410
1475,417.724,196.295,34.748,68.156,0.6776760
1475,451.065,202.456,28.171,56.968,0.6622430
1475,206.196,201.115,17.026,34.212,0.1811090
1475,170.909,204.902,18.797,33.372,0.0981350
1475,364.422,214.625,19.338,38.657,0.0543260
1475,383.963,167.079,97.260,121.860,0.0052160
1500,427.282,204.256,24.896,68.156,0.0097090
1500,247.451,218.457,17.881,31.807,0.2102700
1500,643.784,174.363,39.191,80.584,0.0192760
1500,308.052,218.069,17.883,34.770,0.0121130
1500,423.953,194.696,32.706,84.325,0.8367010
1500,470.136,200.277,31.651,76.330,0.7323790
1500,353.370,215.280,22.254,40.973,0.6707170
1500,247.935,215.330,18.837,32.336,0.6701290
1500,348.272,197.192,31.275,63.410,0.1504730
1500,431.074,205.891,22.258,53.222,0.0732590
1500,160.919,216.725,16.899,39.294,0.0061820
1500,212.801,211.543,16.631,32.336,0.0059840
1500,411.372,165.965,48.544,164.571,0.0055480
1525,197.669,208.147,18.841,36.735,0.0197190
1525,681.544,165.896,28.807,110.160,0.0289580
1525,688.547,210.518,20.017,58.503,0.0055590
1525,428.503,2.000,40.131,67.232,0.0053430
1525,442.961,183.523,42.453,95.251,0.8163220
1525,487.771,183.602,39.297,91.944,0.7015850
1525,358.800,211.626,22.772,40.047,0.6102390
1525,197.669,208.147,18.841,36.735,0.5757870
1525,501.197,199.062,22.713,60.258,0.1011630
1525,437.152,204.180,21.561,46.181,0.0349760
1525,306.994,211.194,17.241,35.742,0.0135780
1525,311.324,218.052,18.574,34.986,0.0072820
1525,459.596,201.190,19.744,50.585,0.0062440
1525,133.837,217.304,17.361,38.285,0.0058440
1525,465.826,150.464,73.264,152.813,0.0053250
1550,627.232,205.447,19.331,44.022,0.0508740
1550,439.624,203.114,22.679,51.288,0.4824660
1550,644.459,217.493,17.515,37.790,0.0130260
1550,627.232,205.447,19.331,44.022,0.0058120
1550,461.687,175.932,46.805,107.494,0.8669820
1550,521.931,190.640,37.265,92.798,0.6919250
1550,315.071,207.585,25.044,42.892,0.6487180
1550,439.624,203.114,22.679,51.288,0.3427940
1550,383.259,212.863,15.745,33.300,0.0778550
1550,124.982,201.644,18.491,39.426,0.0561810
1550,232.109,199.388,18.732,39.489,0.0364150
1550,461.542,198.215,21.814,53.004,0.0301900
1550,341.948,209.165,19.208,37.512,0.0269100
1550,499.444,153.121,80.722,143.282,0.0219930
1550,533.969,209.018,19.628,60.960,0.0151760
1550,309.969,197.807,43.973,73.595,0.0099620
1550,333.008,187.920,33.773,60.362,0.0086520
1550,468.452,201.375,20.552,67.778,0.0078630
1550,120.359,182.162,32.266,65.410,0.0072860
1550,373.445,194.130,36.231,55.995,0.0065060
1550,280.577,218.456,16.949,32.591,0.0055460
1575,425.435,195.724,24.500,61.698,0.7098140
1575,10.407,189.254,19.402,63.068,0.0242560
1575,538.843,191.653,21.017,57.308,0.0091070
1575,491.672,155.706,50.810,130.896,0.0109290
1575,425.329,166.519,26.967,134.901,0.0071510
1575,461.340,161.162,53.701,131.731,0.8664630
1575,268.000,198.702,27.874,50.732,0.7493390
1575,523.461,160.621,48.750,132.022,0.5900410
1575,497.571,145.953,95.780,149.232,0.1019670
1575,425.435,195.724,24.500,61.698,0.0623550
1575,10.407,189.254,19.402,63.068,0.0282810
1575,358.641,208.283,19.593,36.355,0.0247870
1575,342.425,186.342,39.258,66.346,0.0158920
1575,466.296,196.819,20.561,49.690,0.0150560
1575,538.843,191.653,21.017,57.308,0.0104880
1575,202.080,192.541,21.528,46.672,0.0092990
1575,385.641,206.437,21.624,41.292,0.0062050
1575,301.343,178.164,40.321,83.996,0.0055810
1600,652.759,177.035,34.476,84.008,0.0086700
1600,457.540,152.590,69.467,167.647,0.0058830
1600,530.338,175.411,54.400,95.989,0.0056620
1600,423.526,199.850,25.283,61.578,0.8365780
1600,47.316,170.652,31.826,77.415,0.0227040
1600,53.781,188.874,20.460,55.227,0.0142050
1600,470.164,144.843,63.669,167.146,0.7020920
1600,174.103,201.078,25.058,49.635,0.6627250
1600,555.096,170.952,57.138,148.454,0.6109760
1600,456.626,172.348,60.678,114.442,0.1576280
1600,186.241,201.112,23.995,45.036,0.0455700
1600,563.480,226.704,36.431,95.085,0.0332250
1600,357.065,208.956,18.863,39.815,0.0287440
1600,499.561,153.267,123.999,141.444,0.0230680
1600,301.814,220.598,19.167,34.009,0.0210110
1600,530.338,175.411,54.400,95.989,0.0138880
1600,245.521,204.531,20.022,37.376,0.0126320
1600,504.790,199.928,21.999,47.913,0.0112690
1600,255.943,134.046,466.057,249.252,0.0061050
1600,362.181,217.281,18.151,37.537,0.0058140
1600,350.659,191.461,33.277,60.942,0.0050780
1625,50.626,203.817,21.991,46.479,0.0416090
1625,439.703,197.109,26.576,69.365,0.8412420
1625,514.816,146.339,56.222,146.486,0.0127880
1625,566.011,165.466,54.191,100.742,0.0076430
1625,40.850,193.003,37.146,62.907,0.1650690
1625,488.097,136.158,75.228,185.870,0.8915810
1625,575.415,99.940,113.738,249.277,0.6758570
1625,601.038,175.720,71.041,142.546,0.2273560
1625,50.626,203.817,21.991,46.479,0.0925770
1625,248.760,200.232,20.185,42.713,0.0853340
1625,383.129,215.983,19.877,42.001,0.0663380
1625,55.199,214.581,22.781,44.060,0.0621410
1625,75.329,214.971,22.241,44.562,0.0389990
1625,365.070,206.492,19.305,45.713,0.0362110
1625,479.373,86.719,117.165,299.878,0.0346840
1625,301.775,221.502,17.971,36.343,0.0274560
1625,542.853,2.000,173.463,365.794,0.0133730
1625,14.433,126.893,85.834,193.615,0.0066790
1625,439.703,197.109,26.576,69.365,0.0064460
1650,675.917,141.390,34.161,226.775,0.0133630
1650,526.665,95.827,93.190,255.302,0.0253660
1650,637.137,55.477,69.894,331.378,0.6479680
1650,459.477,193.714,32.414,77.100,0.8611410
1650,6.380,138.645,31.375,133.086,0.0382690
1650,647.939,144.921,55.894,155.511,0.0323600
1650,16.680,183.026,17.333,68.044,0.0259500
1650,606.587,125.145,57.656,187.192,0.0122790
1650,8.310,90.762,35.965,254.989,0.0086910
1650,515.965,76.390,90.152,303.109,0.8969580
1650,153.459,192.662,23.434,49.119,0.2884970
1650,666.727,103.277,46.897,282.952,0.1577140
1650,464.403,196.703,26.002,69.909,0.1525670
1650,527.122,132.525,63.812,183.648,0.0781540
1650,678.257,195.719,32.791,168.769,0.0724540
1650,304.033,224.455,19.381,33.778,0.0209750
1650,383.048,181.305,34.583,83.819,0.0197290
1650,385.927,199.557,22.138,52.012,0.0086470
1650,244.236,200.332,19.664,37.266,0.0080060
1650,546.971,140.370,71.442,166.987,0.0079160
1650,154.782,170.498,20.571,41.391,0.0056790
1675,549.502,2.000,136.735,309.362,0.0109370
1675,489.887,193.231,34.041,83.518,0.8528040
1675,501.082,171.510,42.419,149.524,0.0071490
1675,660.660,95.345,16.864,23.994,0.0065010
1675,539.989,47.464,167.442,379.881,0.7963760
1675,145.483,197.086,22.527,47.452,0.5069950
1675,497.552,200.796,22.380,61.543,0.2376240
1675,613.647,54.389,70.345,337.079,0.0255560
1675,389.841,179.149,35.300,93.406,0.0228520
1675,308.887,220.079,20.156,43.505,0.0208530
1675,240.306,191.279,23.928,50.947,0.0198080
1675,416.438,212.032,20.825,53.654,0.0178390
1675,148.188,182.182,30.641,60.531,0.0078440
1675,414.901,178.000,34.036,91.787,0.0057110
1675,579.334,211.525,97.352,282.612,0.0055300
1700,432.566,215.162,20.473,48.133,0.0149360
1700,556.759,186.391,34.479,75.195,0.8147140
1700,609.049,2.000,112.951,255.722,0.1737470
1700,643.949,40.578,63.710,124.803,0.0103370
1700,17.245,2.000,32.459,305.045,0.0069160
1700,606.167,69.826,105.214,353.713,0.5880980
1700,618.916,258.761,85.544,191.183,0.0349840
1700,422.976,199.573,24.911,49.520,0.0203650
1700,318.746,218.811,23.203,47.787,0.0182150
1700,635.619,260.379,52.838,131.826,0.0165620
1700,265.177,187.545,27.229,49.258,0.0132910
1700,583.670,2.000,138.330,507.967,0.0123130
1700,423.787,181.654,33.323,91.392,0.0087430
1700,432.566,215.162,20.473,48.133,0.0080150
1700,243.680,189.188,27.272,50.783,0.0065730
1700,641.616,144.083,54.386,163.667,0.0065480
1700,269.302,175.149,30.405,81.485,0.0052690
1700,273.566,218.065,25.144,45.652,0.0052270
1725,492.347,173.363,41.791,103.489,0.0131400
1725,6.785,2.000,53.374,282.644,0.0073860
1725,23.153,2.000,70.444,303.995,0.0065770
1725,475.678,105.417,73.403,231.226,0.0063000
1725,616.798,71.915,90.743,362.555,0.4244280
1725,308.362,175.374,38.943,79.105,0.0319110
1725,646.510,167.658,51.005,169.103,0.0202270
1725,310.438,171.135,18.154,28.672,0.0189770
1725,387.783,221.921,24.369,49.392,0.0092450
1725,617.457,195.555,20.280,41.690,0.0085670
1725,341.252,206.740,35.102,67.230,0.0084300
1725,338.579,178.382,41.393,77.867,0.0071430
1750,685.207,222.326,19.107,78.683,0.5051530
1750,86.974,10.192,87.837,278.449,0.0174340
1750,527.961,247.670,30.463,51.565,0.0475590
1775,592.051,140.483,15.290,25.528,0.0890230
1775,190.391,10.767,111.435,277.706,0.0844800
1775,11.815,2.000,85.065,268.613,0.0174810
1775,150.254,47.229,123.659,202.815,0.0163270
1775,433.191,223.389,26.450,53.197,0.0325910
1775,498.690,216.301,36.133,81.256,0.0077160
1800,598.576,203.614,38.987,70.773,0.0081660
1800,675.256,169.532,29.951,95.624,0.0520830
1800,602.559,200.203,31.069,53.021,0.4383180
1800,675.256,169.532,29.951,95.624,0.0624800
1800,528.959,233.625,24.021,43.301,0.0079500
1800,2.651,2.000,117.441,349.165,0.0054280
1825,539.446,20.442,103.353,323.572,0.0253190
1825,511.291,15.136,82.222,325.494,0.0133070
1825,274.569,2.000,90.671,329.470,0.0073350
1825,87.047,233.632,20.976,50.521,0.0054760
1850,6.415,2.000,82.009,288.924,0.0761520
1850,511.665,2.000,81.125,237.153,0.0176080
1850,556.695,2.000,70.314,331.926,0.0136790
1850,426.007,2.000,98.268,293.970,0.0095440
1850,461.439,2.000,100.422,310.413,0.0085940
1875,6.083,97.159,19.128,77.429,0.0353360
1875,5.496,70.256,24.909,133.850,0.0384200
1875,74.145,15.869,129.620,331.002,0.0115840
1875,19.927,114.605,69.884,277.308,0.0061320
