25,591.008,217.303,22.793,47.462,0.0094600
25,115.812,209.111,32.319,63.053,0.0084280
25,78.686,210.525,28.563,59.286,0.0061450
25,468.198,208.570,12.952,29.176,0.0060460
25,334.593,209.094,22.940,35.720,0.6301090
25,613.909,48.182,94.514,335.998,0.8421970
25,383.162,207.528,24.988,43.027,0.7536180
25,279.134,197.096,24.297,50.122,0.6973880
25,619.657,199.631,79.181,224.977,0.0814650
25,640.849,103.654,67.042,170.843,0.0557670
25,392.617,213.362,20.235,40.935,0.0411230
25,587.059,200.614,25.476,50.950,0.0166420
25,541.378,208.255,21.326,39.184,0.0085740
25,591.008,217.303,22.793,47.462,0.0076940
50,457.632,217.681,18.344,42.576,0.0279440
50,327.787,208.195,23.542,54.692,0.0087400
50,390.615,216.748,18.942,37.678,0.3487930
50,383.021,206.928,29.212,61.656,0.0085070
50,454.814,215.641,15.488,34.722,0.0069130
50,117.249,217.927,35.062,73.530,0.0234640
50,85.110,218.963,35.473,71.978,0.0126040
50,540.290,220.434,15.396,39.498,0.0090300
50,379.292,40.894,53.837,421.211,0.0068460
50,335.695,201.403,26.048,59.766,0.8354390
50,457.632,217.681,18.344,42.576,0.5393000
50,328.046,202.312,23.450,54.740,0.2737000
50,390.615,216.748,18.942,37.678,0.1724210
50,273.159,202.911,36.516,75.147,0.0413450
50,383.021,206.928,29.212,61.656,0.0107920
50,455.953,218.898,33.417,56.590,0.0106630
50,443.658,218.527,17.716,35.752,0.0094930
50,283.465,198.525,22.772,52.520,0.0090190
50,454.814,215.641,15.488,34.722,0.0068710
75,376.914,213.254,35.561,50.109,0.0125230
75,387.887,218.351,19.417,35.707,0.0732180
75,78.598,204.981,40.724,90.472,0.0053740
75,376.914,213.254,35.561,50.109,0.0200010
75,317.990,187.849,38.235,94.723,0.8203980
75,453.111,222.581,19.902,36.420,0.7377020
75,387.887,218.351,19.417,35.707,0.4415420
75,242.904,201.619,37.978,85.504,0.0321100
75,318.993,203.505,22.975,64.052,0.0167050
75,349.198,214.778,21.100,46.207,0.0116410
75,449.326,226.116,39.720,46.227,0.0072640
75,164.546,131.962,90.855,226.318,0.0053840
75,244.525,201.341,21.372,52.997,0.0050240
100,249.626,212.110,47.806,53.982,0.0346730
100,267.300,220.095,17.272,30.824,0.0728730
100,262.903,144.361,50.914,204.730,0.0079710
100,77.410,197.100,42.961,96.552,0.0081660
100,26.517,136.601,75.173,171.706,0.0075720
100,334.112,223.758,14.936,24.979,0.0388850
100,249.626,212.110,47.806,53.982,0.0124960
100,167.678,181.931,55.591,100.131,0.8443350
100,337.165,220.969,19.943,35.650,0.7597570
100,254.963,219.245,16.647,32.459,0.5008890
100,267.300,220.095,17.272,30.824,0.4406420
100,235.220,205.495,37.005,62.562,0.0126900
100,2.000,102.000,396.109,248.601,0.0076530
100,262.903,144.361,50.914,204.730,0.0065570
100,329.087,219.623,17.028,25.038,0.0058390
100,690.936,232.005,18.827,43.800,0.0052830
100,2.000,2.000,403.149,534.296,0.0051220
125,133.720,218.692,16.415,33.117,0.2753720
125,161.266,220.653,15.951,29.176,0.1473320
125,135.997,214.017,16.414,34.684,0.1705850
125,118.099,207.404,36.279,61.811,0.0056030
125,100.700,215.049,23.268,42.628,0.8199370
125,209.817,220.798,16.777,32.723,0.1127730
125,224.287,220.892,15.872,32.371,0.0915850
125,203.109,218.703,17.964,27.954,0.0326390
125,161.266,220.653,15.951,29.176,0.0300290
125,90.654,197.523,31.197,61.278,0.0154090
125,208.235,129.710,11.925,21.627,0.0076830
125,399.633,194.415,21.276,51.539,0.0071150
125,626.797,68.248,12.101,12.412,0.0063560
150,149.470,218.951,15.974,34.482,0.2522740
150,108.722,211.935,36.746,53.956,0.0153610
150,86.608,209.866,35.327,59.493,0.0136350
150,206.565,217.704,20.264,41.022,0.0125210
150,125.003,216.826,17.596,38.517,0.3926550
150,100.983,216.152,17.299,42.007,0.7219900
150,267.872,214.052,28.996,61.073,0.0059650
150,149.470,218.951,15.974,34.482,0.2511850
150,50.795,211.586,24.026,51.615,0.7050100
150,108.722,211.935,36.746,53.956,0.0472870
150,206.565,217.704,20.264,41.022,0.7397300
150,125.003,216.826,17.596,38.517,0.0955900
150,199.775,222.531,34.970,46.455,0.0212030
150,282.133,223.415,13.736,37.612,0.0087210
150,103.156,149.636,62.251,214.241,0.0069510
150,24.998,23.936,64.787,247.469,0.0055860
175,130.189,217.797,19.420,45.019,0.2836630
175,157.544,223.513,16.552,33.888,0.0097030
175,454.764,181.689,33.476,74.625,0.0164960
175,130.189,217.797,19.420,45.019,0.0596340
175,11.427,205.347,35.149,72.672,0.8722610
175,233.248,224.204,18.272,37.003,0.6524000
175,157.544,223.513,16.552,33.888,0.3734070
175,9.003,179.674,39.054,147.561,0.0075710
175,230.154,224.719,34.318,51.031,0.0051420
200,529.337,219.109,19.266,48.329,0.0637620
200,162.470,214.729,20.611,45.916,0.2010370
200,134.473,212.902,20.411,51.023,0.6831570
200,530.086,187.159,34.501,73.471,0.0121830
200,615.277,194.736,34.052,66.869,0.0402250
200,619.837,215.061,18.966,47.981,0.0134490
200,645.517,218.863,19.643,48.072,0.0062770
200,128.556,205.842,31.823,64.124,0.0069180
200,529.337,219.109,19.266,48.329,0.2462890
200,162.470,214.729,20.611,45.916,0.1414430
200,135.167,209.060,18.220,46.668,0.0176680
200,273.588,224.887,15.181,31.418,0.0086210
200,530.086,187.159,34.501,73.471,0.0051540
200,277.508,98.417,16.589,22.549,0.0051160
225,156.773,203.818,23.934,63.999,0.2791530
225,566.538,227.431,20.128,48.705,0.0977280
225,139.585,200.926,16.727,52.004,0.0172460
225,462.934,187.675,35.731,64.419,0.0105950
225,156.874,197.190,27.462,63.755,0.0897030
225,197.260,205.487,24.799,49.265,0.7848690
225,238.954,219.484,21.255,33.090,0.0107750
225,314.696,221.955,15.423,35.519,0.0102800
250,437.286,219.934,19.391,38.356,0.0235660
250,477.582,215.284,19.939,42.534,0.4100420
250,125.702,203.703,31.647,74.657,0.7311610
250,158.879,209.791,24.700,59.982,0.7411850
250,127.015,209.136,16.547,47.246,0.0112040
250,437.286,219.934,19.391,38.356,0.0329380
250,198.426,211.376,23.079,49.295,0.7947550
250,326.464,226.169,16.136,32.848,0.0126080
250,161.766,209.793,21.292,46.379,0.0097640
250,479.295,210.962,19.980,41.884,0.0071480
250,394.693,222.142,17.222,39.567,0.0051690
275,118.920,212.452,24.105,57.811,0.0170240
275,103.733,195.348,40.485,96.912,0.8104780
275,68.600,191.149,41.412,98.334,0.7089930
275,527.118,184.553,38.033,81.966,0.0250820
275,611.841,155.370,39.950,122.867,0.0214130
275,626.680,28.756,66.514,309.093,0.0200570
275,647.298,150.535,37.100,126.927,0.0121030
275,585.666,85.080,89.084,199.171,0.0062220
275,8.900,176.631,34.470,96.516,0.0062020
275,167.961,206.803,34.652,67.855,0.7036960
275,189.557,224.499,22.456,41.721,0.2461990
275,118.920,212.452,24.105,57.811,0.0061100
275,324.463,226.220,17.739,37.020,0.0058040
275,340.150,205.292,44.163,81.680,0.0055980
300,2.395,187.238,27.111,99.023,0.6764530
300,680.749,191.604,20.295,52.275,0.0131900
300,175.834,219.213,20.584,40.434,0.4631130
300,400.528,223.765,19.391,44.366,0.0067260
300,510.711,207.507,17.659,46.192,0.5691520
300,613.848,212.008,24.457,57.989,0.1697410
300,613.518,180.940,39.624,91.348,0.0662750
300,645.254,178.681,35.224,80.306,0.0589100
300,498.146,189.999,29.696,72.441,0.0183720
300,2.000,169.854,42.370,158.821,0.0080140
300,325.578,95.604,13.959,24.057,0.0062010
300,319.067,63.789,33.853,79.766,0.0051930
300,5.068,190.653,22.138,75.644,0.0223920
300,175.834,219.213,20.584,40.434,0.0845760
300,400.528,223.765,19.391,44.366,0.0465660
300,72.619,184.136,55.627,93.729,0.7598380
300,52.079,152.419,89.412,153.817,0.0342750
300,310.615,218.817,22.646,42.097,0.1595480
300,238.811,222.221,22.973,36.899,0.0067420
300,2.000,2.000,348.057,499.255,0.0063190
300,358.672,229.022,16.637,36.104,0.0057250
300,2.000,70.301,278.410,295.467,0.0054810
300,118.488,207.901,21.130,40.022,0.0052470
325,138.301,217.626,23.142,42.976,0.0320640
325,467.909,131.825,34.010,109.036,0.0050230
325,513.565,206.863,19.005,45.302,0.3924020
325,532.400,151.711,38.881,135.172,0.2898180
325,498.634,187.427,37.513,77.908,0.0294120
325,536.967,188.612,19.608,63.657,0.0220800
325,567.357,157.205,40.452,118.573,0.0144440
325,630.318,2.000,66.640,382.521,0.0123360
325,531.832,209.754,19.652,57.273,0.0085210
325,653.402,163.027,32.709,103.374,0.0072120
325,513.010,85.489,63.152,210.448,0.0060350
325,279.638,212.821,20.536,35.382,0.2709150
325,138.301,217.626,23.142,42.976,0.3025500
325,513.565,206.863,19.005,45.302,0.1386460
325,286.476,215.849,22.300,41.089,0.0836110
325,206.124,219.361,27.271,38.087,0.0301650
325,298.943,203.521,51.395,78.771,0.0125520
325,228.554,219.394,24.342,38.616,0.0102670
325,313.824,217.195,21.453,46.238,0.0081520
350,122.297,213.153,24.737,45.438,0.2147500
350,581.651,44.615,101.618,202.239,0.0441120
350,614.354,2.000,90.091,319.997,0.0336430
350,546.023,9.554,105.536,269.922,0.0166200
350,576.804,207.697,29.643,87.884,0.0057290
350,611.083,76.313,43.891,127.320,0.0129460
350,121.592,207.121,22.659,47.763,0.0629180
350,281.674,203.775,24.588,39.250,0.0360490
350,320.419,206.928,23.750,41.247,0.0207870
350,581.651,44.615,101.618,202.239,0.0115800
350,223.426,215.903,25.042,41.142,0.0113080
350,614.354,2.000,90.091,319.997,0.0100900
350,546.023,9.554,105.536,269.922,0.0090050
350,386.405,197.587,30.703,90.529,0.0053240
375,131.314,213.478,28.212,51.622,0.0540750
375,145.292,214.643,24.224,49.291,0.2704500
375,237.830,183.913,40.222,81.588,0.0459310
375,240.439,202.856,23.180,43.323,0.0260520
375,190.863,220.865,21.709,42.708,0.0096010
375,321.397,205.366,19.158,32.926,0.0087280
375,244.627,216.189,25.116,44.416,0.0084160
375,9.967,147.802,30.166,139.979,0.0051600
375,449.186,203.930,32.643,61.897,0.5837390
375,130.190,206.633,29.392,51.023,0.0300880
375,393.906,210.548,20.602,34.294,0.0071570
400,20.802,205.028,16.446,42.961,0.0503050
400,521.056,203.515,32.546,64.481,0.6893950
400,115.936,213.409,28.712,51.892,0.3027440
400,385.718,12.245,51.960,95.049,0.0186170
400,344.420,201.146,24.059,41.480,0.0211870
400,351.479,11.334,112.672,184.886,0.0137300
400,95.365,212.846,25.145,56.265,0.1441120
400,235.560,181.040,44.429,87.235,0.0134580
400,510.286,190.875,33.847,96.245,0.0078730
400,17.208,214.024,17.109,52.873,0.0069140
400,167.535,223.023,22.284,44.163,0.0051820
400,520.866,197.391,34.160,66.581,0.4402580
400,385.718,12.245,51.960,95.049,0.0503440
400,344.420,201.146,24.059,41.480,0.0425100
400,340.708,191.913,35.025,69.964,0.0391080
400,351.479,11.334,112.672,184.886,0.0154100
400,403.252,32.297,46.733,61.236,0.0145710
400,426.291,55.744,16.416,18.780,0.0071280
425,516.018,201.009,39.309,70.991,0.1051700
425,119.869,166.010,44.577,98.835,0.0288330
425,129.521,153.636,85.003,134.365,0.0087450
425,149.462,175.871,48.811,87.890,0.0597840
425,386.857,197.483,19.050,49.000,0.0336690
425,534.995,205.711,17.968,48.050,0.0214160
425,273.200,186.454,39.625,75.819,0.0122190
425,158.370,193.626,25.857,54.921,0.0120250
425,515.156,204.439,20.204,54.845,0.0072450
425,160.591,214.554,28.124,48.363,0.0060550
425,680.743,119.582,28.141,129.242,0.0059090
425,474.053,123.702,14.537,31.945,0.0058930
425,664.054,224.716,13.427,32.672,0.0057200
425,8.444,220.276,19.124,47.418,0.0062910
425,514.375,204.105,31.648,65.344,0.7810010
425,345.327,2.000,38.255,62.320,0.0141010
425,527.944,208.523,23.936,58.913,0.0097190
425,101.243,2.000,151.345,178.717,0.0083050
425,129.521,153.636,85.003,134.365,0.0054470
450,149.830,172.716,50.340,86.908,0.0462850
450,469.197,204.661,25.293,54.194,0.0058990
450,2.000,72.913,62.016,227.699,0.0167160
450,19.088,43.792,80.175,291.986,0.0100550
450,300.551,191.750,23.540,50.962,0.2683690
450,301.522,181.394,34.445,72.424,0.0589980
450,651.800,224.392,16.192,48.281,0.0431360
450,195.272,193.226,19.433,36.578,0.0145880
450,396.527,205.265,14.481,38.638,0.0131200
450,285.995,194.046,20.719,45.070,0.0082840
450,620.249,226.573,15.261,40.366,0.0079390
450,643.019,171.730,29.340,104.967,0.0072530
450,357.215,200.572,15.749,39.351,0.0062060
450,322.225,386.441,17.055,28.184,0.0054340
450,282.518,388.230,14.921,25.493,0.0052920
450,138.916,145.142,56.900,155.081,0.0052040
450,149.830,172.716,50.340,86.908,0.0098730
450,465.572,199.735,34.784,72.413,0.7988170
450,11.189,215.942,18.346,58.055,0.0816780
450,12.183,133.976,36.441,147.202,0.0325900
450,10.001,192.953,31.338,102.769,0.0153400
450,2.000,72.913,62.016,227.699,0.0147840
450,42.737,135.986,37.720,94.751,0.0077010
450,19.088,43.792,80.175,291.986,0.0071130
475,531.970,186.576,38.311,78.210,0.3337720
475,45.192,188.252,25.384,52.294,0.0369090
475,531.970,186.576,38.311,78.210,0.3153300
475,256.627,196.909,37.535,61.178,0.8852700
475,45.192,188.252,25.384,52.294,0.0058300
475,43.186,160.922,23.854,46.304,0.0055610
500,43.004,157.570,52.689,102.496,0.0842630
500,22.781,144.811,55.403,146.654,0.0084050
500,65.449,177.251,36.249,68.699,0.0184600
500,269.837,2.000,122.961,265.088,0.0074710
500,453.503,2.000,110.061,292.192,0.0062100
500,43.004,157.570,52.689,102.496,0.5629280
500,22.781,144.811,55.403,146.654,0.0253740
500,65.449,177.251,36.249,68.699,0.0055900
525,273.093,241.015,17.952,37.984,0.0079980
550,347.124,226.760,33.352,53.153,0.0099900
550,653.677,225.510,16.801,37.758,0.0121820
550,652.947,215.178,24.945,67.713,0.0063610
575,268.282,179.495,40.930,88.654,0.0058030
575,498.577,212.526,35.335,61.207,0.7977540
575,268.282,179.495,40.930,88.654,0.0106450
575,351.419,16.487,15.735,26.104,0.0077450
600,456.760,213.999,32.940,56.668,0.0058700
600,168.662,200.809,18.982,44.177,0.0118990
600,156.130,177.272,37.383,81.108,0.0159330
600,235.102,205.839,17.050,39.886,0.0121250
600,650.980,204.612,40.319,82.527,0.0102020
600,206.313,200.995,16.242,41.345,0.0092510
600,313.779,214.429,14.349,27.657,0.0077840
600,537.609,225.606,19.787,35.821,0.0062940
600,509.240,225.731,22.600,33.702,0.0073380
600,405.187,224.373,15.433,28.719,0.3238560
600,456.269,212.940,30.886,57.761,0.7662070
600,168.662,200.809,18.982,44.177,0.0060170
625,485.704,215.946,26.942,46.251,0.0064970
625,602.510,169.525,51.421,100.761,0.0086790
625,539.710,221.834,19.885,39.004,0.0086070
625,569.311,174.245,44.814,97.058,0.0079210
625,111.556,175.788,31.205,91.712,0.0071410
625,117.934,192.830,20.549,54.255,0.0065320
625,358.217,216.354,17.622,32.724,0.5698430
625,487.905,212.185,24.395,39.997,0.0193210
625,475.595,209.593,30.933,56.947,0.8278090
650,255.369,213.118,20.806,37.115,0.0130100
650,678.705,2.011,33.355,133.219,0.0190510
650,640.479,199.203,45.231,101.304,0.0104610
650,668.522,2.000,53.478,229.616,0.0081720
650,202.784,210.204,15.298,30.127,0.0069870
650,632.312,123.170,70.785,264.781,0.0051020
650,260.425,215.243,20.277,38.565,0.3013060
650,428.761,212.876,26.077,46.353,0.7264370
650,607.193,54.191,103.425,258.090,0.0126810
650,505.994,38.395,163.919,294.499,0.0058520
675,225.389,219.581,18.377,33.227,0.0128630
675,634.866,92.400,67.057,249.401,0.0229580
675,166.342,209.251,15.403,35.021,0.0091150
675,164.067,221.615,14.050,30.424,0.0061520
675,214.552,210.965,25.415,50.558,0.0053720
675,423.379,213.354,24.880,51.562,0.6963760
675,634.866,92.400,67.057,249.401,0.0166510
675,580.285,107.638,100.313,220.894,0.0053200
700,10.234,177.642,33.379,79.704,0.0168800
700,51.361,217.249,22.202,44.975,0.0344170
700,161.812,208.835,27.835,56.881,0.1486840
700,431.129,214.449,20.050,35.924,0.0469800
700,424.939,218.154,23.471,45.591,0.4060390
700,418.910,203.904,43.610,56.561,0.0103600
700,449.951,217.999,20.563,45.400,0.7505150
700,404.028,227.528,20.925,36.280,0.0961310
700,566.318,55.983,132.270,257.460,0.0159960
700,626.710,107.553,79.030,224.647,0.0075320
725,465.499,215.821,22.681,51.432,0.0276020
725,236.207,224.864,13.575,30.413,0.0240720
725,203.652,225.700,14.208,33.102,0.0131670
725,161.904,224.735,16.060,35.868,0.0084250
725,79.688,187.390,34.542,73.969,0.0053910
725,465.499,215.821,22.681,51.432,0.4454750
725,9.045,186.191,50.413,106.456,0.8391060
725,393.751,224.512,24.562,51.059,0.6499440
725,2.000,120.650,64.409,215.658,0.0110200
725,391.677,95.362,12.717,18.424,0.0050490
750,242.134,229.543,12.062,26.246,0.0292300
750,502.732,212.012,27.234,59.471,0.2072620
750,479.607,209.904,24.872,58.475,0.0421850
750,632.106,47.499,69.040,268.976,0.0197530
750,683.335,145.106,28.939,137.197,0.0157970
750,578.026,47.498,93.799,274.897,0.0149770
750,210.846,231.010,12.246,26.783,0.0096350
750,672.154,40.963,47.074,280.384,0.0058250
750,532.393,63.867,107.927,243.730,0.0055940
750,389.637,213.615,19.556,38.488,0.0076630
750,490.624,207.751,32.883,65.057,0.3600870
750,473.327,205.151,33.725,70.404,0.5651230
750,373.688,209.656,31.978,68.095,0.7266870
750,366.615,221.037,19.014,40.103,0.0251240
750,2.791,7.404,16.266,27.413,0.0191650
750,361.956,188.017,73.456,142.003,0.0058520
775,568.655,197.728,36.818,89.024,0.5039970
775,549.020,201.722,21.052,56.654,0.0052900
775,625.477,80.642,66.135,198.333,0.0216690
775,574.879,59.366,89.832,253.217,0.0176200
775,199.119,226.038,12.106,30.204,0.0092780
775,163.428,222.043,12.676,37.222,0.0083650
775,559.075,2.000,129.833,365.244,0.0081100
775,199.899,215.563,13.537,29.544,0.0075890
775,611.104,192.491,34.102,99.512,0.0075260
775,543.977,2.000,78.692,356.212,0.0073550
775,158.928,210.190,15.618,39.756,0.0070450
775,568.655,197.728,36.818,89.024,0.1711840
775,537.863,190.227,38.087,96.067,0.6443810
775,356.063,202.127,32.512,74.369,0.7603320
775,549.020,201.722,21.052,56.654,0.0908580
775,359.007,211.757,21.006,39.271,0.0828880
775,537.370,206.495,23.183,63.498,0.0318770
775,130.437,219.212,13.515,39.798,0.0165820
775,378.165,219.255,17.791,39.065,0.0100270
800,242.232,226.808,12.859,26.865,0.0070390
800,203.916,227.371,12.028,28.942,0.0082310
800,202.859,212.649,11.947,30.972,0.0055120
800,619.938,213.241,17.678,49.751,0.0075660
800,356.559,198.187,37.039,75.613,0.7817900
800,85.812,201.023,17.169,49.980,0.0462420
800,361.893,211.264,19.615,36.239,0.0175620
800,378.652,217.649,20.126,40.104,0.0074930
825,210.248,215.259,13.540,26.830,0.0215200
825,9.905,166.156,30.585,98.392,0.0179510
825,614.745,197.254,15.023,48.470,0.0170170
825,79.123,200.052,17.803,44.150,0.0155560
825,617.016,81.039,97.045,197.627,0.0126080
825,10.289,182.847,18.456,70.771,0.0060150
825,333.151,188.687,46.419,85.803,0.8637440
825,53.069,2.000,600.047,576.000,0.0057920
850,9.474,195.152,16.109,60.910,0.0143640
850,621.658,80.617,80.906,196.234,0.0102420
850,6.652,177.691,28.505,89.537,0.0088400
850,284.210,183.215,53.260,93.459,0.6636130
850,311.010,205.534,18.788,36.114,0.0220080
850,213.017,100.595,200.784,240.394,0.0071180
850,603.925,41.174,107.052,212.874,0.0055200
875,129.629,224.621,14.585,29.709,0.3428480
875,213.185,230.528,13.647,27.867,0.0058320
875,650.050,189.699,36.113,102.048,0.0603530
875,159.336,226.741,11.790,25.052,0.0092280
875,655.825,207.340,18.829,72.051,0.0065090
875,572.998,159.244,35.868,130.229,0.0063720
875,212.414,192.965,58.825,103.147,0.4901560
875,465.929,213.200,16.732,49.212,0.0149190
875,172.016,109.229,137.315,273.639,0.0113780
875,396.106,220.911,15.877,36.188,0.0094410
875,354.988,228.519,14.611,27.087,0.0085840
875,346.232,2.000,37.968,59.822,0.0050920
900,393.767,221.273,15.296,36.585,0.0750440
900,424.036,217.582,15.056,40.337,0.0112750
900,463.901,214.125,17.553,49.994,0.0056310
900,77.336,207.965,22.209,40.750,0.0998940
900,602.925,170.559,37.021,87.309,0.0260140
900,74.984,204.063,31.374,65.932,0.0108520
900,628.851,92.526,66.893,169.940,0.0104920
900,117.943,220.094,17.245,40.138,0.0100670
900,128.191,202.183,18.381,49.484,0.0099690
900,576.008,167.018,39.263,107.291,0.0091630
900,463.283,200.431,31.395,90.081,0.0076760
900,511.625,90.672,74.066,194.514,0.0065490
900,496.049,198.030,35.258,87.357,0.0063060
900,530.352,171.415,36.975,98.147,0.0061940
900,108.663,178.894,75.246,122.777,0.7669920
900,393.767,221.273,15.296,36.585,0.1651150
900,424.036,217.582,15.056,40.337,0.1270960
900,463.901,214.125,17.553,49.994,0.0206560
900,320.850,227.573,16.708,27.422,0.0095390
900,505.833,217.106,17.970,49.333,0.0093070
900,458.694,204.628,18.402,43.841,0.0081610
900,283.448,231.182,15.952,22.553,0.0076220
900,2.000,57.986,358.206,385.198,0.0074100
900,162.055,223.513,19.233,39.169,0.0066640
925,40.717,208.942,18.510,45.729,0.1400210
925,505.155,175.970,44.582,105.034,0.3995290
925,415.971,171.259,32.293,98.447,0.1202600
925,621.992,44.766,91.513,266.770,0.1063600
925,457.862,169.877,29.857,102.691,0.0481160
925,418.960,193.684,22.728,62.902,0.0447100
925,570.944,171.573,39.299,89.462,0.0213350
925,645.990,124.966,48.719,125.053,0.0209960
925,579.249,2.000,100.349,341.050,0.0131470
925,399.810,213.727,15.540,49.489,0.0126360
925,526.772,200.085,23.228,72.243,0.0112330
925,673.695,144.217,42.895,134.246,0.0092550
925,663.258,2.000,52.945,329.870,0.0087920
925,393.438,171.973,27.740,104.883,0.0083640
925,40.717,208.942,18.510,45.729,0.0050180
925,10.320,169.268,26.961,155.705,0.1770180
925,18.316,206.497,18.464,70.954,0.0236050
925,4.824,198.127,22.605,152.890,0.0062730
950,41.601,205.486,20.915,43.035,0.0204270
950,494.340,191.500,26.096,57.431,0.0103160
950,466.198,169.883,38.295,94.990,0.0320080
950,676.378,155.950,33.007,136.593,0.7404740
950,654.980,134.457,37.346,167.705,0.1207090
950,605.069,157.333,45.076,125.750,0.0683130
950,691.137,177.696,17.482,76.257,0.0235950
950,525.423,163.843,49.116,98.035,0.0173130
950,682.069,130.349,39.931,173.291,0.0161520
950,433.043,199.388,15.259,38.989,0.0094440
950,424.455,168.107,34.491,94.818,0.0081760
950,573.446,163.732,38.553,104.738,0.0081140
950,471.502,189.785,21.943,53.471,0.0064180
950,591.709,134.077,16.573,29.750,0.0056870
975,526.944,175.152,36.296,88.180,0.0537650
975,603.892,185.807,26.385,62.969,0.0388660
975,537.959,190.205,22.922,59.643,0.0089430
975,497.568,167.342,32.464,106.194,0.0118690
975,645.505,154.845,39.884,116.397,0.0108880
975,33.097,206.383,26.352,44.104,0.0059660
975,603.892,185.807,26.385,62.969,0.0366700
975,421.963,221.953,19.002,41.127,0.0094760
975,361.670,227.599,14.326,25.165,0.0089290
975,537.959,190.205,22.922,59.643,0.0071620
975,308.168,217.660,12.879,22.966,0.0061590
975,394.268,224.737,14.988,30.271,0.0058780
975,423.318,183.473,29.819,82.141,0.0052560
1000,563.577,179.675,35.401,90.222,0.4707740
1000,493.747,209.462,18.266,41.761,0.4974140
1000,583.064,76.284,84.641,208.146,0.0064070
1000,490.492,197.325,33.769,62.457,0.0073260
1000,622.575,13.393,65.466,268.429,0.0141610
1000,478.106,207.357,17.500,43.697,0.0336540
1000,173.244,214.296,13.415,25.232,0.0245900
1000,598.016,156.424,42.459,124.063,0.0191270
1000,548.648,205.077,21.058,60.920,0.0149460
1000,199.502,211.363,13.312,26.358,0.0056700
1000,610.286,208.734,19.711,57.485,0.0050580
1000,493.747,209.462,18.266,41.761,0.2070730
1000,20.089,201.637,16.382,43.032,0.0362150
1000,583.064,76.284,84.641,208.146,0.0226210
1000,565.793,193.186,25.198,70.780,0.0194260
1000,490.492,197.325,33.769,62.457,0.0131520
1000,314.798,216.436,14.218,23.387,0.0127770
1000,17.025,219.500,15.109,37.125,0.0071160
1000,476.426,76.729,72.186,294.346,0.0061940
1000,622.575,13.393,65.466,268.429,0.0054060
1000,551.203,2.000,83.196,348.469,0.0053040
1025,514.185,209.799,18.704,42.580,0.7068930
1025,674.428,184.024,31.704,115.795,0.2874930
1025,677.781,165.311,44.219,163.506,0.0139640
1025,639.752,204.866,33.345,73.530,0.0558080
1025,683.056,206.071,20.585,68.747,0.0059080
1025,624.906,217.367,18.754,45.257,0.0113830
1025,500.796,196.206,35.332,63.899,0.0061880
1025,537.562,212.894,17.879,46.037,0.0056730
1025,619.752,207.268,29.735,70.287,0.0055790
1025,689.967,194.118,17.975,69.977,0.0055480
1025,674.428,184.024,31.704,115.795,0.0476890
1025,315.803,225.754,14.592,23.556,0.0436080
1025,639.965,214.452,23.131,52.672,0.6285090
1025,382.017,221.909,18.463,30.650,0.0841710
1025,137.428,213.665,15.968,32.110,0.0766070
1025,366.744,224.788,16.644,25.510,0.0420150
1025,157.998,213.337,14.820,30.576,0.0226440
1025,313.989,218.046,14.720,24.529,0.0225730
1025,89.473,211.622,15.907,30.064,0.0191350
1025,93.726,220.983,15.495,31.926,0.0175880
1025,683.056,206.071,20.585,68.747,0.0109150
1025,2.541,31.482,117.221,235.904,0.0067980
1025,624.906,217.367,18.754,45.257,0.0064320
1050,270.964,225.281,13.758,27.792,0.0051180
1050,388.339,226.516,15.117,28.303,0.3030010
1050,309.010,227.356,13.838,23.810,0.2689200
1050,102.425,225.653,14.634,29.808,0.2662670
1050,270.964,225.281,13.758,27.792,0.2452650
1050,130.899,212.901,18.167,32.792,0.0500860
1050,360.313,229.189,13.417,21.373,0.0167210
1050,280.323,217.159,14.147,29.858,0.0162060
1050,98.226,214.401,16.407,33.013,0.0099990
1050,315.046,219.884,14.471,24.612,0.0073830
1050,378.675,217.766,36.807,56.091,0.0056880
1050,15.593,222.770,15.785,39.198,0.0056000
1050,423.731,229.210,13.456,28.972,0.0054730
1050,357.180,221.347,16.319,21.270,0.0053670
1075,53.212,227.023,16.265,27.153,0.0268870
1075,83.323,223.836,15.903,28.277,0.0174100
1075,568.198,205.079,20.903,62.093,0.7239630
1075,250.958,227.015,14.347,33.300,0.0359970
1075,650.127,199.140,38.851,90.713,0.0177350
1075,115.178,207.687,18.122,35.602,0.0146620
1075,573.268,197.078,27.231,69.561,0.0136460
1075,41.042,454.955,22.432,36.276,0.0086790
1075,249.999,216.167,13.329,29.181,0.0082380
1075,551.080,212.778,17.704,52.778,0.0051340
1075,566.185,202.859,21.607,58.007,0.0546550
1075,47.958,214.516,18.349,32.460,0.0064450
1075,84.248,213.822,19.779,31.484,0.0564990
1075,11.951,227.679,16.779,28.609,0.0066850
1075,83.323,223.836,15.903,28.277,0.0154520
1075,382.814,225.520,14.979,30.114,0.4410670
1075,370.721,227.183,14.270,25.004,0.2506450
1075,283.268,227.334,12.789,24.587,0.0128440
1075,366.823,220.082,14.893,25.080,0.0093250
1075,377.463,212.820,39.511,68.983,0.0078940
1075,387.307,218.688,13.208,27.292,0.0074440
1100,365.809,224.979,16.392,28.977,0.0108720
1100,377.981,224.645,16.587,34.978,0.0238440
1100,618.110,200.969,22.618,69.723,0.6962660
1100,215.879,215.743,12.820,30.442,0.0834850
1100,214.600,221.130,16.122,40.484,0.0561690
1100,201.589,198.707,28.494,96.889,0.0291720
1100,583.417,203.719,22.614,71.130,0.0255690
1100,495.901,160.509,33.584,116.284,0.0223650
1100,535.233,157.906,27.309,114.417,0.0200370
1100,650.840,187.511,38.118,108.464,0.0140440
1100,543.137,210.138,21.395,62.549,0.0096450
1100,479.386,95.396,66.732,252.688,0.0086880
1100,365.809,224.979,16.392,28.977,0.4326320
1100,242.915,220.214,17.081,33.458,0.6470800
1100,249.111,215.603,16.752,34.698,0.3374560
1100,377.981,224.645,16.587,34.978,0.0732700
1100,36.343,203.138,25.899,44.718,0.0444860
1100,18.764,201.328,18.523,43.787,0.0176270
1100,16.875,215.288,17.230,46.087,0.0162580
1100,34.892,216.689,21.977,42.347,0.0143460
1100,357.280,221.856,30.490,54.149,0.0093740
1100,37.471,186.702,36.153,70.465,0.0056700
1100,361.357,218.118,15.996,29.675,0.0053430
1125,483.784,203.045,16.371,44.444,0.4555200
1125,487.543,193.085,20.117,59.962,0.0260190
1125,564.148,2.000,124.638,322.220,0.0114360
1125,536.037,6.958,98.429,286.142,0.0106750
1125,505.540,83.070,97.171,196.934,0.0088330
1125,171.510,211.226,15.095,28.558,0.0087930
1125,491.062,167.572,28.191,99.543,0.0086090
1125,470.829,186.120,27.874,69.739,0.0083610
1125,587.892,189.331,19.998,53.946,0.0071200
1125,199.786,212.248,19.341,38.871,0.6429560
1125,347.158,218.551,19.511,35.937,0.5609870
1125,342.580,215.369,36.035,51.476,0.0228610
1125,190.801,203.917,29.895,67.511,0.0198610
1150,519.139,196.084,20.789,57.813,0.5097460
1150,465.781,2.000,94.653,313.696,0.0084590
1150,561.185,2.000,121.635,296.680,0.0352290
1150,610.703,2.000,98.855,270.097,0.0153770
1150,524.887,178.901,27.156,84.210,0.0086270
1150,572.664,158.738,30.571,99.067,0.0053730
1150,158.247,211.222,15.498,29.394,0.0396990
1150,216.649,217.119,14.472,22.884,0.0213770
1150,129.198,201.618,25.632,49.311,0.6049710
1150,325.295,207.075,26.662,44.172,0.7386310
1150,519.139,196.084,20.789,57.813,0.2214690
1150,349.507,209.431,18.516,36.122,0.0668120
1150,123.245,194.705,37.063,80.842,0.0254730
1150,345.896,217.931,16.722,34.545,0.0165860
1150,16.652,108.080,73.576,215.079,0.0120320
1150,465.781,2.000,94.653,313.696,0.0050690
1175,313.349,219.636,20.365,38.076,0.0100920
1175,598.875,177.916,42.466,90.651,0.7790670
1175,518.753,172.433,45.244,98.510,0.1881180
1175,529.893,211.702,22.397,53.127,0.1389580
1175,580.392,175.949,44.053,93.461,0.0359640
1175,648.643,152.861,35.891,123.837,0.0197960
1175,448.783,137.286,49.560,147.499,0.0197840
1175,494.424,151.035,47.488,124.621,0.0143750
1175,439.058,100.304,72.412,231.578,0.0098770
1175,606.724,188.368,23.932,64.094,0.0090510
1175,609.996,174.831,45.904,132.874,0.0084870
1175,420.578,154.119,38.903,124.034,0.0072180
1175,680.052,171.079,32.039,91.641,0.0070300
1175,525.305,124.399,49.632,131.592,0.0069720
1175,578.862,203.773,25.662,67.554,0.0066610
1175,210.148,129.017,18.744,26.984,0.0054880
1175,573.542,2.000,106.753,375.983,0.0052360
1175,509.313,92.347,74.008,197.847,0.0050660
1175,270.720,215.809,16.912,22.788,0.0066250
1175,304.120,206.664,36.636,67.202,0.5279410
1175,313.349,219.636,20.365,38.076,0.2390970
1175,346.137,223.102,16.023,29.236,0.0175750
1175,289.318,137.845,69.591,221.075,0.0110530
1175,56.771,212.260,18.832,28.374,0.0088920
1175,348.187,209.406,16.864,33.508,0.0076710
1200,16.919,192.171,17.822,46.257,0.0899830
1200,216.631,215.506,14.092,25.653,0.0070860
1200,341.494,207.873,15.409,32.507,0.1115380
1200,573.884,4.723,105.575,296.088,0.2096640
1200,629.616,73.138,57.995,198.569,0.0408430
1200,547.363,62.925,86.643,220.845,0.0401580
1200,520.223,57.604,73.594,238.794,0.0350100
1200,602.840,108.218,56.489,139.979,0.0201540
1200,529.846,110.253,57.488,130.550,0.0131700
1200,381.336,207.514,15.389,34.309,0.0124820
1200,646.201,85.632,41.705,123.370,0.0091190
1200,343.607,218.257,15.274,32.256,0.0062650
1200,16.919,192.171,17.822,46.257,0.0437470
1200,341.494,207.873,15.409,32.507,0.0094140
1200,309.525,191.736,36.200,77.138,0.7605750
1200,319.718,207.830,20.855,39.490,0.1014080
1200,269.175,159.442,89.458,135.799,0.0070570
1225,271.368,213.479,15.158,27.375,0.1179920
1225,393.183,203.095,18.394,39.037,0.0498960
1225,427.142,205.725,16.261,33.843,0.0074290
1225,241.913,98.014,19.069,26.721,0.0056030
1225,589.681,89.347,78.721,125.640,0.0050760
1225,163.899,190.910,16.399,32.392,0.0099750
1225,352.149,210.444,16.935,28.087,0.0092050
1225,393.183,203.095,18.394,39.037,0.1006280
1225,373.855,187.703,39.626,82.066,0.7863530
1225,355.395,161.770,67.668,126.947,0.0206310
1225,352.959,191.301,44.789,66.440,0.0091300
1225,211.389,2.000,367.131,485.131,0.0090820
1250,313.261,213.872,14.600,28.546,0.6577150
1250,501.189,206.109,17.351,39.228,0.0679870
1250,321.517,99.740,19.639,28.244,0.0139720
1250,385.592,209.938,16.900,27.031,0.1916360
1250,9.646,186.984,19.853,50.677,0.0062330
1250,113.925,186.060,41.288,60.522,0.0115260
1250,129.209,195.726,22.036,43.015,0.0292630
1250,441.560,193.247,44.124,93.695,0.8185830
1250,435.201,208.040,21.981,37.953,0.0339940
1250,245.283,208.545,18.394,28.557,0.0158910
1250,412.232,157.732,73.695,136.200,0.0092020
1250,460.511,213.151,24.492,51.020,0.0091940
1250,476.274,207.474,17.216,37.480,0.0087570
1275,656.706,183.035,32.751,75.000,0.0339840
1275,541.256,197.395,42.512,91.960,0.0310360
1275,511.751,209.511,24.258,51.882,0.3102030
1275,331.525,215.447,15.254,30.846,0.7635260
1275,529.297,205.408,20.198,46.742,0.1745780
1275,580.709,202.344,20.292,47.258,0.0206190
1275,687.706,154.607,23.854,121.755,0.0143530
1275,611.583,180.464,33.363,91.409,0.0123020
1275,577.232,218.446,21.975,41.717,0.0122670
1275,529.044,191.800,34.413,79.070,0.0075400
1275,481.525,217.860,15.866,24.053,0.0155650
1275,509.303,208.926,23.515,44.281,0.3175150
1275,401.939,216.612,14.285,24.756,0.1481600
1275,548.501,185.595,60.231,116.126,0.7663110
1275,511.549,194.965,31.971,68.963,0.2488100
1275,131.887,195.615,17.319,35.406,0.0316380
1275,541.256,197.395,42.512,91.960,0.0243430
1275,91.620,193.493,19.302,44.166,0.0123370
1275,493.024,156.444,51.252,138.614,0.0102580
1275,252.299,209.297,18.040,30.996,0.0078540
1275,535.376,135.247,53.633,180.609,0.0069180
1275,153.868,75.453,568.132,372.963,0.0052720
1300,297.930,219.246,18.078,30.184,0.4425800
1300,516.870,214.904,18.662,42.171,0.0505630
1300,511.281,212.202,17.265,39.593,0.1072710
1300,666.364,139.761,45.742,230.593,0.0707140
1300,576.354,219.641,16.861,46.071,0.2901500
1300,76.375,193.211,22.741,36.710,0.1012720
1300,18.808,188.103,15.814,41.792,0.0313200
1300,531.021,202.360,20.792,56.543,0.2428480
1300,348.457,149.316,109.179,199.285,0.0054340
1300,610.120,166.387,41.352,116.339,0.0310820
1300,650.345,166.847,37.715,124.158,0.0247260
1300,626.493,197.852,16.133,56.293,0.0188490
1300,656.858,215.051,18.707,51.463,0.0145050
1300,601.425,134.273,68.108,229.169,0.0078030
1300,655.057,197.532,16.981,52.803,0.0075000
1300,570.055,185.565,29.358,81.261,0.0058280
1300,367.597,221.856,14.400,26.063,0.0455970
1300,516.870,214.904,18.662,42.171,0.1025570
1300,511.281,212.202,17.265,39.593,0.0165460
1300,666.364,139.761,45.742,230.593,0.3966040
1300,377.134,216.032,15.541,28.061,0.0628530
1300,576.354,219.641,16.861,46.071,0.0070170
1300,76.375,193.211,22.741,36.710,0.0078240
1300,523.074,191.888,30.304,75.352,0.6907740
1300,512.257,195.552,32.503,81.520,0.0317410
1300,525.239,140.586,50.973,210.590,0.0118460
1300,348.457,149.316,109.179,199.285,0.0052150
1325,458.663,219.541,17.047,32.218,0.0056140
1325,574.044,193.348,20.759,55.964,0.0468340
1325,606.311,166.685,38.245,97.741,0.0097570
1325,4.690,180.282,16.114,49.517,0.1053050
1325,679.953,153.323,28.194,122.368,0.0060560
1325,514.146,209.161,17.329,41.247,0.1066940
1325,652.142,165.666,38.561,101.439,0.0216940
1325,7.055,170.095,15.266,42.353,0.0190820
1325,503.935,197.079,34.862,59.991,0.0101960
1325,635.615,110.929,59.940,201.359,0.0056090
1325,574.044,193.348,20.759,55.964,0.0103010
1325,553.355,175.752,46.999,104.744,0.8676510
1325,340.152,213.204,18.587,31.525,0.6668060
1325,566.469,200.612,23.992,73.088,0.0138670
1325,547.341,202.031,24.659,70.370,0.0118130
1325,328.239,65.303,393.761,320.287,0.0091700
1325,539.193,59.007,80.543,256.850,0.0080400
1325,542.652,202.068,18.735,47.394,0.0075530
1325,337.737,199.693,40.961,75.421,0.0059170
1325,523.312,148.804,84.636,136.635,0.0051370
1350,229.728,210.070,23.277,39.732,0.5034490
1350,614.655,192.690,19.046,52.061,0.0360900
1350,507.895,201.765,16.181,47.852,0.0129360
1350,529.042,178.169,33.308,80.301,0.0100170
1350,538.695,205.952,15.419,38.440,0.0087610
1350,504.033,217.950,17.951,43.174,0.0085860
1350,505.362,191.133,36.302,64.871,0.0069070
1350,291.754,220.390,18.028,29.001,0.0389600
1350,299.029,209.935,22.151,37.954,0.6433420
1350,616.697,142.039,53.764,185.953,0.4872430
1350,425.937,147.212,296.063,211.262,0.0066250
1375,678.227,183.116,30.085,69.420,0.0155340
1375,192.769,200.399,29.101,48.885,0.0124650
1375,481.111,203.540,17.662,43.500,0.3038080
1375,654.411,184.216,32.854,62.999,0.0115260
1375,627.110,181.108,18.631,59.933,0.0089470
1375,531.307,179.070,52.473,86.557,0.0979170
1375,541.157,193.389,26.291,59.164,0.0282180
1375,253.405,206.928,22.378,40.468,0.8006220
1375,395.493,213.116,18.518,29.774,0.0699530
1375,240.207,191.516,33.204,57.125,0.0307470
1375,482.085,106.846,129.179,154.870,0.0112090
1375,266.804,210.515,18.145,29.631,0.0067850
1400,208.847,209.911,17.493,39.525,0.0197430
1400,190.594,192.138,55.357,89.627,0.0145330
1400,165.145,210.769,21.510,48.404,0.2777560
1400,524.133,158.899,42.730,121.156,0.0138660
1400,477.555,210.287,19.579,41.328,0.6233430
1400,177.518,62.914,15.120,28.190,0.0199180
1400,463.141,199.488,35.747,58.989,0.0084900
1400,190.594,192.138,55.357,89.627,0.2973990
1400,165.145,210.769,21.510,48.404,0.0110320
1400,203.454,183.961,75.717,109.608,0.3785110
1400,177.948,136.152,86.010,178.928,0.0593770
1400,386.508,221.701,17.496,30.115,0.2123420
1400,477.555,210.287,19.579,41.328,0.0851740
1400,175.841,70.625,69.349,159.172,0.0066330
1425,382.037,219.621,17.940,31.195,0.2790730
1425,482.393,209.295,18.549,41.954,0.6081730
1425,622.550,84.544,87.834,193.015,0.1589190
1425,577.574,87.159,97.564,196.969,0.0286380
1425,665.987,54.744,51.438,238.166,0.0240760
1425,154.916,59.185,17.693,25.417,0.0171520
1425,327.773,224.245,12.766,25.150,0.0162580
1425,675.551,97.286,36.488,151.468,0.0117560
1425,32.518,2.000,181.077,576.000,0.0113320
1425,572.305,150.498,38.856,135.497,0.0063480
1425,384.777,215.752,19.576,32.820,0.0629190
1425,482.393,209.295,18.549,41.954,0.0241040
1425,106.425,191.081,49.278,87.507,0.0304490
1425,69.972,43.880,109.067,338.564,0.0057380
1450,469.854,209.149,17.812,41.728,0.0052540
1450,381.408,214.165,15.555,32.552,0.0379360
1450,367.320,214.839,21.190,41.119,0.4080360
1450,2.000,182.502,27.527,91.165,0.7192210
1450,392.143,2.000,38.598,59.543,0.0173590
1450,130.841,215.198,14.856,26.641,0.5500980
1450,645.187,124.221,40.424,124.531,0.0204240
1450,629.658,57.414,59.209,252.245,0.0154640
1450,12.763,171.940,31.719,143.903,0.0070210
1450,100.393,207.559,17.007,33.221,0.0059810
1450,469.854,209.149,17.812,41.728,0.0266600
1450,2.000,189.282,26.878,91.043,0.0064380
1450,369.380,212.926,19.334,39.804,0.5606880
1450,392.143,2.000,38.598,59.543,0.0117890
1450,404.180,13.830,15.669,36.548,0.0103570
1450,418.927,14.026,13.095,28.851,0.0061610
1475,149.086,216.857,19.016,38.168,0.0125180
1475,348.176,222.666,17.030,28.240,0.0114970
1475,272.680,225.853,14.168,25.721,0.0093240
1475,412.231,213.903,21.766,48.146,0.7912950
1475,348.176,222.666,17.030,28.240,0.0151370
1475,403.830,218.777,20.504,39.205,0.0066890
1475,7.702,2.000,12.635,8.932,0.0050660
1500,688.580,216.512,17.211,53.065,0.0056540
1500,317.100,226.655,15.234,25.075,0.0101460
1500,160.474,213.580,23.160,36.064,0.0050480
1500,387.263,223.997,16.079,28.570,0.0277820
1500,625.162,2.000,71.893,296.127,0.0054170
1500,471.181,211.243,34.062,63.370,0.8491840
1500,476.498,211.222,21.868,43.755,0.0178020
1500,488.589,2.000,41.132,45.612,0.0080300
1525,152.840,215.721,17.392,38.650,0.1373650
1525,506.093,199.614,32.974,82.211,0.0065810
1525,632.581,201.815,18.935,49.555,0.0627260
1525,571.960,64.936,107.563,171.841,0.0111820
1525,622.153,48.052,66.441,201.395,0.0158380
1525,642.988,197.090,19.209,54.648,0.0843650
1525,645.025,177.683,30.902,96.523,0.0241800
1525,317.085,223.428,14.112,28.140,0.0196150
1525,383.577,222.789,15.129,29.300,0.0100140
1525,693.471,189.278,14.879,55.348,0.0061660
1525,502.215,213.955,22.889,51.878,0.0054740
1525,137.539,210.199,22.317,41.037,0.0357490
1525,531.043,205.056,41.750,76.097,0.7948290
1525,632.581,201.815,18.935,49.555,0.0174350
1525,425.296,218.120,19.938,39.153,0.0115830
1525,571.960,64.936,107.563,171.841,0.0098630
1525,622.153,48.052,66.441,201.395,0.0051380
1550,124.109,215.459,25.333,43.893,0.1274670
1550,317.548,221.842,15.596,29.951,0.0633350
1550,646.970,157.451,44.995,114.889,0.0387370
1550,571.372,41.048,106.325,287.518,0.0345670
1550,629.412,95.146,66.143,234.560,0.0290790
1550,530.869,174.198,41.310,93.418,0.0165770
1550,530.047,100.227,121.966,237.473,0.0077320
1550,605.844,155.879,50.481,123.557,0.0067950
1550,570.306,157.368,44.211,122.566,0.0067810
1550,353.978,224.992,13.240,25.210,0.0065910
1550,498.374,185.775,34.891,80.163,0.0053900
1550,124.109,215.459,25.333,43.893,0.0091830
1550,433.133,213.176,21.523,34.496,0.0245390
1550,438.993,220.147,19.552,33.694,0.0214860
1550,387.302,222.339,14.855,28.211,0.0081650
1550,431.700,195.780,36.466,60.446,0.0070250
1575,470.193,216.689,19.556,39.036,0.0179340
1575,563.599,168.977,43.746,98.501,0.0562790
1575,315.292,222.270,15.628,30.579,0.0418780
1575,530.037,180.689,52.716,74.698,0.0260680
1575,606.497,168.728,47.609,90.809,0.0194130
1575,161.804,212.371,16.562,39.315,0.0190440
1575,573.565,87.984,93.812,185.779,0.0128020
1575,575.623,189.704,23.456,53.153,0.0105490
1575,190.849,212.682,18.133,38.106,0.0079470
1575,275.195,222.013,15.223,30.195,0.0073160
1575,642.613,168.559,49.315,87.782,0.0050520
1575,470.193,216.689,19.556,39.036,0.0464260
1600,683.037,130.541,18.883,35.672,0.0066010
1600,508.896,207.762,21.180,40.537,0.2092970
1600,502.747,193.534,34.209,63.313,0.0183860
1600,154.099,208.144,19.015,41.397,0.0292720
1600,529.139,194.648,23.492,49.244,0.0077360
1600,306.485,221.291,15.169,30.643,0.0788270
1600,643.872,193.546,45.103,104.878,0.0141700
1600,533.347,169.089,36.721,98.782,0.0140860
1600,662.584,190.151,21.891,49.492,0.0102980
1600,458.342,212.057,18.271,34.394,0.0784520
1600,508.896,207.762,21.180,40.537,0.1494180
1600,59.836,210.458,28.988,48.987,0.0674450
1600,502.747,193.534,34.209,63.313,0.0081200
1600,154.099,208.144,19.015,41.397,0.1736190
1600,529.139,194.648,23.492,49.244,0.0081380
1600,484.404,69.408,67.301,312.880,0.0053620
1625,111.353,201.968,20.077,48.239,0.0991250
1625,648.123,193.613,40.096,56.542,0.0070980
1625,531.135,194.613,27.709,56.283,0.1309060
1625,517.122,198.805,24.118,51.604,0.6509220
1625,455.629,210.130,19.808,35.427,0.2401120
1625,280.590,220.470,15.992,30.896,0.0092370
1625,569.318,180.629,43.972,80.636,0.0365050
1625,578.133,194.911,25.714,54.757,0.0150900
1625,314.315,215.528,15.989,26.405,0.0133380
1625,234.437,212.767,17.431,31.324,0.0111710
1625,111.353,201.968,20.077,48.239,0.0639860
1625,532.482,190.033,37.104,66.188,0.1454200
1625,648.123,193.613,40.096,56.542,0.1390860
1625,608.726,194.398,42.691,61.630,0.0336230
1625,517.122,198.805,24.118,51.604,0.0162620
1625,518.860,158.012,75.690,137.937,0.0061750
1625,455.629,210.130,19.808,35.427,0.0058700
1625,280.590,220.470,15.992,30.896,0.0052420
