25,415.141,173.868,24.338,59.685,0.2008850
25,283.544,170.838,14.003,29.717,0.0074660
25,630.920,154.479,44.466,145.068,0.7830780
25,3.261,153.365,23.881,116.120,0.0124390
25,690.497,160.559,22.868,115.048,0.0105140
25,624.477,183.155,21.383,68.378,0.0081740
25,509.554,95.331,72.597,230.201,0.0058450
25,6.408,129.342,30.926,113.517,0.0056840
25,4.071,175.831,15.565,69.390,0.0055900
25,680.886,118.669,34.384,213.421,0.0054260
25,415.141,173.868,24.338,59.685,0.5544060
25,362.497,173.636,16.393,29.020,0.3168440
25,387.744,160.889,42.269,81.620,0.0286720
25,283.544,170.838,14.003,29.717,0.0225050
25,325.279,168.898,15.706,28.108,0.0190460
25,394.139,176.105,23.028,48.453,0.0106210
50,555.126,22.188,60.285,323.240,0.0182740
50,563.045,126.398,34.826,112.469,0.0131950
50,493.650,47.404,117.933,281.445,0.0120280
50,213.995,172.101,14.009,32.406,0.0052690
50,428.993,172.599,31.512,70.436,0.7260700
50,387.225,176.511,18.396,29.577,0.0631420
50,312.566,171.354,17.114,26.019,0.0214710
50,394.895,178.483,17.318,39.574,0.0121750
50,364.858,173.228,15.413,25.195,0.0089220
75,588.232,2.000,94.088,356.262,0.0167910
75,455.734,170.548,32.249,67.204,0.5967330
75,419.459,174.561,18.133,32.806,0.1281500
75,460.022,172.053,23.161,41.545,0.0529060
75,326.587,168.380,15.880,32.574,0.0454090
75,347.276,170.628,15.723,26.518,0.0178970
75,406.547,171.051,16.883,28.619,0.0129520
75,425.271,176.086,17.634,42.838,0.0080090
100,490.947,152.320,36.911,94.114,0.0159920
100,617.674,176.430,36.297,67.450,0.7217030
100,502.733,165.188,23.081,42.240,0.0067040
100,622.417,170.996,23.858,47.320,0.0241790
100,603.365,135.301,52.485,159.621,0.0074030
100,618.113,176.848,28.532,59.124,0.0323780
100,490.947,152.320,36.911,94.114,0.1205590
100,502.733,165.188,23.081,42.240,0.6404790
100,453.729,167.144,19.843,35.532,0.1394760
100,382.457,161.660,15.672,25.189,0.0540990
100,350.414,160.621,16.736,29.969,0.0497180
100,440.298,162.733,17.026,28.411,0.0118140
100,482.983,93.990,65.899,189.759,0.0087300
125,687.539,186.165,15.710,62.764,0.0051960
125,501.483,145.379,81.132,116.158,0.0055500
125,598.477,82.648,67.601,213.726,0.0077110
125,624.203,175.285,33.135,80.425,0.8130650
125,610.606,139.965,41.860,108.308,0.0496000
125,52.885,86.040,73.146,197.438,0.0069920
125,689.806,210.742,15.587,58.011,0.0063680
125,686.447,154.322,21.165,121.871,0.0062220
125,628.495,201.156,24.038,66.745,0.0058480
125,28.479,63.271,60.734,240.828,0.0058460
125,516.344,155.160,48.290,92.524,0.2144200
125,383.957,163.520,15.659,26.768,0.1269230
125,465.042,170.112,16.312,30.597,0.0874060
125,358.319,166.047,17.052,31.429,0.0679780
125,509.450,115.372,72.551,145.550,0.0450290
125,598.477,82.648,67.601,213.726,0.0066440
150,690.738,172.756,14.403,61.226,0.0208350
150,358.585,155.435,18.787,30.464,0.0671300
150,614.968,174.812,24.585,60.922,0.0997660
150,609.602,163.573,38.694,89.909,0.8175560
150,599.944,135.593,62.679,162.450,0.0141020
150,575.803,170.555,18.655,35.628,0.0451150
150,513.791,134.898,50.325,101.600,0.2424560
150,358.585,155.435,18.787,30.464,0.2259520
150,376.761,154.700,17.042,28.015,0.0992790
150,458.913,157.423,18.992,36.485,0.0530590
150,503.589,101.374,82.970,171.381,0.0501130
150,614.968,174.812,24.585,60.922,0.0089670
150,335.884,145.194,40.628,57.461,0.0070410
175,20.350,101.907,129.775,277.161,0.1196930
175,621.741,163.511,42.108,96.101,0.7404010
175,640.401,179.872,23.128,59.114,0.0593160
175,327.752,154.692,16.625,32.975,0.0227190
175,622.383,181.813,25.209,56.004,0.0198570
175,604.353,140.968,51.750,146.682,0.0191900
175,73.197,174.535,48.967,136.901,0.0075310
175,615.747,79.877,76.391,208.279,0.0053850
175,543.374,93.980,88.728,189.037,0.0050660
175,547.975,185.787,20.092,36.162,0.0292500
175,2.000,79.063,149.937,292.648,0.4057850
175,348.607,151.138,20.303,30.962,0.5679450
175,452.366,161.324,20.542,32.613,0.1290710
175,640.401,179.872,23.128,59.114,0.0068820
175,351.122,144.829,18.160,24.545,0.0058010
175,439.871,159.161,18.753,28.197,0.0057140
200,675.479,157.209,32.261,103.347,0.6568000
200,348.996,142.301,20.086,42.668,0.0391080
200,318.074,146.728,22.388,46.952,0.0073410
200,538.997,65.933,100.015,225.105,0.0067820
200,670.180,37.085,43.789,301.613,0.0135820
200,574.800,84.513,96.144,192.149,0.0192800
200,633.407,2.000,77.613,300.064,0.0180940
200,463.766,138.108,21.629,35.350,0.0051000
200,678.188,121.567,29.068,139.626,0.0072740
200,348.996,142.301,20.086,42.668,0.4132880
200,283.341,62.916,97.657,245.455,0.2702680
200,311.273,125.327,53.375,124.302,0.1714160
200,332.233,136.341,41.500,96.314,0.0364590
200,538.997,65.933,100.015,225.105,0.0140720
200,670.180,37.085,43.789,301.613,0.0096000
200,257.138,2.000,144.643,337.318,0.0069630
200,456.416,149.150,22.729,34.768,0.0063940
200,574.800,84.513,96.144,192.149,0.0062770
225,324.801,140.692,15.666,29.721,0.0112870
225,316.841,144.452,18.660,35.534,0.0218670
225,354.310,138.019,21.317,42.170,0.1599020
225,618.993,25.284,76.601,322.694,0.1867810
225,308.247,132.648,32.411,62.224,0.0074870
225,10.129,129.963,37.435,102.847,0.0149230
225,40.612,186.367,23.136,49.648,0.0138520
225,551.839,85.442,88.650,195.930,0.0104910
225,14.135,151.136,19.373,51.555,0.0069870
225,347.040,123.643,30.937,73.178,0.0066880
225,36.306,131.663,36.618,111.116,0.0065930
225,606.456,117.000,48.868,122.702,0.0057910
225,464.632,149.416,18.976,30.521,0.0265960
225,324.801,140.692,15.666,29.721,0.0052860
225,316.841,144.452,18.660,35.534,0.0969020
225,623.057,83.522,78.804,244.378,0.0320520
225,308.247,132.648,32.411,62.224,0.0141170
225,379.923,128.940,57.219,103.626,0.7809360
225,349.721,135.904,21.545,40.241,0.7409870
225,354.458,97.667,93.346,158.095,0.0855400
225,87.899,73.576,607.140,216.720,0.0050720
250,349.720,159.047,22.086,43.596,0.3620650
250,325.673,166.850,18.014,38.261,0.0053550
250,343.073,149.188,31.536,67.462,0.0141510
250,638.504,62.420,58.358,303.787,0.0066610
250,489.765,167.836,22.374,47.913,0.2523080
250,384.995,153.616,51.913,96.084,0.7162680
250,349.720,159.047,22.086,43.596,0.4032470
250,494.508,154.006,28.008,64.690,0.0345010
250,325.673,166.850,18.014,38.261,0.0075540
250,369.182,110.088,57.223,164.478,0.0055900
250,343.073,149.188,31.536,67.462,0.0052440
275,567.161,136.255,38.929,89.937,0.0457440
275,2.000,173.206,124.111,297.336,0.0305610
275,348.257,160.259,22.895,44.625,0.6853540
275,338.967,152.603,37.417,60.895,0.0828700
275,12.984,11.394,75.044,270.390,0.0207730
275,8.878,65.236,42.059,154.090,0.0124490
275,611.461,167.406,37.405,80.267,0.0104560
275,653.768,167.163,33.530,91.868,0.0098250
275,11.801,16.321,37.280,108.245,0.0050310
275,489.921,165.076,26.489,48.450,0.5566850
275,384.602,153.617,54.200,87.485,0.6052230
275,496.118,157.722,34.622,58.269,0.3514190
275,2.000,45.268,125.334,419.660,0.2966880
275,348.257,160.259,22.895,44.625,0.0345510
275,10.284,2.000,81.294,367.904,0.0259290
275,394.671,164.376,27.561,41.650,0.0176730
275,338.967,152.603,37.417,60.895,0.0146830
275,526.600,179.956,23.339,51.036,0.0064810
275,528.197,150.258,39.757,76.690,0.0060200
275,459.438,155.246,41.563,62.869,0.0056840
300,574.983,135.979,39.775,95.068,0.0074240
300,609.818,165.124,37.835,82.652,0.0178720
300,326.293,167.428,23.523,46.152,0.0228170
300,389.796,156.349,43.067,80.650,0.0413420
300,347.753,161.353,27.663,54.095,0.7502500
300,497.289,168.227,25.662,43.452,0.1910540
300,326.293,167.428,23.523,46.152,0.0247350
300,160.372,78.365,156.849,293.161,0.8115380
300,392.584,151.011,40.482,80.723,0.7435780
300,498.952,152.183,38.812,93.366,0.2243550
300,134.660,102.746,99.588,230.910,0.0343440
300,396.856,161.811,27.883,51.208,0.0312830
300,221.137,109.680,99.046,217.761,0.0201060
300,122.264,193.926,23.066,50.698,0.0165580
300,161.172,154.720,36.189,121.120,0.0130880
300,347.753,161.353,27.663,54.095,0.0125750
300,384.704,124.226,45.401,159.587,0.0081490
300,247.438,98.544,17.092,31.087,0.0080600
300,189.534,146.887,43.057,142.354,0.0074010
300,181.620,2.000,80.035,396.328,0.0061820
300,228.249,130.807,45.781,190.731,0.0059060
300,164.290,185.704,25.952,61.905,0.0053420
325,573.550,141.139,25.108,55.578,0.0099450
325,562.245,126.804,42.776,105.726,0.2296410
325,572.066,132.140,22.216,44.184,0.0062200
325,355.640,162.208,41.460,63.445,0.4020100
325,562.111,105.104,70.626,216.614,0.0107410
325,271.291,187.257,22.656,42.948,0.0104670
325,198.765,167.074,20.913,38.527,0.0097290
325,246.694,186.138,22.188,41.717,0.0096370
325,611.521,166.821,43.005,76.574,0.0075230
325,468.736,169.982,32.698,43.798,0.1019820
325,363.861,157.258,43.600,70.773,0.4035390
325,261.601,110.555,110.836,204.672,0.8874390
325,466.383,157.678,41.736,84.766,0.4350530
325,427.582,179.584,25.630,42.245,0.0496870
325,293.543,126.643,65.786,129.755,0.0347920
325,267.017,152.531,52.773,121.050,0.0238800
325,459.780,167.324,32.352,62.003,0.0151750
325,326.477,120.789,46.084,173.009,0.0103140
350,428.900,173.054,35.890,75.273,0.0285820
350,425.346,177.198,25.990,54.519,0.0106530
350,328.662,167.849,39.243,88.311,0.0050550
350,656.108,223.698,19.121,37.463,0.0298690
350,258.993,163.977,29.780,49.626,0.1530630
350,260.362,140.639,78.814,131.880,0.0092200
350,244.871,178.146,25.822,51.039,0.1334230
350,255.123,152.930,50.072,104.205,0.2093100
350,83.891,158.242,46.173,114.569,0.0118230
350,383.572,185.910,23.073,42.335,0.0159850
350,335.826,166.056,28.061,51.756,0.0264960
350,428.900,173.054,35.890,75.273,0.0488570
350,560.805,222.176,24.951,46.112,0.2842220
350,328.662,167.849,39.243,88.311,0.0368340
350,258.993,163.977,29.780,49.626,0.4118250
350,260.362,140.639,78.814,131.880,0.1321720
350,256.897,110.309,115.185,220.356,0.6378200
350,290.908,144.334,73.771,143.475,0.1970840
350,255.123,152.930,50.072,104.205,0.0369320
350,83.891,158.242,46.173,114.569,0.0222900
350,124.309,163.256,20.192,40.774,0.0095400
375,9.490,135.752,38.838,157.713,0.0253010
375,184.670,154.558,55.702,121.868,0.1383920
375,2.000,2.000,55.228,360.147,0.0074980
375,194.483,163.254,23.611,49.284,0.0777480
375,336.735,186.544,23.909,43.735,0.6524610
375,191.032,179.773,22.836,46.351,0.0548000
375,339.865,180.141,33.641,54.817,0.0172090
375,651.660,227.658,18.448,34.949,0.0120920
375,9.490,135.752,38.838,157.713,0.0410630
375,191.324,113.464,90.099,207.527,0.8017300
375,302.501,180.984,26.831,41.391,0.3916760
375,572.507,200.572,35.799,76.736,0.3101600
375,184.670,154.558,55.702,121.868,0.1003550
375,2.000,2.000,55.228,360.147,0.0236690
375,546.826,148.024,88.551,159.996,0.0179390
375,384.704,172.846,48.735,70.548,0.0137940
375,194.483,163.254,23.611,49.284,0.0134770
375,336.735,186.544,23.909,43.735,0.0078720
375,602.528,219.470,24.705,47.456,0.0075120
375,191.032,179.773,22.836,46.351,0.0068070
375,2.000,136.825,504.214,148.805,0.0055860
375,599.791,194.394,37.653,64.946,0.0054990
400,528.243,117.274,23.150,44.784,0.0583510
400,522.629,103.782,48.603,146.250,0.0124070
400,121.842,160.975,20.169,51.221,0.0097290
400,120.936,117.016,79.851,184.211,0.7513770
400,122.429,142.970,52.690,102.361,0.0239170
400,530.673,119.324,111.140,204.556,0.0206170
400,520.055,2.000,131.278,423.457,0.0145000
400,577.576,208.435,40.098,75.404,0.0133650
400,2.000,122.593,368.290,170.262,0.0084710
400,286.405,188.694,19.365,35.694,0.0066730
425,565.538,227.804,21.932,52.056,0.0082680
425,565.475,99.598,20.309,28.226,0.0332950
425,567.131,107.647,24.548,48.911,0.0199970
425,62.969,127.215,56.090,120.148,0.0055490
425,557.564,90.072,42.109,95.173,0.0352290
425,552.859,56.259,77.414,256.758,0.0279780
425,535.006,78.527,54.922,212.292,0.0090030
425,83.361,144.178,24.738,66.030,0.0067790
425,101.512,124.882,68.334,134.998,0.0483790
425,277.037,167.973,44.957,79.251,0.0537700
425,278.944,177.000,26.628,58.897,0.0229310
425,681.706,192.606,30.039,128.883,0.0117770
425,664.301,146.508,57.699,214.065,0.0055850
450,658.563,243.471,19.614,38.352,0.2929410
450,156.552,163.366,29.269,51.679,0.0061340
450,101.853,97.773,48.791,117.067,0.2142990
450,201.492,132.951,78.384,127.912,0.0207970
450,310.642,122.900,104.263,180.747,0.0065570
450,86.841,120.947,47.854,116.341,0.0158450
450,98.527,118.536,65.140,156.922,0.0073520
450,658.563,243.471,19.614,38.352,0.0197830
450,156.552,163.366,29.269,51.679,0.0066960
450,101.853,97.773,48.791,117.067,0.0228520
450,198.554,122.081,77.108,126.688,0.7773640
450,87.042,70.801,86.168,166.200,0.0072770
450,319.060,165.177,40.976,85.597,0.0917150
450,310.642,122.900,104.263,180.747,0.0415200
450,318.348,178.974,25.621,45.250,0.0187930
450,319.857,165.886,24.588,37.999,0.0123480
450,293.730,146.342,73.192,126.552,0.0118080
450,352.730,108.617,79.839,226.389,0.0104230
450,341.189,189.967,23.991,42.292,0.0088170
450,333.633,189.210,54.587,106.097,0.0071170
450,2.000,5.991,626.727,344.678,0.0063690
475,226.914,113.709,73.809,149.944,0.1385360
475,318.622,192.100,31.750,53.998,0.1650680
475,305.931,146.510,51.660,90.902,0.0486030
475,335.191,196.047,32.122,46.152,0.0199200
475,400.029,100.155,92.565,201.408,0.0189570
475,408.852,138.356,63.855,125.167,0.0692040
475,325.036,213.314,22.617,44.914,0.0276100
475,442.560,138.209,48.083,133.276,0.0082440
475,284.757,123.617,84.577,170.635,0.0064740
475,220.645,92.918,76.457,197.007,0.0068130
475,412.202,124.285,70.533,123.153,0.5800530
475,408.223,104.811,113.782,203.210,0.0585140
475,532.877,70.115,100.103,293.893,0.0105760
475,687.749,94.344,19.043,31.413,0.0097440
475,444.818,128.351,47.964,112.111,0.0069440
475,660.978,194.677,17.769,37.743,0.0050500
500,465.245,183.308,29.142,62.636,0.0088120
500,466.654,59.014,99.094,259.163,0.7104020
500,481.125,133.918,68.490,163.741,0.1404470
500,608.969,212.599,20.981,57.092,0.0330530
500,600.237,192.462,30.858,63.317,0.0256310
500,588.679,214.854,20.378,50.180,0.0189170
500,470.715,166.929,35.968,102.975,0.0154430
500,679.049,192.222,22.936,111.843,0.0153370
500,582.601,203.895,37.889,81.982,0.0137780
500,686.620,206.457,18.820,75.976,0.0122040
500,432.201,107.485,114.869,151.939,0.0105440
500,493.200,82.320,54.965,146.194,0.0075540
500,516.544,161.192,42.367,113.450,0.0072300
500,603.876,102.164,54.119,384.722,0.0062150
500,507.282,103.464,67.359,213.829,0.0057200
500,86.345,100.153,83.272,233.333,0.0056680
500,589.282,187.071,25.083,65.336,0.0054040
500,647.531,124.685,47.174,343.379,0.0050200
500,466.654,59.014,99.094,259.163,0.0114730
525,257.939,2.000,148.215,226.627,0.0309160
525,183.546,2.000,60.216,322.882,0.0079770
525,24.056,2.000,68.337,312.053,0.0127650
525,299.470,22.800,63.630,94.003,0.0054010
550,90.828,160.455,19.667,38.697,0.0076610
550,610.953,2.000,104.329,294.958,0.0136880
550,198.131,165.504,16.262,31.806,0.0125660
550,547.399,16.094,83.401,321.634,0.0056600
550,196.048,85.889,95.828,255.825,0.0162100
550,231.023,173.575,51.391,80.625,0.0155820
550,274.279,193.132,23.322,46.371,0.0081750
550,167.485,18.481,97.485,337.803,0.0053420
575,647.200,145.348,46.204,81.554,0.0078090
575,504.499,194.491,19.347,31.558,0.0077860
575,32.723,2.000,135.164,274.180,0.0056980
575,23.955,192.797,60.093,348.165,0.0193160
575,11.522,227.464,43.445,293.221,0.0099200
575,400.001,180.730,31.020,79.882,0.0076800
575,467.048,108.276,97.447,294.907,0.0072430
575,383.148,145.730,106.521,224.290,0.0067600
575,416.565,183.666,30.338,76.061,0.0063500
575,632.489,102.854,63.175,215.553,0.0062750
575,647.200,145.348,46.204,81.554,0.0387930
575,676.084,144.218,32.301,81.010,0.0087180
575,504.499,194.491,19.347,31.558,0.0053520
575,621.267,83.876,82.326,198.739,0.0125560
575,210.248,94.535,131.877,259.054,0.0095070
575,139.931,37.097,212.363,367.995,0.0070430
575,156.601,25.635,106.175,311.642,0.0068240
575,560.073,53.605,144.059,315.584,0.0064390
575,32.723,2.000,135.164,274.180,0.0057370
600,170.889,70.404,87.322,225.053,0.0463220
600,186.836,135.951,54.192,95.443,0.0296990
600,190.382,13.965,102.662,263.672,0.0255720
600,91.988,93.561,84.976,176.816,0.0179790
600,148.552,127.476,47.769,98.484,0.0144220
600,134.974,78.565,83.324,207.120,0.0134580
600,114.712,124.618,49.770,99.477,0.0108410
600,81.622,128.462,43.245,108.245,0.0055910
625,87.484,59.313,41.688,66.535,0.0300390
625,323.222,99.838,17.184,27.158,0.0182990
625,15.604,50.489,36.059,102.307,0.7585210
625,9.127,72.375,21.729,50.164,0.1074170
625,31.140,56.257,36.396,83.195,0.0219850
625,270.111,93.576,40.879,95.812,0.0087810
625,12.765,2.000,33.958,202.783,0.0079400
625,306.627,96.045,37.058,81.041,0.0076930
625,87.484,59.313,41.688,66.535,0.1531470
625,357.864,100.303,20.533,28.258,0.0078450
650,228.415,63.623,36.240,73.647,0.2614180
650,235.226,75.227,23.216,50.859,0.2469300
650,130.741,69.278,20.381,32.028,0.1246620
650,120.494,54.999,44.469,59.534,0.0195290
650,13.271,74.335,20.053,47.389,0.0067380
650,6.250,46.091,30.643,90.761,0.0163050
650,155.555,52.902,40.081,87.898,0.7533780
650,157.018,72.192,20.749,40.758,0.0879620
650,655.898,94.410,12.105,24.484,0.0261700
650,142.971,10.823,74.611,181.507,0.0073340
650,459.290,100.159,38.789,84.207,0.0068470
650,208.068,82.472,18.729,32.525,0.0054010
650,130.741,69.278,20.381,32.028,0.1384080
650,120.494,54.999,44.469,59.534,0.0051250
650,13.271,74.335,20.053,47.389,0.0241490
650,6.250,46.091,30.643,90.761,0.0235740
650,6.298,2.000,38.204,180.311,0.0054360
650,578.962,102.853,13.399,20.147,0.0050370
675,353.521,92.950,19.682,42.919,0.0756960
675,681.955,94.130,19.318,32.945,0.0263530
675,348.380,101.048,20.729,50.263,0.0187120
675,303.570,88.846,38.565,73.381,0.0818470
675,238.780,79.375,42.093,89.120,0.6519290
675,252.696,86.761,43.241,73.346,0.1925300
675,214.762,98.190,17.571,31.144,0.4607330
675,230.123,97.534,20.017,35.734,0.1050230
675,261.376,97.088,23.868,51.977,0.1619470
675,327.918,75.123,42.471,77.882,0.0330960
675,240.141,100.770,20.454,43.851,0.0869120
675,312.107,95.473,21.855,56.138,0.0696250
675,525.731,2.000,63.092,248.600,0.0127500
675,536.723,90.556,42.625,94.154,0.0089840
675,540.544,2.000,92.744,302.601,0.0088190
675,227.082,48.874,60.854,170.474,0.0084170
675,673.681,86.554,36.065,104.273,0.0076770
675,479.297,2.000,72.492,244.685,0.0069270
675,670.622,37.606,45.762,204.929,0.0068980
675,656.578,111.674,19.645,35.964,0.0061100
675,686.955,108.058,18.047,44.394,0.0056420
675,310.140,28.882,79.190,169.509,0.0050120
675,353.521,92.950,19.682,42.919,0.0107830
675,681.955,94.130,19.318,32.945,0.0086790
675,348.380,101.048,20.729,50.263,0.0129150
675,303.570,88.846,38.565,73.381,0.0144020
675,231.679,79.650,50.141,76.924,0.0315450
675,209.411,43.906,89.551,140.605,0.0062870
675,214.762,98.190,17.571,31.144,0.1005440
675,262.919,97.407,20.607,38.098,0.0408030
675,230.123,97.534,20.017,35.734,0.0379290
675,327.918,75.123,42.471,77.882,0.0180740
675,253.933,88.611,41.717,59.112,0.0054830
700,426.291,142.321,20.693,53.945,0.0146380
700,460.669,135.767,36.098,77.603,0.0101440
700,376.600,128.194,37.277,79.212,0.1395760
700,273.923,134.550,21.884,43.074,0.1772960
700,282.500,139.620,19.647,44.137,0.3782430
700,308.713,120.339,36.883,93.075,0.6342380
700,405.574,125.752,40.758,85.519,0.0055300
700,304.172,138.788,21.867,56.528,0.4233870
700,351.207,140.338,21.468,55.936,0.5606660
700,300.156,80.917,60.855,195.097,0.0102080
700,20.515,2.000,68.545,292.507,0.0126660
700,277.587,126.315,31.051,68.896,0.0078110
700,14.042,2.000,37.444,333.145,0.0070530
700,498.497,124.159,30.104,95.031,0.0053740
700,2.000,172.475,34.106,137.280,0.0053380
700,426.291,142.321,20.693,53.945,0.0115980
700,273.923,134.550,21.884,43.074,0.1426220
700,282.500,139.620,19.647,44.137,0.1217130
700,308.713,120.339,36.883,93.075,0.0138710
700,301.769,132.088,20.023,48.471,0.0789090
700,351.207,140.338,21.468,55.936,0.0230290
700,303.563,127.003,33.815,59.368,0.0121000
700,300.156,80.917,60.855,195.097,0.0059180
700,2.000,131.281,40.174,169.215,0.0057490
725,389.978,156.118,35.025,83.695,0.6407260
725,318.793,161.490,31.653,72.705,0.2977300
725,412.543,143.659,32.149,87.077,0.6521670
725,336.632,158.411,32.006,82.877,0.7652250
725,289.204,170.705,21.510,43.904,0.0070970
725,320.612,172.866,18.151,52.558,0.4475660
725,538.190,124.620,39.746,102.749,0.0181970
725,505.340,67.458,95.167,225.282,0.0126590
725,495.990,130.541,38.594,82.904,0.0102040
725,461.558,31.480,102.613,299.642,0.0087140
725,391.102,164.428,20.991,53.734,0.0086800
725,578.668,46.539,111.844,258.610,0.0077100
725,688.733,153.466,15.792,48.385,0.0071940
725,289.204,170.705,21.510,43.904,0.7797690
725,316.155,167.093,22.516,52.428,0.0250190
750,443.275,144.738,41.019,92.449,0.0287210
750,428.708,170.094,29.372,63.745,0.2832620
750,318.602,180.253,19.947,51.984,0.2221360
750,294.216,181.055,16.020,46.312,0.0073980
750,338.487,173.936,22.677,65.879,0.5740620
750,528.748,172.348,24.239,64.288,0.7481230
750,385.481,162.304,33.895,88.116,0.5415450
750,343.267,163.730,30.162,84.284,0.1717660
750,318.602,180.253,19.947,51.984,0.1711640
750,294.216,181.055,16.020,46.312,0.0159070
750,383.917,157.557,44.948,74.862,0.0072620
750,338.487,173.936,22.677,65.879,0.0053550
775,336.798,174.543,24.342,62.476,0.0733830
775,393.301,160.953,42.460,104.020,0.6934110
775,416.442,163.395,37.759,81.178,0.5855310
775,397.145,179.566,20.344,55.475,0.0132710
775,540.900,170.429,21.147,71.004,0.6132380
775,323.554,176.939,21.951,63.153,0.6001990
775,442.185,138.124,40.133,103.734,0.4818340
775,436.203,171.959,23.396,64.852,0.1427960
775,451.116,174.574,23.082,57.602,0.0122310
775,652.367,127.175,45.892,95.902,0.0092650
775,638.676,49.378,59.614,263.861,0.0069950
775,490.260,167.677,36.266,65.932,0.0060040
775,8.077,2.000,45.969,297.652,0.0054040
775,617.186,163.818,33.605,88.638,0.0050590
775,393.301,160.953,42.460,104.020,0.0091400
775,397.145,179.566,20.344,55.475,0.0116220
775,84.436,178.742,41.944,82.063,0.0056820
800,495.434,182.827,19.198,44.731,0.0280850
800,430.716,158.269,43.005,105.078,0.2771760
800,447.370,160.023,51.615,82.433,0.0432400
800,345.502,177.249,24.610,60.471,0.3048250
800,471.732,179.413,20.517,48.033,0.0502440
800,426.655,177.665,18.767,50.657,0.0260650
800,480.314,145.257,42.426,85.291,0.0136210
800,497.673,161.818,19.395,54.035,0.0128770
800,496.934,127.101,17.161,46.777,0.0074590
800,345.502,177.249,24.610,60.471,0.0309920
825,534.718,179.598,21.056,49.400,0.0473300
825,492.678,140.805,48.829,138.156,0.7288890
825,382.549,179.090,23.272,57.055,0.6125690
825,352.714,178.983,22.114,58.749,0.1451850
825,358.446,165.452,30.257,84.145,0.4150370
825,451.087,166.398,37.966,92.122,0.7794530
825,523.798,156.776,42.835,92.186,0.0642340
825,461.930,180.827,18.826,56.612,0.0312350
825,623.295,38.911,80.021,282.727,0.0230300
825,642.026,128.294,47.513,99.220,0.0140200
825,517.709,70.286,66.758,234.780,0.0130290
825,537.853,164.927,20.720,50.616,0.0092810
825,455.808,133.392,55.874,159.142,0.0073070
825,382.549,179.090,23.272,57.055,0.0186670
825,352.714,178.983,22.114,58.749,0.2775370
825,358.446,165.452,30.257,84.145,0.1823230
825,192.742,222.997,19.624,38.792,0.0070670
850,409.750,167.734,23.284,49.647,0.3536380
850,487.974,156.780,39.743,88.992,0.5832130
850,563.740,123.397,53.937,139.676,0.8445330
850,533.174,148.731,39.158,88.920,0.6270540
850,547.168,170.600,24.947,57.329,0.5335370
850,385.870,165.478,30.644,79.165,0.4935470
850,594.504,126.763,42.361,117.378,0.1066810
850,470.954,162.429,41.053,85.332,0.0424150
850,507.284,175.037,20.795,52.297,0.0354980
850,362.577,175.124,22.958,61.185,0.0189730
850,607.601,180.182,22.236,46.421,0.0132930
850,679.081,114.080,26.831,119.428,0.0086930
850,485.421,129.188,52.245,156.293,0.0076530
850,651.092,140.034,39.828,80.826,0.0068050
850,473.071,181.839,21.013,47.180,0.0058390
850,493.600,158.788,45.532,72.066,0.0122530
850,414.365,176.419,21.045,50.023,0.0104790
850,389.528,177.346,23.635,62.027,0.0051010
875,595.162,161.245,36.679,80.447,0.4108890
875,519.214,160.663,46.760,84.046,0.1630530
875,515.774,135.877,72.165,145.382,0.0081650
875,428.694,180.983,22.062,56.988,0.2522910
875,533.543,175.952,23.640,55.529,0.0810940
875,415.680,172.310,27.885,77.869,0.5558410
875,391.969,171.140,27.660,85.310,0.7009040
875,511.782,172.163,37.316,84.379,0.7635260
875,665.656,90.884,43.739,193.843,0.7272160
875,570.712,158.688,35.837,83.795,0.5981630
875,515.193,181.714,21.511,57.306,0.0221520
875,592.430,88.092,75.583,204.720,0.0176900
875,536.689,141.630,101.870,128.409,0.0159350
875,452.522,191.367,17.686,37.026,0.0083710
875,496.397,141.070,51.194,151.666,0.0061060
875,597.241,170.765,29.505,66.259,0.0390130
875,530.040,144.794,46.285,99.879,0.0161810
875,504.872,118.190,89.035,142.203,0.0092300
875,428.694,180.983,22.062,56.988,0.0425760
875,388.339,178.313,24.624,71.024,0.0292220
875,74.291,91.779,114.180,188.803,0.0089720
875,533.543,175.952,23.640,55.529,0.0082560
875,25.656,71.086,133.308,231.414,0.0076890
875,121.216,130.407,91.233,179.746,0.0067500
875,415.680,172.310,27.885,77.869,0.0066720
900,607.193,167.784,41.065,72.666,0.2259950
900,617.305,167.795,24.934,54.312,0.0283410
900,438.382,170.050,16.547,45.140,0.0063350
900,528.049,162.321,43.521,88.989,0.4713860
900,558.379,131.038,80.073,159.696,0.0131780
900,429.573,182.080,23.992,60.427,0.2224240
900,450.612,184.947,20.023,47.620,0.5283920
900,415.362,170.085,30.406,87.660,0.7582380
900,392.478,172.380,28.382,92.419,0.6916260
900,574.698,157.919,43.983,87.140,0.5911680
900,586.099,172.463,24.622,62.724,0.0757400
900,542.730,175.673,21.487,56.657,0.0184220
900,503.087,169.092,40.927,83.993,0.0108080
900,595.395,127.341,64.332,172.186,0.0093020
900,402.487,160.119,62.765,126.961,0.0080210
900,640.701,169.769,39.110,74.727,0.0073480
900,380.050,116.522,51.321,207.604,0.0061020
900,607.193,167.784,41.065,72.666,0.3238370
900,528.049,162.321,43.521,88.989,0.0118490
900,548.151,100.867,85.341,181.251,0.0058600
900,390.416,183.985,22.606,71.959,0.0101730
900,429.573,182.080,23.992,60.427,0.0072990
900,450.612,184.947,20.023,47.620,0.0050770
925,604.007,162.579,47.539,81.160,0.2539290
925,532.970,157.791,42.068,84.526,0.5161100
925,587.355,90.163,78.314,195.007,0.0064360
925,559.255,94.800,78.137,218.087,0.0143730
925,508.852,157.502,40.423,103.799,0.8167690
925,616.921,181.853,21.757,51.304,0.0863700
925,356.156,166.385,35.060,87.677,0.8466840
925,381.701,165.234,38.927,99.644,0.7621240
925,577.954,154.487,42.489,88.700,0.6283430
925,431.709,180.717,22.598,47.735,0.5563030
925,422.411,173.783,29.264,68.137,0.1640590
925,356.630,180.327,23.898,58.888,0.1184200
925,541.214,170.386,22.293,61.767,0.0444020
925,635.424,161.866,44.745,87.304,0.0416950
925,582.194,171.869,21.465,58.962,0.0236140
925,393.549,186.283,22.669,58.477,0.0175350
925,79.813,215.731,40.205,82.378,0.0148440
925,91.418,2.000,69.079,391.619,0.0115600
925,48.705,2.000,86.515,361.566,0.0089150
925,430.421,171.814,17.195,44.604,0.0085830
925,627.354,109.607,70.951,210.499,0.0074330
925,348.204,143.326,48.423,149.021,0.0071220
925,416.299,162.879,28.076,63.647,0.0064120
925,519.760,2.000,128.101,384.798,0.0058870
925,429.997,419.281,16.926,30.485,0.0055370
925,10.439,2.000,91.002,315.306,0.0054530
925,604.007,162.579,47.539,81.160,0.0060160
925,557.307,91.225,72.268,198.004,0.0052300
925,587.355,90.163,78.314,195.007,0.0064060
925,508.852,157.502,40.423,103.799,0.0060100
925,616.921,181.853,21.757,51.304,0.0051050
950,467.029,158.931,44.143,99.659,0.8241930
950,329.153,152.818,41.758,113.989,0.7533300
950,391.099,175.379,22.434,52.571,0.6353990
950,504.169,156.749,39.274,85.732,0.6328410
950,545.675,150.848,34.212,93.944,0.5883310
950,302.316,155.401,40.271,104.975,0.5880570
950,575.909,153.184,39.533,94.429,0.5590270
950,378.174,155.567,32.341,77.285,0.0191190
950,597.575,160.241,31.138,83.540,0.0160260
950,504.524,172.939,22.543,57.862,0.0158380
950,309.934,180.476,19.712,54.446,0.0135210
950,284.890,159.392,31.049,99.299,0.0108990
950,563.091,109.794,49.277,200.432,0.0070280
950,26.568,2.000,62.859,307.575,0.0063640
950,40.686,2.000,100.026,289.820,0.0054780
950,470.330,182.629,21.299,51.249,0.0054430
950,531.569,101.426,54.899,182.052,0.0053400
950,657.579,169.310,30.294,81.300,0.0050980
950,11.688,128.917,83.711,168.541,0.0124710
975,321.940,161.178,23.502,59.091,0.0634080
975,558.766,177.523,37.532,81.322,0.7725960
975,621.882,94.353,95.427,258.265,0.0169270
975,253.170,159.223,47.467,132.111,0.8317880
975,468.655,160.637,41.269,103.232,0.7682840
975,340.403,181.689,25.073,63.231,0.7572010
975,410.831,169.395,45.200,106.530,0.7284850
975,211.033,156.913,50.071,129.689,0.6806710
975,531.870,163.428,39.703,107.976,0.5335580
975,505.412,163.667,34.605,98.706,0.4931010
975,312.408,149.762,39.301,107.698,0.4492560
975,425.755,190.319,22.508,55.599,0.0128880
975,650.517,171.984,38.219,97.195,0.0127760
975,227.660,188.794,18.858,57.337,0.0107740
975,541.766,180.471,21.941,71.542,0.0107180
975,523.241,130.201,61.864,180.512,0.0103310
975,465.462,179.534,23.726,62.311,0.0095580
975,386.612,168.463,43.218,94.486,0.0085270
975,298.531,136.949,66.128,163.964,0.0075890
975,213.396,191.998,23.215,60.931,0.0071550
975,224.683,153.138,54.682,164.436,0.0071180
975,276.940,187.542,20.961,58.352,0.0070190
975,558.766,177.523,37.532,81.322,0.0097590
975,621.882,94.353,95.427,258.265,0.0055940
1000,683.170,154.149,23.160,51.864,0.0166130
1000,678.344,146.130,30.943,127.153,0.0205050
1000,559.146,151.047,59.246,126.358,0.1235200
1000,478.493,162.590,49.212,111.060,0.5970010
1000,277.355,174.951,38.734,86.068,0.4152760
1000,398.647,173.600,20.915,36.870,0.0103200
1000,347.501,181.933,29.002,69.767,0.7995710
1000,408.763,169.459,46.352,116.883,0.7896370
1000,215.928,138.224,61.179,173.379,0.7260990
1000,172.591,132.253,57.143,164.908,0.7248340
1000,306.480,153.900,38.078,96.461,0.2569410
1000,323.368,164.401,21.128,51.135,0.0832550
1000,318.231,181.115,25.258,50.218,0.0682340
1000,593.774,146.898,48.766,119.990,0.0214930
1000,253.163,116.385,62.989,216.375,0.0204370
1000,166.589,146.469,41.667,129.584,0.0166270
1000,537.118,150.051,41.819,120.220,0.0145980
1000,581.218,110.614,81.530,204.795,0.0094500
1000,497.009,103.869,126.165,170.395,0.0091050
1000,285.822,132.658,86.934,161.565,0.0084120
1000,117.046,169.937,32.958,99.578,0.0074920
1000,472.559,183.786,23.373,57.010,0.0074820
1000,647.492,170.823,42.255,82.865,0.0069340
1000,678.344,146.130,30.943,127.153,0.0070770
1000,277.355,174.951,38.734,86.068,0.2975480
1000,401.819,142.319,67.547,154.459,0.0165250
1000,398.647,173.600,20.915,36.870,0.0161830
1000,393.162,178.769,24.747,47.417,0.0076120
1025,308.023,188.301,21.402,47.055,0.5580800
1025,320.621,168.017,19.472,46.418,0.0080160
1025,213.572,176.976,40.735,92.547,0.7032210
1025,258.167,130.866,58.550,190.921,0.0112790
1025,425.990,167.155,46.423,122.403,0.8144370
1025,635.606,128.376,64.195,174.427,0.7947540
1025,358.724,175.528,30.358,75.119,0.7944560
1025,505.754,156.129,46.038,119.731,0.7702740
1025,140.933,128.059,81.709,206.165,0.7442040
1025,572.648,162.089,40.297,104.791,0.6126490
1025,535.152,152.372,39.106,113.044,0.5255530
1025,91.893,122.010,82.415,214.627,0.4162560
1025,300.358,163.961,38.648,81.166,0.1611250
1025,70.227,86.523,76.889,272.333,0.1502490
1025,187.782,147.907,48.767,148.430,0.0947420
1025,83.470,184.765,52.982,118.447,0.0836700
1025,611.211,151.133,47.585,129.073,0.0645360
1025,99.088,161.994,50.638,156.806,0.0599920
1025,579.566,179.470,23.297,69.127,0.0450830
1025,676.930,143.468,32.565,125.926,0.0291960
1025,222.956,158.599,47.344,137.618,0.0214850
1025,547.845,177.390,24.578,67.924,0.0197020
1025,559.149,142.950,72.063,147.550,0.0186560
1025,668.149,100.751,52.138,224.365,0.0162080
1025,278.331,190.540,24.709,51.973,0.0138390
1025,455.318,166.352,38.484,107.321,0.0129880
1025,225.470,183.351,25.862,60.829,0.0119350
1025,291.242,103.523,69.976,218.367,0.0109650
1025,581.268,76.149,99.577,234.812,0.0104420
1025,685.660,150.627,23.164,59.427,0.0081150
1025,268.258,172.055,48.971,96.767,0.4599460
1025,213.572,176.976,40.735,92.547,0.0101710
1025,258.167,130.866,58.550,190.921,0.0056910
1025,414.828,139.037,59.497,166.397,0.0089990
1050,8.231,102.118,28.382,168.159,0.1011920
1050,193.607,190.251,20.354,43.123,0.1204110
1050,273.459,136.987,44.053,112.981,0.1351150
1050,166.729,188.052,21.878,50.615,0.0270090
1050,11.226,26.646,29.842,306.053,0.0360890
1050,334.370,171.813,27.911,81.010,0.8631440
1050,400.479,162.227,46.333,129.458,0.8154250
1050,157.097,161.066,41.296,115.817,0.7952650
1050,537.555,141.224,43.942,145.115,0.7152850
1050,494.418,141.487,46.229,145.943,0.6854380
1050,615.947,145.140,41.592,129.122,0.4081930
1050,466.148,155.791,38.360,116.176,0.0519260
1050,635.488,95.426,58.779,243.472,0.0481230
1050,638.918,151.508,49.708,123.612,0.0477550
1050,603.946,119.258,67.431,195.277,0.0448720
1050,237.740,186.281,21.170,46.262,0.0266170
1050,281.218,156.831,24.879,59.964,0.0248000
1050,564.145,146.007,38.423,130.698,0.0196830
1050,193.810,179.169,37.630,81.896,0.0164230
1050,309.545,153.735,38.726,96.810,0.0153200
1050,615.936,171.730,24.044,73.631,0.0129760
1050,517.831,82.362,71.462,217.504,0.0110180
1050,269.074,181.769,24.851,48.409,0.0057480
1050,540.815,112.478,85.293,150.992,0.0052790
1050,256.679,136.494,55.079,131.205,0.0906100
1050,220.222,156.145,52.763,117.908,0.6800680
1050,193.607,190.251,20.354,43.123,0.1185120
1050,166.729,188.052,21.878,50.615,0.0133140
1050,60.709,52.138,369.148,335.841,0.0085700
1050,162.829,175.580,17.542,35.727,0.0058920
1050,11.226,26.646,29.842,306.053,0.0058120
1075,230.126,185.668,20.290,50.019,0.4116160
1075,257.258,138.765,14.780,32.645,0.0091630
1075,111.070,173.738,50.617,107.636,0.5761180
1075,200.481,188.979,24.840,55.512,0.5525460
1075,190.118,175.201,34.790,91.354,0.0184160
1075,141.809,148.512,61.247,152.744,0.3161580
1075,479.842,134.123,55.384,166.482,0.8615860
1075,361.872,160.440,56.980,154.552,0.8330780
1075,640.087,134.820,52.901,170.353,0.8299180
1075,323.640,172.508,31.802,86.837,0.8210070
1075,529.248,121.493,68.578,184.153,0.7741490
1075,246.115,155.895,22.138,60.126,0.1021780
1075,118.641,184.872,25.746,71.696,0.0648080
1075,605.541,125.959,54.449,168.164,0.0428090
1075,553.436,155.536,50.148,118.865,0.0301090
1075,239.445,166.843,32.970,89.813,0.0290790
1075,461.098,137.938,48.379,153.654,0.0240700
1075,167.120,191.569,20.195,53.462,0.0189620
1075,681.066,150.949,30.067,126.950,0.0121470
1075,161.588,208.795,20.374,56.140,0.0120980
1075,127.771,199.717,25.633,73.923,0.0101920
1075,338.723,171.616,39.477,95.840,0.0099470
1075,401.793,119.990,64.440,207.269,0.0097890
1075,261.433,154.822,36.885,100.992,0.0097380
1075,225.769,145.201,60.749,152.833,0.0066240
1075,303.537,140.880,51.022,168.756,0.0052960
1075,198.306,208.903,20.520,50.604,0.0051410
1075,128.419,132.367,87.255,205.309,0.6141320
1075,112.392,143.481,68.067,163.003,0.0186780
1100,7.912,147.876,49.306,150.521,0.0113730
1100,2.013,71.804,72.458,306.387,0.0603320
1100,154.498,201.952,17.196,32.162,0.4827630
1100,134.921,199.960,19.491,39.774,0.0869440
1100,201.584,197.946,25.014,50.885,0.3415710
1100,351.645,149.787,67.507,180.566,0.4192470
1100,103.677,181.690,45.121,91.786,0.7785270
1100,54.192,92.669,74.254,259.826,0.0489170
1100,19.720,134.276,74.199,191.191,0.0080010
1100,604.346,114.057,68.836,209.431,0.7939770
1100,516.431,127.067,67.875,188.306,0.7801110
1100,558.849,104.092,57.144,233.048,0.7178560
1100,83.218,176.561,51.731,120.254,0.5408000
1100,635.731,101.361,56.936,236.616,0.4155260
1100,247.543,141.979,23.219,62.381,0.1946430
1100,668.618,75.437,49.974,286.778,0.1174450
1100,254.924,136.843,17.537,36.949,0.0561800
1100,677.343,142.516,35.940,142.370,0.0549140
1100,80.977,122.277,84.780,203.874,0.0447520
1100,480.995,123.880,81.740,199.893,0.0364470
1100,497.585,138.828,47.556,142.977,0.0231420
1100,261.879,156.556,21.511,52.520,0.0132360
1100,440.394,142.222,69.355,162.798,0.0088010
1100,262.899,161.080,39.546,88.014,0.0083010
1100,95.812,207.869,23.258,59.221,0.0070740
1100,126.332,212.117,20.629,47.459,0.0068940
1100,94.734,191.342,20.005,52.512,0.0060290
1100,277.260,192.072,19.704,37.573,0.0058170
1100,545.277,256.196,18.217,41.481,0.0053130
1100,7.912,147.876,49.306,150.521,0.0173370
1100,10.111,143.612,81.874,196.512,0.8084200
1100,54.192,92.669,74.254,259.826,0.0090630
1100,2.000,134.724,118.966,352.692,0.0150610
1100,7.201,2.000,60.991,404.203,0.0086310
1125,341.930,151.348,55.922,183.709,0.2370370
1125,164.204,203.221,19.946,36.891,0.4931360
1125,363.010,156.371,54.591,163.621,0.4751420
1125,60.738,165.626,57.756,144.627,0.8509120
1125,311.860,35.900,101.145,313.550,0.0057720
1125,629.549,59.664,75.616,307.880,0.8929410
1125,542.746,152.524,46.468,137.059,0.8001700
1125,207.117,196.723,27.794,59.515,0.7789500
1125,588.264,94.815,76.670,257.944,0.6961910
1125,554.812,115.866,76.090,214.254,0.3038110
1125,387.815,181.245,22.831,61.545,0.2904800
1125,112.190,175.080,36.958,84.992,0.0673520
1125,665.771,56.824,52.783,312.091,0.0549930
1125,258.100,130.130,43.191,116.057,0.0506260
1125,260.952,138.546,17.204,30.221,0.0289320
1125,125.890,192.571,21.172,49.139,0.0269360
1125,265.549,150.599,22.869,60.571,0.0242950
1125,552.223,183.680,21.474,60.346,0.0113030
1125,280.047,190.441,24.557,45.855,0.0107790
1125,685.190,128.342,31.088,162.512,0.0101310
1125,640.373,110.763,64.896,149.383,0.0091980
1125,283.687,169.724,103.795,107.283,0.0078650
1125,387.538,215.461,21.416,47.565,0.0073370
1125,255.460,133.958,70.721,172.767,0.0068220
1125,519.191,26.715,76.428,333.262,0.0066250
1125,387.906,125.578,94.312,201.271,0.0063110
1125,697.130,182.749,19.781,51.168,0.0050730
1125,311.860,35.900,101.145,313.550,0.0057080
1150,318.123,193.794,22.241,43.470,0.2992630
1150,287.180,125.303,24.813,43.145,0.4196910
1150,623.296,181.628,21.310,62.372,0.0422990
1150,133.630,199.005,20.157,37.011,0.0164870
1150,39.104,128.018,86.023,213.879,0.7766420
1150,372.284,153.773,68.746,177.603,0.7555110
1150,43.510,164.586,58.141,142.085,0.1437540
1150,348.756,109.070,115.565,239.766,0.4251600
1150,231.580,193.866,26.122,50.094,0.5243970
1150,198.804,198.270,19.296,37.468,0.5293020
1150,222.148,153.389,57.187,133.359,0.0097020
1150,273.984,109.315,39.885,143.429,0.0796870
1150,315.100,173.998,32.427,71.206,0.0211340
1150,282.654,112.665,32.562,77.299,0.0186900
1150,2.000,121.052,71.346,209.608,0.0140950
1150,612.501,172.340,36.807,100.579,0.0080030
1150,318.560,162.354,117.973,128.743,0.0063080
1150,228.549,108.914,119.068,210.850,0.0061880
1150,514.367,169.401,19.528,39.531,0.0060730
1150,270.582,146.980,26.718,60.157,0.0054930
1150,198.804,198.270,19.296,37.468,0.0097380
1150,222.148,153.389,57.187,133.359,0.0054350
1175,315.929,110.086,26.223,52.391,0.2699010
1175,309.429,196.576,20.228,36.991,0.0185760
1175,317.958,102.516,32.202,92.103,0.0798050
1175,5.628,101.597,58.664,250.044,0.7541690
1175,349.027,188.070,21.499,52.434,0.6739710
1175,56.762,189.955,16.354,39.909,0.0125960
1175,234.793,190.647,41.984,55.099,0.0088630
1175,402.199,133.869,85.584,219.474,0.7876250
1175,236.629,191.916,22.484,40.306,0.3348550
1175,255.378,175.822,36.493,67.300,0.6134760
1175,255.305,122.197,47.908,117.611,0.0069310
1175,577.818,143.977,40.253,122.704,0.7706810
1175,643.298,154.389,37.529,99.057,0.3578880
1175,582.844,156.218,27.457,69.340,0.1380030
1175,648.999,157.300,26.859,60.406,0.1121960
1175,599.822,149.437,46.472,110.848,0.0874560
1175,353.996,179.858,29.857,63.778,0.0748910
1175,612.390,170.323,26.692,68.731,0.0363920
1175,605.430,155.141,30.554,63.042,0.0363390
1175,216.512,195.905,19.627,36.967,0.0346540
1175,307.030,100.397,47.450,148.271,0.0340760
1175,6.413,128.024,41.492,126.990,0.0239830
1175,25.938,138.301,45.393,165.398,0.0203500
1175,562.306,96.046,62.108,282.292,0.0198280
1175,442.039,155.266,45.515,176.443,0.0191540
1175,261.952,137.228,50.758,158.949,0.0164130
1175,637.863,97.520,55.612,253.124,0.0155040
1175,40.035,52.665,94.817,348.909,0.0073590
1175,270.236,36.563,106.835,355.153,0.0061940
1175,540.679,152.911,36.058,121.540,0.0054680
1175,4.849,138.643,49.747,166.634,0.0195950
1175,134.451,192.960,17.964,38.526,0.0164040
1175,255.305,122.197,47.908,117.611,0.0097370
1175,167.554,193.401,20.608,39.466,0.0052560
1200,690.448,142.817,18.287,64.437,0.0255040
1200,680.645,129.204,31.863,113.745,0.0456540
1200,350.953,87.273,26.066,35.527,0.3288720
1200,11.778,139.048,40.103,98.656,0.2634260
1200,14.115,150.136,20.416,58.263,0.0939630
1200,252.599,178.266,23.907,43.275,0.0627130
1200,274.718,171.978,33.473,67.789,0.3484610
1200,459.262,90.873,79.159,289.107,0.8420240
1200,389.816,169.948,21.997,58.497,0.7366900
1200,381.948,166.304,23.032,55.822,0.3429030
1200,298.496,176.344,23.148,51.689,0.0814400
1200,462.307,141.270,51.962,164.247,0.0542720
1200,74.027,147.997,26.196,50.916,0.0462740
1200,340.477,74.232,39.295,71.487,0.0332950
1200,684.418,88.821,33.626,245.049,0.0312300
1200,291.198,163.534,36.174,77.676,0.0276930
1200,561.754,76.749,132.437,274.300,0.0174250
1200,610.102,128.487,51.294,126.122,0.0121640
1200,32.282,137.190,39.905,102.443,0.0086850
1200,305.284,170.291,20.789,43.666,0.0073320
1200,353.662,57.940,36.031,138.020,0.0070350
1200,356.259,182.545,18.551,43.591,0.0060750
1200,269.410,174.203,19.905,39.245,0.0052470
1200,510.961,105.755,64.578,240.695,0.0051740
1200,9.972,132.540,39.700,138.542,0.2057300
1200,26.138,148.058,45.158,108.901,0.0180690
1200,192.277,184.580,23.163,37.631,0.0064840
1225,391.187,170.731,21.126,44.750,0.3037480
1225,399.328,176.941,18.546,47.955,0.0549650
1225,375.706,79.895,20.560,40.402,0.0578660
1225,415.285,178.624,18.875,50.058,0.5994490
1225,300.014,166.620,34.912,81.866,0.3703420
1225,475.523,58.153,100.700,357.760,0.8194410
1225,271.672,180.645,32.925,62.802,0.0123410
1225,272.189,183.271,19.348,42.293,0.4709010
1225,10.604,141.498,36.680,130.249,0.1466250
1225,293.978,119.484,64.352,204.346,0.0093390
1225,10.082,57.468,42.832,256.357,0.0471380
1225,311.444,180.464,21.543,56.296,0.2932380
1225,365.487,65.870,42.939,82.353,0.0762570
1225,488.680,137.299,61.160,176.813,0.0379140
1225,412.617,170.630,32.554,68.001,0.0216170
1225,591.370,95.578,80.233,249.257,0.0214320
1225,240.900,162.938,20.374,49.947,0.0142660
1225,339.945,167.637,19.124,46.900,0.0135470
1225,520.589,138.058,57.347,175.622,0.0133530
1225,418.838,78.574,47.523,269.691,0.0109920
1225,630.808,83.332,64.800,259.349,0.0102300
1225,252.275,183.245,20.315,37.162,0.0101030
1225,650.244,134.413,31.972,90.652,0.0071240
1225,226.123,128.877,18.963,42.073,0.0068130
1225,541.812,127.681,85.311,194.200,0.0063270
1225,364.894,47.625,71.670,277.656,0.0060640
1225,611.695,157.900,43.318,107.500,0.0059020
1225,391.187,170.731,21.126,44.750,0.0208920
1225,399.328,176.941,18.546,47.955,0.0252000
1225,479.672,64.731,96.934,332.607,0.0108140
1225,200.278,187.356,21.610,34.463,0.0692170
1225,134.244,182.755,20.343,36.008,0.0161140
1225,193.992,179.136,40.186,53.434,0.0113300
1225,209.256,163.369,25.810,52.465,0.0097080
1225,10.533,120.628,39.481,178.769,0.0072580
1225,293.978,119.484,64.352,204.346,0.0067680
1250,284.009,184.875,27.346,43.726,0.4331310
1250,337.335,180.817,26.863,62.812,0.1409300
1250,382.186,179.266,23.651,50.276,0.3114040
1250,533.861,43.860,102.671,413.686,0.8431840
1250,421.771,63.707,13.929,23.961,0.0076120
1250,165.019,187.527,24.140,44.857,0.7723080
1250,455.225,176.041,21.445,54.560,0.6599690
1250,308.468,193.970,18.089,41.061,0.5930200
1250,574.090,105.926,88.855,287.565,0.0560120
1250,311.385,182.782,35.089,71.400,0.0147370
1250,632.030,159.469,61.961,189.158,0.0114570
1250,457.795,136.839,48.486,161.663,0.0107900
1250,544.143,213.056,82.383,195.114,0.0075140
1250,15.352,145.734,29.529,141.275,0.0074340
1250,407.039,43.617,50.424,69.176,0.0072700
1250,309.628,173.545,19.770,42.408,0.0072670
1250,477.196,19.006,97.189,450.868,0.0050260
1250,619.448,220.163,20.055,45.862,0.0071010
1250,284.009,184.875,27.346,43.726,0.0162430
1250,239.296,169.344,35.523,43.372,0.0455070
1250,382.186,179.266,23.651,50.276,0.0091350
1250,529.974,37.108,119.225,390.566,0.1161860
1250,234.326,189.584,28.383,36.394,0.0596620
1250,204.275,188.284,27.316,36.086,0.0064000
1275,480.772,173.929,20.425,38.215,0.3244560
1275,370.843,167.307,39.877,97.503,0.5574530
1275,200.200,188.185,22.696,46.479,0.7465900
1275,297.664,182.004,28.622,50.376,0.0708200
1275,606.712,38.706,99.195,438.077,0.8274600
1275,506.986,170.161,30.262,74.794,0.7608810
1275,343.349,192.978,17.241,40.851,0.5568030
1275,462.198,26.341,50.238,70.928,0.0741630
1275,633.591,209.386,75.068,281.569,0.0661530
1275,382.160,181.777,21.643,59.148,0.0329160
1275,421.798,165.121,21.667,49.537,0.0306110
1275,470.164,53.140,17.031,24.598,0.0228520
1275,408.806,156.252,34.003,95.116,0.0208440
1275,617.759,2.000,91.759,301.558,0.0179080
1275,618.341,155.174,37.144,126.677,0.0136580
1275,474.929,168.226,32.813,77.427,0.0114420
1275,461.601,9.348,41.600,56.079,0.0088760
1275,649.982,56.676,49.508,109.956,0.0085490
1275,671.673,45.380,41.916,114.020,0.0080650
1275,644.284,277.169,60.399,155.550,0.0062310
1275,441.471,2.000,83.491,237.330,0.0056380
1275,476.852,29.286,13.201,21.467,0.0054120
1275,602.676,5.239,109.198,451.536,0.0827580
1275,275.838,166.848,31.756,50.932,0.0165170
1275,297.664,182.004,28.622,50.376,0.7139360
1275,263.968,187.631,28.229,44.923,0.0601720
1275,120.380,2.000,98.450,248.277,0.0200760
1275,240.004,187.577,28.311,42.035,0.0106030
1275,379.469,163.645,49.086,117.347,0.0084270
1300,231.719,186.693,20.767,48.748,0.6740850
1300,403.465,153.383,44.135,116.250,0.7862360
1300,375.797,189.225,19.241,44.324,0.6480760
1300,496.090,168.906,26.567,64.249,0.3458370
1300,562.399,163.334,32.111,81.681,0.3217220
1300,367.473,191.487,20.585,40.650,0.1889360
1300,462.118,176.882,23.442,52.052,0.0803070
1300,538.031,163.477,42.809,76.284,0.0256690
1300,381.750,168.187,35.044,82.629,0.0133770
1300,562.364,89.417,51.079,250.988,0.0093600
1300,416.048,134.763,41.937,171.449,0.0091130
1300,166.761,2.000,81.423,195.125,0.0057310
1300,299.515,172.988,35.775,64.921,0.2169120
1300,271.087,183.938,28.027,45.058,0.0178590
1300,159.435,167.339,38.226,91.886,0.0075670
1325,262.955,192.142,24.621,53.060,0.3499120
1325,441.759,161.172,42.804,121.782,0.8410600
1325,398.956,198.521,18.735,47.672,0.6312140
1325,253.712,197.272,20.716,49.515,0.5343540
1325,607.936,163.414,22.586,40.915,0.3843640
1325,552.032,170.036,25.743,43.897,0.0370320
1325,513.438,184.055,19.514,48.048,0.0282720
1325,389.689,182.515,31.453,74.135,0.0225270
1325,603.665,152.582,33.680,66.701,0.0158970
1325,581.087,164.071,23.939,46.723,0.0148650
1325,568.620,155.057,45.108,93.283,0.0119670
1325,571.347,169.537,26.480,59.602,0.0094140
1325,593.878,122.454,66.604,185.000,0.0077740
1325,560.138,137.014,74.242,150.656,0.0068150
1325,658.407,155.794,19.844,45.651,0.0056500
1325,628.529,33.413,64.793,360.236,0.0054030
1325,546.020,172.231,37.669,71.435,0.0051690
1325,456.440,155.609,39.958,162.216,0.0050550
1325,316.176,190.744,29.496,52.578,0.2390310
1325,262.955,192.142,24.621,53.060,0.0519570
1350,603.682,167.760,26.570,48.894,0.1239500
1350,589.610,164.804,28.046,69.329,0.3623670
1350,524.772,180.204,24.202,58.630,0.0697920
1350,635.857,151.586,49.043,108.423,0.7905500
1350,631.919,108.804,65.329,219.988,0.0845870
1350,316.705,192.807,26.308,55.125,0.0706360
1350,463.338,115.890,52.092,213.758,0.0775890
1350,341.131,143.224,39.002,96.110,0.0170320
1350,279.088,195.281,23.258,55.833,0.6708140
1350,479.838,153.643,51.046,142.934,0.7664180
1350,417.310,199.113,19.354,49.087,0.6144150
1350,599.737,158.074,39.545,87.564,0.2904500
1350,473.214,179.516,37.559,110.431,0.1073460
1350,659.344,163.460,25.223,50.744,0.0338140
1350,649.345,176.845,25.927,53.606,0.0170310
1350,595.997,131.824,80.005,159.200,0.0156360
1350,403.117,198.863,18.681,49.060,0.0144720
1350,348.238,124.095,20.556,42.722,0.0134190
1350,415.651,182.081,28.948,77.548,0.0114970
1350,472.443,188.268,21.857,63.210,0.0095920
1350,550.177,109.198,88.238,218.885,0.0077730
1350,676.215,152.401,32.598,101.810,0.0059010
1350,316.705,192.807,26.308,55.125,0.6551000
1350,463.338,115.890,52.092,213.758,0.0053720
1350,47.894,123.520,81.595,261.395,0.1120530
1350,331.837,165.506,37.744,80.625,0.0209340
1350,14.854,29.394,98.373,387.805,0.0075560
1350,73.020,198.664,48.143,107.906,0.0070050
1375,627.736,154.178,22.466,56.425,0.0257430
1375,656.977,140.573,32.195,101.941,0.4355000
1375,300.132,185.228,27.307,53.286,0.5509120
1375,345.659,149.923,41.237,84.617,0.0448050
1375,484.584,181.764,25.295,47.227,0.6823350
1375,339.249,181.625,29.447,55.123,0.0155470
1375,677.423,142.130,30.511,122.214,0.8067520
1375,423.807,190.231,19.953,39.099,0.7076730
1375,284.160,186.337,22.592,55.071,0.6269060
1375,540.319,134.398,54.381,152.707,0.6265450
1375,609.850,143.502,39.032,111.577,0.0236860
1375,685.503,154.218,23.487,73.300,0.0212170
1375,679.756,111.102,42.244,196.971,0.0211700
1375,617.143,173.978,20.053,49.868,0.0175040
1375,515.274,90.399,95.542,205.676,0.0174650
1375,638.299,126.273,77.927,161.730,0.0140610
1375,416.634,171.115,38.996,66.925,0.0100820
1375,355.084,118.023,19.977,42.213,0.0096920
1375,7.577,163.732,45.187,250.623,0.0069030
1375,396.463,185.713,21.936,43.474,0.0054410
1375,546.110,147.916,40.075,94.255,0.0050660
1375,300.132,185.228,27.307,53.286,0.0117190
1375,339.763,171.308,42.485,64.350,0.1508410
1375,484.584,181.764,25.295,47.227,0.0116470
1400,650.619,147.974,25.807,58.355,0.3026290
1400,450.153,178.881,29.086,60.369,0.0811890
1400,413.783,172.655,33.448,72.509,0.0788410
1400,276.389,185.840,22.912,54.590,0.3276990
1400,414.737,188.699,21.741,50.447,0.7646210
1400,338.466,146.966,35.921,89.309,0.0260570
1400,592.253,107.449,54.691,214.883,0.7853690
1400,581.076,142.669,36.553,150.412,0.3943210
1400,648.447,134.437,41.849,138.355,0.2031920
1400,574.701,175.997,22.187,64.262,0.0541630
1400,571.393,164.667,20.724,47.655,0.0297510
1400,394.386,185.644,21.219,47.516,0.0258700
1400,679.222,144.452,36.537,125.685,0.0157820
1400,204.513,87.661,14.358,26.214,0.0146590
1400,676.235,91.249,44.301,249.459,0.0142860
1400,649.159,174.457,20.627,53.343,0.0141740
1400,549.801,181.214,20.328,50.239,0.0081460
1400,381.008,164.237,22.231,57.173,0.0066340
1400,694.159,178.907,20.177,59.394,0.0057130
1400,378.874,146.121,35.196,90.921,0.0053520
1400,449.259,174.554,32.436,66.704,0.1664810
1400,270.270,177.245,33.184,66.175,0.0439690
1400,315.478,178.712,27.750,59.984,0.0748450
1400,340.910,172.840,34.049,65.011,0.0646650
1400,197.556,40.994,105.365,211.197,0.0134300
1400,144.470,2.000,69.829,229.382,0.0051220
1425,436.692,188.794,27.665,52.312,0.0848050
1425,258.772,194.550,25.729,53.226,0.3622030
1425,530.763,190.527,22.925,48.634,0.0407470
1425,527.141,175.850,37.663,73.529,0.0056670
1425,337.505,185.345,27.814,58.081,0.0268300
1425,649.275,101.041,62.845,226.943,0.8847750
1425,305.026,190.947,25.849,59.094,0.7774670
1425,347.531,154.638,41.052,78.535,0.0170100
1425,580.986,193.009,20.469,45.302,0.0100070
1425,602.750,123.970,72.138,184.118,0.0093490
1425,432.040,181.785,37.093,70.629,0.0447560
1425,445.644,182.578,35.162,65.956,0.0075670
1425,258.772,194.550,25.729,53.226,0.3040640
1425,337.210,171.082,35.742,71.620,0.1665090
1450,580.495,192.644,31.707,50.795,0.2118400
1450,538.666,154.078,97.428,138.517,0.0082890
1450,546.979,194.861,31.202,57.904,0.0573640
1450,465.331,190.688,28.633,60.178,0.7523660
1450,563.611,96.312,121.231,178.072,0.0081980
1450,241.291,2.162,106.760,284.322,0.0103400
1450,259.432,2.000,61.164,226.351,0.0213790
1450,287.034,203.101,23.031,55.055,0.8437960
1450,493.404,201.332,21.456,50.142,0.8079240
1450,380.963,192.542,37.066,72.997,0.7696310
1450,417.872,160.747,39.714,117.018,0.0677250
1450,647.700,170.843,41.847,81.857,0.0414170
1450,603.864,195.154,23.334,45.729,0.0164340
1450,596.648,170.535,46.893,82.469,0.0120160
1450,656.224,191.407,20.006,47.501,0.0107750
1450,623.216,69.263,80.225,301.002,0.0099020
1450,426.643,99.188,15.764,24.473,0.0075590
1450,220.579,2.000,51.783,257.527,0.0050450
1450,580.495,192.644,31.707,50.795,0.2049880
1450,538.666,154.078,97.428,138.517,0.0076140
1450,461.802,186.326,35.771,67.820,0.1804640
1450,546.979,194.861,31.202,57.904,0.1452990
1450,307.356,201.272,24.577,47.772,0.0351890
1450,301.009,183.699,41.655,73.317,0.0208800
1450,512.027,139.196,74.344,175.033,0.0118450
1450,563.611,96.312,121.231,178.072,0.0108900
1450,379.750,199.829,33.776,69.342,0.0098910
1450,241.291,2.162,106.760,284.322,0.0067300
1450,259.432,2.000,61.164,226.351,0.0064300
1450,288.095,129.996,69.948,184.578,0.0056160
1475,489.693,168.542,37.368,84.158,0.3145420
1475,648.656,184.358,30.898,52.961,0.0077240
1475,383.106,196.228,19.343,40.103,0.0233140
1475,578.008,191.954,21.984,50.443,0.6242770
1475,338.432,199.645,18.852,41.987,0.5579650
1475,325.168,198.753,16.644,40.039,0.1798920
1475,470.801,170.843,38.937,77.551,0.0467480
1475,527.236,160.446,36.130,94.977,0.0436320
1475,471.832,184.431,22.551,59.962,0.0080480
1475,299.355,45.866,63.818,203.691,0.0051510
1475,489.693,168.542,37.368,84.158,0.1437970
1475,641.552,159.298,54.325,71.262,0.0123330
1475,648.656,184.358,30.898,52.961,0.0743010
1475,383.106,196.228,19.343,40.103,0.0899190
1475,619.322,172.525,44.606,78.951,0.0138030
1475,478.464,81.888,73.694,213.649,0.0115230
1475,381.151,186.741,37.424,58.177,0.0091990
1475,363.923,99.480,72.439,243.730,0.0084090
1500,670.991,179.991,35.989,71.081,0.0564760
1500,654.438,178.605,38.865,73.523,0.4207020
1500,343.467,204.844,18.127,43.112,0.2716840
1500,461.190,186.136,28.323,61.226,0.0122920
1500,502.631,177.966,37.605,79.166,0.1458030
1500,609.620,187.745,25.783,52.951,0.2956020
1500,612.551,177.564,36.298,75.391,0.2627810
1500,601.539,115.767,63.280,210.426,0.0165040
1500,524.847,164.265,32.251,95.614,0.7455410
1500,592.330,195.765,22.937,59.123,0.1051710
1500,575.463,173.750,40.374,92.290,0.0424310
1500,395.099,198.911,19.478,41.997,0.0295400
1500,384.261,189.726,39.010,61.345,0.0125980
1500,541.650,99.046,84.548,241.227,0.0053140
1500,670.991,179.991,35.989,71.081,0.0082210
1500,654.438,178.605,38.865,73.523,0.1944680
1500,463.572,178.524,36.581,77.335,0.7963880
1500,502.631,177.966,37.605,79.166,0.1137000
1500,609.620,187.745,25.783,52.951,0.0267520
1500,612.551,177.564,36.298,75.391,0.0232360
1500,601.539,115.767,63.280,210.426,0.0084070
1500,636.659,136.811,56.605,177.760,0.0057690
1525,616.314,193.509,22.844,56.250,0.2747440
1525,636.549,184.996,43.060,79.036,0.5288840
1525,345.676,200.184,23.377,45.989,0.6893450
1525,391.454,195.456,23.373,49.930,0.0236330
1525,545.522,161.778,38.553,115.398,0.7997490
1525,502.203,168.475,37.100,101.214,0.0272760
1525,568.268,168.953,35.545,103.851,0.0211880
1525,553.106,182.416,21.401,73.719,0.0158330
1525,598.462,104.495,72.120,230.192,0.0109040
1525,498.833,198.650,19.766,46.501,0.0093160
1525,681.950,171.981,28.039,86.087,0.0074250
1525,613.065,166.608,108.935,142.809,0.0067520
1525,430.285,192.389,20.658,43.543,0.0067150
1525,338.906,2.000,111.844,310.917,0.0067100
1525,586.974,188.273,24.174,69.658,0.0053770
1525,636.549,184.996,43.060,79.036,0.1566110
1525,403.679,179.967,46.872,90.598,0.7602610
1525,383.419,158.299,97.881,136.116,0.0276520
1525,465.836,201.019,22.670,42.002,0.0263010
1525,457.353,178.397,38.389,79.327,0.0110200
1525,192.377,2.000,482.987,566.436,0.0065790
1525,391.454,195.456,23.373,49.930,0.0062510
1525,599.463,35.634,110.368,311.988,0.0060330
1550,340.619,213.773,22.588,49.523,0.2963480
1550,366.220,176.092,49.813,112.173,0.0118650
1550,549.035,174.265,36.621,111.995,0.5771370
1550,618.991,72.045,78.410,230.379,0.0387330
1550,492.223,224.273,23.527,40.593,0.0065710
1550,141.031,17.523,505.745,488.327,0.0058570
1550,598.926,181.748,35.220,110.362,0.7183740
1550,613.121,187.777,21.435,73.958,0.0138070
1550,640.763,138.439,44.734,146.759,0.0108750
1550,609.514,151.796,43.795,174.932,0.0087290
1550,499.976,201.469,22.189,51.264,0.0079970
1550,502.346,183.045,31.685,87.551,0.0076270
1550,575.758,163.954,43.272,115.128,0.0062670
1550,340.619,213.773,22.588,49.523,0.0428940
1550,367.109,182.195,47.906,109.990,0.7423270
1550,545.916,194.244,35.677,88.055,0.3765710
1550,372.619,153.208,63.627,175.662,0.0389140
1550,462.052,195.886,34.886,68.046,0.0246370
1550,612.545,2.000,84.351,308.861,0.0190620
1550,492.223,224.273,23.527,40.593,0.0151390
1550,471.133,219.267,20.917,43.915,0.0130500
1550,141.031,17.523,505.745,488.327,0.0091550
1550,431.917,91.256,69.211,316.677,0.0058690
1575,627.936,228.429,24.042,41.921,0.5363290
1575,556.448,188.091,42.275,100.813,0.4966200
1575,313.261,172.653,50.934,116.510,0.0336490
1575,492.118,213.139,32.754,60.925,0.0332600
1575,546.642,152.025,78.578,186.565,0.0284210
1575,649.351,180.288,52.978,130.686,0.7303030
1575,569.060,213.128,26.154,58.290,0.0414650
1575,672.597,171.030,34.475,110.496,0.0286190
1575,610.912,212.122,42.285,65.648,0.0164860
1575,385.696,218.935,22.029,43.584,0.0136730
1575,685.211,217.119,24.287,62.464,0.0101530
1575,560.651,146.875,40.689,95.496,0.0088920
1575,646.859,216.891,21.101,50.289,0.0086470
1575,680.531,191.957,23.972,64.953,0.0065670
1575,537.765,178.609,48.944,96.842,0.0060990
1575,312.492,2.000,104.122,285.874,0.0057340
1575,238.184,93.557,15.513,22.431,0.0056330
1575,627.936,228.429,24.042,41.921,0.0107630
1575,553.140,176.779,49.999,101.230,0.2866000
1575,482.575,205.179,41.934,75.946,0.7751240
1575,311.773,171.143,54.222,132.995,0.7611990
1575,464.446,205.356,44.100,73.879,0.2042990
1575,553.035,133.591,60.619,185.557,0.0276450
1575,458.750,216.549,30.856,57.610,0.0181140
1575,432.956,221.142,23.024,41.463,0.0141240
1575,473.539,143.915,68.724,202.184,0.0095140
1575,426.068,208.825,45.792,60.717,0.0068710
1600,538.913,137.323,43.047,100.879,0.0257850
1600,522.149,156.429,48.988,108.494,0.0648250
1600,262.988,200.035,26.469,54.530,0.6265230
1600,607.127,195.336,34.049,64.774,0.6642830
1600,568.681,160.554,56.273,101.540,0.0293150
1600,197.804,112.495,52.474,163.818,0.0551570
1600,422.434,201.248,23.304,44.768,0.0348410
1600,460.120,192.118,26.798,61.721,0.0278850
1600,449.152,208.365,27.702,56.514,0.0117720
1600,518.202,151.171,132.732,118.812,0.0058520
1600,522.149,156.429,48.988,108.494,0.0070160
1600,262.988,200.035,26.469,54.530,0.0119250
1600,180.215,122.667,81.381,189.379,0.8913580
1600,387.979,187.740,50.487,93.999,0.7102950
1600,466.694,185.361,38.815,85.632,0.4947960
1600,475.174,171.392,50.671,105.293,0.4089140
1600,410.425,187.465,41.815,81.484,0.1163040
1600,206.687,170.212,48.483,102.219,0.0371360
1600,544.428,103.575,90.040,174.440,0.0110220
1600,456.921,158.423,95.667,123.885,0.0090670
1600,364.056,161.304,84.772,129.784,0.0086880
1600,496.974,124.993,109.458,160.663,0.0058330
1625,2.000,186.939,33.971,216.162,0.1012360
1625,519.045,158.391,50.977,105.939,0.0987550
1625,571.314,93.391,19.857,29.469,0.0101040
1625,7.113,97.580,42.759,327.209,0.0241760
1625,493.995,167.110,55.581,104.216,0.0540060
1625,388.682,180.572,37.870,84.325,0.0148310
1625,472.031,114.876,95.587,212.257,0.0070190
1625,459.008,216.098,24.280,45.317,0.0051500
1625,347.312,191.080,23.054,60.309,0.0266000
1625,505.488,140.486,83.085,150.755,0.0105160
1625,316.115,196.468,21.189,51.427,0.0267750
1625,609.234,191.154,33.327,73.391,0.7601120
1625,227.581,194.391,25.888,57.640,0.6590480
1625,393.914,189.082,22.216,52.248,0.1070600
1625,313.632,186.531,33.894,75.696,0.0152480
1625,428.948,192.963,21.192,55.345,0.0077320
1625,523.205,135.146,131.719,167.700,0.0075480
1625,7.331,250.486,17.561,70.145,0.0058690
1625,573.975,174.657,46.100,89.609,0.0055090
1625,609.665,177.558,54.138,137.688,0.0050740
1625,2.000,186.939,33.971,216.162,0.1869430
1625,7.113,97.580,42.759,327.209,0.1206430
1625,493.995,167.110,55.581,104.216,0.0430980
1625,423.174,172.662,46.867,104.906,0.8366870
1625,345.029,166.178,43.049,120.614,0.7196210
1625,388.682,180.572,37.870,84.325,0.0391690
1625,472.031,114.876,95.587,212.257,0.0266740
1625,443.710,175.359,46.547,92.249,0.0218360
1625,459.008,216.098,24.280,45.317,0.0130920
1625,347.312,191.080,23.054,60.309,0.0116090
1625,505.488,140.486,83.085,150.755,0.0082790
1625,316.115,196.468,21.189,51.427,0.0071390
1650,520.468,159.581,47.262,113.870,0.3096390
1650,610.902,76.181,17.986,29.190,0.0097010
1650,606.708,68.133,15.282,19.848,0.0210490
1650,461.071,221.401,25.790,42.435,0.0370470
1650,393.089,186.240,36.042,81.335,0.0324510
1650,629.048,2.000,60.106,255.917,0.0128670
1650,612.454,190.548,44.588,90.342,0.7530350
1650,200.372,195.601,31.988,68.788,0.6529200
1650,386.304,195.362,22.481,48.306,0.2274240
1650,600.158,42.845,47.401,101.150,0.0525780
1650,607.815,150.623,58.491,182.068,0.0365960
1650,620.645,193.840,28.393,62.329,0.0272030
1650,361.683,200.038,19.390,40.358,0.0122310
1650,601.255,2.000,65.939,236.113,0.0115950
1650,615.997,204.552,24.929,63.346,0.0101540
1650,632.870,167.771,41.621,108.205,0.0090410
1650,496.942,176.630,49.489,97.500,0.0082220
1650,510.133,151.938,81.782,182.396,0.0057350
1650,429.873,197.815,19.249,45.900,0.0054270
1650,37.562,2.000,116.369,311.340,0.0050100
1650,200.270,198.837,27.211,58.631,0.0187370
1650,406.547,179.053,52.131,101.838,0.8625080
1650,311.116,173.779,51.071,109.855,0.7974460
1650,461.071,221.401,25.790,42.435,0.0331450
1650,291.908,130.321,75.583,186.219,0.0305120
1650,393.089,186.240,36.042,81.335,0.0220440
1650,386.438,161.497,94.777,133.895,0.0212350
1650,330.583,188.662,47.182,75.598,0.0131900
1650,629.048,2.000,60.106,255.917,0.0061440
1675,546.547,168.249,21.536,44.515,0.0075050
1675,658.691,193.391,32.827,113.830,0.5533620
1675,539.846,159.892,42.818,116.251,0.3532310
1675,623.368,2.000,86.033,279.091,0.0236990
1675,431.367,224.232,21.516,48.049,0.0417410
1675,179.479,211.862,34.365,79.192,0.8045650
1675,673.954,186.124,36.523,127.952,0.0366050
1675,663.161,188.259,24.180,76.309,0.0303630
1675,656.741,203.354,22.128,82.655,0.0273030
1675,660.915,156.611,35.961,244.861,0.0198090
1675,565.231,158.340,44.431,123.926,0.0191160
1675,383.601,216.312,20.943,53.301,0.0172590
1675,519.534,141.592,73.148,218.327,0.0165110
1675,457.059,207.528,40.280,76.786,0.0124990
1675,640.715,40.339,72.958,123.506,0.0097330
1675,361.705,207.437,22.611,39.627,0.0087860
1675,642.922,89.908,54.871,271.947,0.0087420
1675,684.243,146.148,30.351,287.403,0.0086630
1675,185.941,192.560,60.717,133.852,0.0084810
1675,436.193,202.484,20.649,46.601,0.0076360
1675,295.364,189.060,47.936,113.377,0.8532860
1675,386.954,188.218,49.950,116.533,0.8305130
1675,414.074,192.898,40.168,105.524,0.2422490
1675,623.368,2.000,86.033,279.091,0.0579100
1675,350.979,195.020,37.219,97.107,0.0070760
1675,317.832,220.933,19.348,49.836,0.0069960
1675,431.367,224.232,21.516,48.049,0.0060270
1700,569.427,126.398,24.949,45.046,0.0109570
1700,565.705,112.663,41.048,115.654,0.1330960
1700,295.723,174.004,35.331,95.033,0.0128240
1700,316.672,195.935,18.573,50.882,0.1888790
1700,412.852,168.510,36.850,103.366,0.0080620
1700,154.652,178.515,37.883,94.599,0.7247830
1700,159.547,189.297,23.961,63.683,0.0594530
1700,394.150,184.703,18.389,55.356,0.0535800
1700,142.619,170.153,58.335,141.724,0.0306520
1700,282.250,191.305,18.371,55.251,0.0273170
1700,36.824,110.846,52.810,284.891,0.0267010
1700,121.516,180.641,38.576,115.286,0.0242480
1700,63.120,139.128,66.822,222.248,0.0232440
1700,43.833,192.604,33.820,103.901,0.0166090
1700,498.410,218.232,20.671,41.928,0.0089830
1700,424.413,194.515,20.496,46.549,0.0080020
1700,80.188,195.550,35.124,95.265,0.0075430
1700,355.046,179.898,32.369,85.609,0.0067570
1700,564.781,48.063,134.398,254.310,0.0063550
1700,53.655,212.150,23.810,59.603,0.0059940
1700,452.781,184.586,30.374,74.471,0.0051070
1700,277.373,156.895,40.825,133.303,0.8648500
1700,378.976,154.155,52.549,132.825,0.8156840
1700,295.723,174.004,35.331,95.033,0.1429040
1700,316.672,195.935,18.573,50.882,0.0700890
1700,283.339,137.223,61.212,174.654,0.0264300
1700,412.852,168.510,36.850,103.366,0.0230340
1700,49.133,54.996,672.867,332.059,0.0066760
1700,283.795,197.331,23.931,77.116,0.0064290
1725,601.587,99.589,24.543,56.759,0.4071710
1725,601.463,101.534,20.362,30.845,0.0370090
1725,586.575,107.295,37.834,70.381,0.0535780
1725,594.677,109.054,22.686,47.154,0.0236810
1725,507.827,198.461,34.774,62.991,0.4019910
1725,175.430,160.114,63.829,122.730,0.0056340
1725,99.768,160.242,47.650,108.315,0.7961640
1725,380.593,181.428,22.749,40.952,0.1313750
1725,384.587,169.984,25.792,42.552,0.0669410
1725,159.702,157.057,48.981,120.681,0.0604690
1725,355.297,185.433,23.818,40.824,0.0379520
1725,458.001,186.112,33.963,69.338,0.0318090
1725,437.431,390.420,17.873,29.957,0.0193580
1725,475.384,391.879,18.110,30.147,0.0164590
1725,553.610,80.339,84.450,192.705,0.0147940
1725,390.011,166.902,35.454,54.191,0.0125400
1725,604.094,91.378,37.888,148.859,0.0099090
1725,583.463,95.740,42.486,152.495,0.0082840
1725,117.146,178.181,23.871,64.368,0.0069600
1725,195.782,183.192,21.570,54.938,0.0068190
1725,27.632,148.389,59.268,204.322,0.0067010
1725,649.373,91.397,39.878,99.775,0.0066890
1725,454.869,197.585,23.726,44.785,0.0066160
1725,631.929,2.000,65.295,312.136,0.0057360
1725,72.464,155.379,54.904,140.280,0.0052210
1725,294.403,132.495,82.306,149.714,0.8642570
1725,172.738,158.251,54.217,123.839,0.6786400
1725,281.239,65.367,107.786,259.231,0.0238130
1725,328.301,153.342,43.663,83.436,0.0058040
1725,2.000,2.000,720.000,464.602,0.0050680
1750,620.780,112.432,21.917,54.014,0.0202760
1750,612.833,107.994,33.955,89.903,0.0060060
1750,360.931,192.377,24.390,45.721,0.0843970
1750,571.743,47.874,116.830,312.404,0.0602150
1750,586.581,92.205,85.121,179.357,0.0757040
1750,450.684,220.222,24.909,48.009,0.0108860
1750,453.152,188.201,28.326,80.442,0.0097620
1750,8.892,172.650,54.356,147.248,0.8045400
1750,388.066,188.002,23.593,47.479,0.0381610
1750,506.998,225.591,25.311,57.277,0.0315550
1750,511.587,247.920,24.732,49.489,0.0053080
1750,360.931,192.377,24.390,45.721,0.0361240
1750,571.743,47.874,116.830,312.404,0.0375710
1750,586.581,92.205,85.121,179.357,0.0212080
1750,172.722,154.205,70.566,149.246,0.7351030
1750,450.684,220.222,24.909,48.009,0.0173610
1750,2.000,85.632,720.000,339.972,0.0082050
1750,453.152,188.201,28.326,80.442,0.0073450
1750,2.000,94.085,434.166,253.982,0.0054980
1750,5.709,120.499,59.051,220.038,0.0054670
1775,643.816,80.189,23.903,43.225,0.3003360
1775,636.845,72.163,41.346,76.658,0.0686620
1775,651.525,96.449,39.223,155.391,0.0090180
1775,344.772,167.406,22.343,46.960,0.3376660
1775,371.595,154.287,40.142,70.038,0.0089830
1775,520.407,210.207,41.282,76.148,0.3589040
1775,637.266,2.000,58.652,352.454,0.0407360
1775,381.640,164.026,23.734,50.374,0.1081150
1775,634.947,59.631,67.199,147.672,0.0119660
1775,309.021,167.096,21.450,44.997,0.0082430
1775,504.030,2.000,79.647,391.949,0.0065860
1775,432.331,156.937,22.527,51.773,0.0050560
1775,371.595,154.287,40.142,70.038,0.0080300
1775,262.487,185.037,33.056,62.957,0.3113900
1775,269.131,207.451,25.341,55.864,0.0204040
1775,449.768,174.763,33.673,95.266,0.0203750
1775,637.266,2.000,58.652,352.454,0.0129360
1775,341.131,152.701,40.662,69.075,0.0098800
1800,691.201,82.137,15.332,31.545,0.0173790
1800,322.360,183.323,26.508,55.441,0.0096970
1800,343.438,169.063,39.450,78.695,0.0297700
1800,370.394,168.217,34.899,86.497,0.0209520
1800,376.010,167.451,20.793,45.501,0.0141100
1800,344.075,182.781,25.005,56.422,0.0122980
1800,452.075,177.427,38.883,104.288,0.0108150
1800,351.657,166.960,22.185,46.423,0.0080440
1800,375.231,181.553,22.327,54.754,0.0054670
1800,536.963,207.850,56.627,105.550,0.8055830
1800,244.656,207.091,32.366,60.887,0.0476160
1800,453.969,214.130,32.898,79.022,0.0184180
1800,497.225,58.706,120.220,339.273,0.0104540
1800,322.360,183.323,26.508,55.441,0.0097000
1800,342.700,153.280,48.039,77.552,0.0078820
1800,512.612,2.000,70.995,510.944,0.0056700
1800,554.168,240.834,45.728,70.227,0.0051020
1825,318.285,189.112,20.901,44.011,0.1552490
1825,362.049,185.731,22.346,51.709,0.2255520
1825,353.463,175.733,37.158,74.140,0.0346010
1825,284.007,195.421,18.022,36.791,0.0108550
1825,462.310,203.082,43.907,102.771,0.0347460
1825,28.238,29.103,69.730,284.872,0.0489270
1825,40.561,73.846,33.096,136.604,0.4083740
1825,363.612,173.300,20.323,37.325,0.1465840
1825,113.728,2.631,117.377,285.470,0.0780390
1825,322.300,175.839,17.446,34.796,0.0214890
1825,51.221,100.457,23.074,83.756,0.0211080
1825,44.799,20.517,89.074,253.290,0.0159590
1825,151.566,2.000,100.820,378.803,0.0119110
1825,428.451,192.278,18.835,47.363,0.0101090
1825,377.459,169.244,20.954,40.985,0.0077710
1825,102.566,2.000,74.804,278.536,0.0063050
1825,379.711,192.094,20.496,44.455,0.0057700
1825,353.463,175.733,37.158,74.140,0.0061240
1825,572.936,231.492,64.728,112.580,0.7832880
1825,462.310,203.082,43.907,102.771,0.0860230
1825,554.130,174.692,95.805,179.692,0.0574480
1825,226.386,216.817,28.001,57.810,0.0236150
1825,28.238,29.103,69.730,284.872,0.0124160
1825,428.867,161.876,104.420,160.172,0.0120790
1825,442.983,80.183,67.988,286.415,0.0118040
1825,223.359,182.128,34.612,80.043,0.0098260
1825,624.118,169.479,66.611,182.427,0.0054410
1825,565.682,69.844,110.938,313.578,0.0054000
1825,593.589,207.605,56.849,120.546,0.0051570
1850,492.302,186.089,53.259,139.142,0.0197320
1850,318.932,191.258,19.792,44.497,0.3398700
1850,355.449,186.305,21.732,47.194,0.0361690
1850,345.281,173.891,47.695,71.798,0.0139920
1850,310.855,180.199,35.293,58.914,0.0121740
1850,363.570,171.781,18.785,36.917,0.0378080
1850,97.230,2.000,83.375,290.332,0.0800970
1850,121.566,2.000,95.265,309.379,0.0338570
1850,322.158,177.216,17.328,34.378,0.0115320
1850,55.305,2.000,105.052,279.350,0.0067940
1850,4.028,2.000,124.981,324.081,0.0056680
1850,492.302,186.089,53.259,139.142,0.0618530
1850,318.932,191.258,19.792,44.497,0.0128020
1850,310.855,180.199,35.293,58.914,0.0117490
1850,456.568,153.732,117.004,182.451,0.0795470
1850,641.941,194.166,72.834,178.378,0.2758910
1850,671.135,246.855,41.380,138.249,0.1803960
1850,685.232,283.382,26.875,73.817,0.0141420
1850,688.631,261.242,21.226,62.231,0.0081630
1850,311.936,33.784,95.498,308.923,0.0065010
1875,356.652,170.438,21.787,44.366,0.3662570
1875,609.904,286.807,23.765,62.173,0.0059550
1875,400.664,158.473,24.830,50.418,0.0343290
1875,320.739,173.768,17.741,35.227,0.0053500
1875,389.895,150.623,41.855,70.256,0.0153800
1875,347.710,159.769,36.882,60.118,0.0141660
1875,583.722,254.895,36.611,74.330,0.0063060
1875,607.559,256.583,27.643,71.506,0.0075480
1875,575.446,144.763,91.735,219.145,0.0059420
1875,123.934,2.000,93.144,264.847,0.1074220
1875,104.093,2.000,77.123,297.909,0.0490270
1875,145.583,2.000,127.599,295.348,0.0178990
1875,613.477,228.710,20.037,53.174,0.0172010
1875,356.652,170.438,21.787,44.366,0.0365820
1875,400.664,158.473,24.830,50.418,0.0077910
1875,389.895,150.623,41.855,70.256,0.0377740
1875,347.710,159.769,36.882,60.118,0.0455130
1875,575.446,144.763,91.735,219.145,0.0870210
1875,262.869,180.474,21.879,48.658,0.1077540
1875,241.327,182.544,27.879,64.201,0.0653920
1875,260.721,160.022,29.958,57.681,0.0137030
1875,330.213,70.058,69.144,236.613,0.0054960
1900,396.670,131.482,21.767,36.886,0.0648190
1900,389.148,117.145,38.949,56.177,0.0091780
1900,451.672,100.592,44.038,70.947,0.0140350
1900,461.120,102.845,19.503,22.764,0.0277990
1900,105.705,2.000,63.993,289.370,0.0118970
1900,148.386,2.000,50.100,243.021,0.0109720
1900,459.933,118.673,22.519,35.246,0.0054820
1900,396.670,131.482,21.767,36.886,0.2126000
1900,414.667,125.114,23.403,35.062,0.0071300
1900,314.522,146.798,21.429,39.747,0.2320340
1900,264.006,148.730,29.936,56.559,0.0599570
1900,309.530,130.609,23.504,45.345,0.0466060
1900,389.148,117.145,38.949,56.177,0.0112540
1900,451.672,100.592,44.038,70.947,0.0074580
1900,299.864,139.594,32.009,55.144,0.0056120
1925,628.522,195.953,24.534,44.913,0.0433120
1925,472.685,161.953,26.188,47.303,0.0219680
1925,458.697,164.676,41.409,80.174,0.0352060
1925,637.905,197.553,21.967,44.224,0.0439080
1925,625.958,184.555,51.232,67.941,0.0147150
1925,115.047,2.000,53.901,353.322,0.0182800
1925,146.234,2.000,49.130,320.122,0.0142510
1925,538.042,188.769,21.402,40.627,0.0078440
1925,47.852,2.000,106.317,381.490,0.0078250
1925,538.247,191.860,36.585,46.084,0.0051510
1925,420.323,169.903,21.699,41.126,0.0060990
1925,398.457,196.716,18.576,40.123,0.0557670
1925,418.884,170.691,30.948,69.227,0.0085920
1925,458.697,164.676,41.409,80.174,0.0162270
1925,435.463,72.983,74.905,228.598,0.0106280
1925,328.613,197.188,21.753,44.231,0.0072910
1925,329.118,217.741,17.759,37.899,0.0068640
1925,389.378,78.993,100.685,214.223,0.0064640
1925,247.658,22.550,12.639,20.004,0.0059400
1950,387.936,168.546,20.897,37.836,0.0760690
1950,442.757,148.216,47.334,73.574,0.1575250
1950,450.271,152.885,24.463,49.172,0.2917750
1950,378.119,152.185,46.295,69.540,0.0127940
1950,452.154,140.900,20.373,28.598,0.0315690
1950,250.407,195.833,14.745,31.421,0.0206670
1950,36.349,2.000,52.242,290.862,0.0074220
1950,362.253,198.421,19.915,37.719,0.0108030
1950,301.998,196.200,23.852,44.150,0.6746950
1950,109.796,119.940,122.761,197.309,0.0175450
1950,393.984,105.508,90.640,161.305,0.0105010
1950,443.277,96.645,69.447,169.006,0.0063960
1950,366.694,91.290,73.231,190.732,0.0052870
1975,167.778,194.755,14.649,36.802,0.0153330
1975,301.441,191.417,18.597,40.167,0.1914700
1975,289.139,190.745,16.407,38.916,0.0077750
1975,311.701,173.716,21.410,38.893,0.0433310
1975,299.281,171.811,41.836,66.271,0.0187530
1975,372.538,146.043,49.783,82.986,0.0240850
1975,344.821,193.788,20.037,37.803,0.0054670
1975,167.778,194.755,14.649,36.802,0.0053170
1975,230.626,189.116,22.899,51.960,0.7204390
2000,302.080,162.958,22.086,49.863,0.0600300
2000,294.471,150.721,47.863,70.415,0.0345400
2000,375.526,127.944,26.717,41.113,0.0273280
2000,368.111,137.828,48.360,91.643,0.0339960
2000,366.992,125.328,43.820,58.235,0.0062100
2000,155.331,187.543,17.740,42.459,0.0064030
2000,194.769,185.503,34.139,63.143,0.7551700
2000,301.774,99.563,117.823,176.085,0.0100070
2000,127.227,168.289,17.187,43.025,0.0092130
2025,288.206,193.133,18.608,39.090,0.0155330
2025,294.314,139.801,46.594,87.321,0.1188550
2025,303.931,153.706,23.431,54.046,0.3072000
2025,389.562,119.596,21.608,40.515,0.0298510
2025,311.494,139.580,17.017,32.476,0.0219540
2025,379.143,142.071,39.084,83.581,0.0072160
2025,23.823,2.000,76.599,308.622,0.0067370
2025,384.464,187.361,22.079,41.000,0.0063210
2025,380.721,116.031,40.790,72.283,0.0050630
2025,294.314,139.801,46.594,87.321,0.0263980
2025,245.605,167.005,17.117,41.875,0.0053660
2025,346.105,186.043,25.028,43.815,0.0090170
2025,192.491,176.403,36.656,73.455,0.7589000
2025,302.873,98.368,112.432,177.821,0.0237320
2025,298.918,143.339,62.771,129.588,0.0070010
2025,156.706,187.806,18.692,38.437,0.0055720
2025,352.112,109.437,91.481,154.295,0.0050880
2050,305.385,183.156,19.831,42.017,0.0369640
2050,314.498,157.754,21.647,48.430,0.2550780
2050,416.387,96.443,19.739,32.991,0.0185410
2050,304.909,143.432,51.732,81.968,0.0214280
2050,284.023,171.049,20.672,37.137,0.0050250
2050,252.836,159.309,19.243,43.630,0.0310610
2050,353.398,180.145,21.522,43.917,0.0088620
2050,328.449,145.884,55.176,81.697,0.0098160
2050,340.284,84.228,119.770,199.891,0.0080150
2050,296.384,91.868,76.908,232.432,0.0124860
2050,325.885,138.311,17.734,32.993,0.1723520
2050,394.827,159.898,22.327,47.028,0.0219360
2050,378.288,149.494,49.045,67.965,0.0109080
2050,411.195,134.210,49.427,87.525,0.0107980
2050,585.504,185.696,18.955,37.295,0.0107920
2050,399.347,104.864,77.915,146.900,0.0103920
2050,408.010,96.442,51.714,97.551,0.0088780
2050,349.209,152.183,21.836,54.310,0.0087130
2050,422.931,160.330,20.796,44.027,0.0060730
2050,161.942,155.972,52.445,110.408,0.7984820
2050,309.652,92.689,103.441,185.866,0.0259010
2050,278.381,57.152,103.098,262.809,0.0125090
2050,195.519,178.545,23.414,58.964,0.0122620
2050,157.416,173.645,47.159,62.148,0.0081540
2075,308.135,179.931,23.048,45.269,0.0052070
2075,436.239,87.389,20.451,33.346,0.1991870
2075,332.826,79.017,130.067,212.577,0.0052260
2075,331.943,130.614,45.777,98.925,0.1235100
2075,342.061,147.477,23.698,55.098,0.0715570
2075,341.571,137.094,19.902,35.652,0.0603190
2075,424.289,76.735,47.298,71.858,0.0135610
2075,370.399,147.889,50.370,74.027,0.0093890
2075,388.543,180.996,21.227,42.107,0.0075790
2075,425.645,32.188,102.746,221.659,0.0056080
2075,424.393,167.769,20.464,37.258,0.0053810
2075,90.080,134.740,74.200,147.366,0.7859850
2075,83.012,41.276,84.381,306.559,0.1017940
2075,332.826,79.017,130.067,212.577,0.0213340
2075,2.000,86.181,668.186,264.243,0.0068050
2075,390.185,74.239,103.149,212.671,0.0061980
2100,309.044,183.680,22.765,45.018,0.0191360
2100,453.553,78.467,22.223,39.562,0.2297970
2100,307.097,130.437,110.524,148.135,0.0193330
2100,283.926,52.856,89.732,307.623,0.0057390
2100,264.806,168.469,21.507,42.751,0.5302920
2100,326.797,137.247,53.622,97.343,0.4519880
2100,133.132,145.874,24.105,58.124,0.0786140
2100,342.643,149.124,24.537,59.309,0.0733640
2100,444.356,75.266,44.430,63.622,0.0396260
2100,375.436,166.281,44.047,69.032,0.0111530
2100,463.037,8.332,108.809,262.218,0.0087230
2100,275.852,170.803,22.425,56.808,0.0082080
2100,170.741,182.840,18.060,42.704,0.0080740
2100,346.324,139.110,16.930,32.959,0.0074530
2100,307.097,130.437,110.524,148.135,0.0364070
2100,283.926,52.856,89.732,307.623,0.0167430
2125,283.018,164.591,21.901,44.691,0.0690360
2125,348.371,138.757,47.304,93.125,0.1337370
2125,318.930,99.631,96.569,214.462,0.0191780
2125,472.189,47.107,84.967,190.333,0.0166070
2125,341.377,182.343,27.089,51.510,0.0184810
2125,365.017,135.618,20.880,33.738,0.0243820
2125,379.547,165.366,44.808,77.362,0.0234780
2125,350.354,150.668,26.649,55.674,0.0150640
2125,19.050,61.136,73.184,240.559,0.0111120
2125,391.589,184.072,28.241,47.802,0.0100730
2125,499.300,10.388,98.375,263.442,0.0088880
2125,84.164,125.279,36.781,117.368,0.0080190
2125,562.057,172.167,48.966,69.582,0.0077440
2125,529.837,84.218,116.879,192.673,0.0066690
2125,62.889,56.439,66.804,250.168,0.0065520
2125,478.665,55.390,55.534,95.791,0.0065150
2125,572.221,15.343,112.114,255.268,0.0053290
2125,201.682,177.830,20.914,51.619,0.0142220
2125,318.930,99.631,96.569,214.462,0.1381130
2125,339.834,158.290,46.805,89.254,0.0356790
2125,344.617,95.949,107.621,179.563,0.0193830
2125,472.189,47.107,84.967,190.333,0.0176360
2125,341.377,182.343,27.089,51.510,0.0117110
2125,321.735,178.083,25.319,52.515,0.0102870
2125,211.266,170.085,21.163,43.029,0.0066710
2125,282.835,108.902,85.611,194.787,0.0059420
2150,394.006,189.552,23.764,57.217,0.0230670
2150,433.557,134.496,18.459,35.651,0.0685410
2150,411.120,155.904,48.276,104.503,0.1529630
2150,596.031,2.000,65.055,325.202,0.0204670
2150,341.883,169.696,20.759,41.670,0.4026850
2150,418.182,190.403,22.087,56.929,0.0342430
2150,166.623,163.423,21.165,38.361,0.0175370
2150,339.602,162.732,41.522,81.502,0.0136540
2150,349.068,172.521,22.365,63.899,0.0081090
2150,551.618,2.562,91.047,285.252,0.0072610
2150,424.920,152.476,19.468,51.045,0.0070120
2150,247.650,185.657,18.151,45.230,0.0067710
2150,449.892,171.446,46.665,81.122,0.0062330
2150,386.772,179.614,39.422,74.719,0.0485480
2150,386.609,109.458,100.328,208.217,0.1517920
2150,357.709,112.307,88.969,196.449,0.0601010
2150,411.120,155.904,48.276,104.503,0.0195010
2150,596.031,2.000,65.055,325.202,0.0176680
2150,428.019,56.122,81.452,263.267,0.0068590
2175,381.658,165.207,22.392,40.643,0.1350500
2175,421.648,187.493,32.585,56.786,0.0073740
2175,487.102,126.973,22.684,44.949,0.0285210
2175,460.739,122.556,94.432,174.894,0.0158040
2175,479.179,121.836,25.086,41.835,0.1959250
2175,460.639,119.940,59.809,120.560,0.1032890
2175,484.496,148.862,53.908,105.225,0.0572740
2175,455.033,152.854,49.158,102.876,0.0199500
2175,382.331,166.482,41.001,70.834,0.0186270
2175,503.483,192.012,22.412,44.927,0.0072560
2175,474.688,116.842,48.806,76.588,0.0068150
2175,238.488,176.454,44.215,66.460,0.0057930
2175,344.329,167.706,44.475,76.067,0.0050350
2175,421.648,187.493,32.585,56.786,0.0210800
2175,317.046,170.425,18.689,41.275,0.0124050
2175,446.973,128.898,76.913,117.436,0.0574910
2175,418.897,109.705,131.418,205.421,0.0425710
2175,396.161,96.852,89.628,174.686,0.0103630
2200,309.982,165.214,17.890,47.581,0.0294270
2200,495.595,103.053,18.796,28.741,0.0935490
2200,241.683,176.840,37.945,63.975,0.0111280
2200,495.276,113.530,19.641,45.986,0.0101490
2200,457.601,71.083,114.386,276.109,0.0458300
2200,420.546,188.548,28.044,57.731,0.6172160
2200,375.289,161.216,24.133,45.590,0.5981060
2200,544.118,195.089,20.240,44.413,0.0572710
2200,375.175,162.742,47.559,81.296,0.0531220
2200,491.599,159.245,46.114,91.296,0.0459370
2200,477.647,98.783,51.029,96.437,0.0186710
2200,531.479,168.163,39.383,91.472,0.0117660
2200,387.104,173.501,27.148,60.458,0.0086900
2200,506.290,191.766,21.042,46.319,0.0083120
2200,406.536,148.648,61.560,143.239,0.0065650
2200,296.565,165.915,43.963,79.195,0.0063680
2200,457.601,71.083,114.386,276.109,0.0360400
2200,415.406,187.756,33.188,60.729,0.0142820
2200,425.746,125.927,112.025,122.672,0.0050630
2225,493.243,93.476,18.852,37.952,0.0631520
2225,286.206,162.354,18.534,46.151,0.1685580
2225,496.000,164.609,21.318,41.694,0.0324040
2225,360.092,152.435,22.459,50.358,0.4987600
2225,276.063,171.632,22.471,61.411,0.0097140
2225,482.375,131.345,49.070,101.269,0.0339870
2225,414.418,179.384,22.966,59.005,0.0076070
2225,350.906,158.382,37.205,90.911,0.0331820
2225,123.228,160.424,19.058,44.945,0.0130690
2225,473.616,87.235,80.698,197.622,0.0113410
2225,433.666,102.318,93.926,163.656,0.0083060
2225,246.639,184.925,19.022,51.084,0.0156620
2225,480.575,78.939,42.793,73.370,0.0125910
2225,494.498,176.680,22.648,51.270,0.0124400
2225,464.014,162.281,40.382,85.523,0.0115960
2225,286.206,162.354,18.534,46.151,0.0085500
2225,473.616,87.235,80.698,197.622,0.0466110
2225,433.666,102.318,93.926,163.656,0.0404290
2225,398.689,105.208,79.096,155.786,0.0079530
2250,425.313,182.465,27.495,57.934,0.0071750
2250,375.900,138.267,38.483,85.050,0.1647710
2250,384.878,140.741,23.395,63.116,0.0525300
2250,627.551,152.985,19.738,33.487,0.0109440
2250,382.604,137.491,19.863,36.123,0.0748310
2250,679.104,143.606,21.112,41.754,0.1085870
2250,448.179,174.929,40.462,85.551,0.0116350
2250,654.991,135.416,40.290,70.925,0.0112570
2250,671.969,139.981,38.761,63.903,0.0173850
2250,666.729,144.486,20.245,38.958,0.3732010
2250,487.294,13.685,128.085,328.481,0.0110040
2250,620.708,26.493,85.528,307.997,0.0072560
2250,419.322,183.387,38.928,63.399,0.0875160
2250,375.900,138.267,38.483,85.050,0.0114440
2250,448.179,174.929,40.462,85.551,0.0170750
2250,487.294,13.685,128.085,328.481,0.0365920
2250,121.489,133.681,18.297,32.725,0.0103500
2275,430.783,142.815,27.337,71.858,0.0058180
2275,432.607,136.552,21.635,38.390,0.0221690
2275,621.151,48.651,81.794,259.969,0.0535140
2275,570.606,25.548,116.296,298.201,0.0142000
2275,648.033,158.004,51.117,101.780,0.0225480
2275,638.083,2.000,39.647,69.681,0.0092900
2275,621.151,48.651,81.794,259.969,0.1795510
2275,570.606,25.548,116.296,298.201,0.0323020
2275,646.508,123.594,53.523,121.471,0.0091480
2300,487.356,183.115,32.829,72.030,0.6448000
2300,465.280,123.215,22.152,44.241,0.0105130
2300,188.381,172.570,41.582,67.006,0.0102480
2300,635.979,69.936,62.989,361.342,0.0066660
2300,465.612,140.704,41.315,93.454,0.0255870
2300,17.588,2.000,68.365,366.288,0.0168270
2300,462.369,112.833,40.377,80.984,0.0059430
2300,626.705,79.504,71.553,283.643,0.0076170
2300,588.242,74.638,84.591,292.899,0.0056770
2325,496.242,100.393,19.766,33.107,0.0052700
2325,507.852,174.535,36.032,76.868,0.7819270
2325,528.210,171.593,28.048,80.578,0.0138040
2350,365.133,129.350,18.568,40.406,0.0312690
2350,360.530,148.363,22.643,63.880,0.0104710
2350,685.960,123.065,20.245,41.705,0.0093970
2350,511.652,170.401,36.887,82.818,0.7718320
2350,526.832,173.388,27.364,67.027,0.1212570
2350,357.192,132.710,34.820,99.164,0.0703470
2350,88.187,45.448,94.056,262.072,0.0084780
2350,129.477,36.281,77.689,216.712,0.0053330
2350,311.695,176.536,32.983,66.608,0.0052850
2350,685.960,123.065,20.245,41.705,0.0148870
2350,612.245,56.172,82.418,252.619,0.0059940
2375,360.303,124.698,21.535,46.320,0.0063350
2375,353.291,146.927,25.442,67.580,0.0119760
2375,351.282,122.651,42.192,115.274,0.3516600
2375,326.645,164.108,23.136,46.797,0.0093930
2375,4.947,43.865,52.362,271.061,0.0071830
2375,520.054,2.000,62.112,259.137,0.0188270
2375,542.803,165.085,33.239,90.514,0.8743400
2375,537.998,61.766,17.145,21.844,0.0913500
2375,343.781,150.310,34.489,100.011,0.0668450
2375,317.331,179.260,24.639,54.935,0.0444190
2375,521.497,39.571,59.486,67.376,0.0342520
2375,316.417,149.166,37.236,79.336,0.0098950
2375,323.697,121.709,88.220,164.746,0.0082500
2375,273.012,177.840,35.817,52.424,0.0061460
2375,679.837,126.896,33.593,110.153,0.0414520
2375,4.947,43.865,52.362,271.061,0.0128040
2375,520.054,2.000,62.112,259.137,0.0106970
2375,658.342,165.314,43.622,77.029,0.0091520
2375,14.374,97.286,31.279,165.132,0.0081280
2375,658.721,68.612,63.279,231.031,0.0064810
