50,627.863,227.887,31.124,63.263,0.2040270
75,592.152,211.172,28.680,55.982,0.0321880
100,642.179,202.871,34.891,75.984,0.9958510
150,473.139,225.476,22.728,52.904,0.0093720
175,465.173,230.909,23.436,45.004,0.0050750
200,663.722,209.305,29.133,67.890,0.3402520
200,460.523,233.856,22.667,46.585,0.5583840
200,389.339,233.943,17.146,37.153,0.2880440
200,79.196,206.463,24.700,49.989,0.0069830
200,663.722,209.305,29.133,67.890,0.0129010
200,78.304,208.775,25.803,59.764,0.0061780
225,662.670,207.752,24.079,66.560,0.0112250
225,40.496,212.689,30.859,60.473,0.0882810
225,34.933,209.022,38.578,87.658,0.1977940
250,38.804,206.169,45.573,90.414,0.0079290
250,38.804,206.169,45.573,90.414,0.0768030
275,470.611,229.255,25.918,44.953,0.0078070
275,61.968,206.407,40.175,89.496,0.2153230
300,460.485,234.005,20.946,46.124,0.0383810
325,530.954,219.064,29.116,66.806,0.5071950
325,6.182,205.456,26.815,72.722,0.4715080
325,118.730,208.677,31.257,65.089,0.0054290
350,140.060,217.819,27.119,50.516,0.0055740
350,143.352,215.026,25.988,57.018,0.0298200
400,575.334,208.747,25.401,49.423,0.0360360
400,668.131,191.363,43.353,121.523,0.9535710
425,588.387,212.906,28.568,60.074,0.9908140
425,621.149,202.425,49.781,97.546,0.9999270
450,586.770,202.087,36.946,86.064,0.3905540
450,606.592,208.673,28.217,62.791,0.0367430
450,585.797,201.748,43.770,96.765,0.8945600
475,638.583,210.029,25.848,62.986,0.4454640
475,555.443,205.618,36.579,79.868,0.0254360
475,538.755,224.888,18.449,30.842,0.0733330
475,553.571,203.409,41.214,87.559,0.9998910
500,679.519,189.434,32.692,175.774,0.0303760
500,534.133,207.586,36.142,77.965,0.2720010
500,576.003,212.227,23.828,53.767,0.0400290
500,677.513,179.047,29.397,189.390,0.2204660
500,531.772,203.312,39.289,85.814,0.9973480
525,518.526,212.219,35.886,75.966,0.9993170
525,567.706,218.882,23.745,40.264,0.9902160
525,513.938,212.292,43.832,68.097,0.0123350
550,489.113,208.912,31.279,70.338,0.9987680
550,491.347,215.773,27.266,67.627,0.0050430
575,664.458,222.434,28.415,59.062,0.0112980
575,475.963,207.322,32.705,68.616,0.9877790
575,475.289,203.741,34.651,60.888,0.2604820
600,632.798,212.177,26.570,57.440,0.9946590
600,476.937,218.922,28.908,63.801,0.9925040
600,623.908,223.606,25.102,54.346,0.0065960
600,450.952,234.428,26.190,50.171,0.0058340
600,652.684,134.097,56.137,239.324,0.0377940
600,476.042,217.208,30.428,60.640,0.0211630
625,480.962,224.791,24.554,54.961,0.9391310
650,466.675,223.846,21.119,61.221,0.3200590
725,24.461,201.612,41.758,94.717,0.0066910
775,435.045,232.741,23.159,51.683,0.4796440
800,432.490,232.479,21.254,50.684,0.0674610
800,635.281,181.343,49.987,173.178,0.0093230
825,637.698,187.385,48.807,167.471,0.0226770
850,613.101,185.729,76.663,220.644,0.0117720
875,612.767,187.061,76.602,182.942,0.0098810
900,641.974,175.773,58.051,247.845,0.0407570
900,444.443,199.247,22.684,59.879,0.0144780
900,622.374,187.201,66.583,223.189,0.0180190
925,459.336,193.032,22.490,67.174,0.0373200
925,635.148,187.199,49.016,175.665,0.0111720
925,9.374,198.214,30.094,64.715,0.1143160
950,634.120,178.073,52.326,187.349,0.1440260
975,449.351,202.816,24.581,54.048,0.0074490
975,97.510,197.561,40.369,84.469,0.0180270
1000,632.699,179.135,51.299,180.809,0.0197330
1000,454.038,191.392,24.520,53.037,0.0079530
1025,24.001,194.912,46.775,95.953,0.3016670
1025,635.446,179.695,48.594,179.977,0.0093940
1075,489.492,189.948,28.378,76.027,0.0060970
1175,575.901,202.594,38.946,93.161,0.0571410
1200,544.795,195.656,55.785,97.317,0.0158660
1225,520.637,201.094,37.749,85.781,0.1114750
1225,618.012,209.756,35.812,116.733,0.0789500
1275,12.336,216.217,50.974,101.494,0.0267470
1325,54.704,207.430,38.496,87.142,0.0070400
1350,39.205,208.914,45.921,88.940,0.0202400
1400,14.162,206.929,37.806,88.530,0.0133420
1400,125.927,190.054,25.704,43.189,0.0096060
1425,636.033,186.702,30.883,81.156,0.0200520
1425,15.959,201.280,41.007,85.240,0.0109410
1450,21.684,205.779,40.407,93.557,0.5248460
1475,52.502,202.915,36.678,85.521,0.0196120
1475,52.502,202.915,36.678,85.521,0.0821820
1500,36.439,202.358,47.951,92.594,0.0686410
1500,111.006,109.805,86.955,247.084,0.1981260
1500,36.671,203.460,38.465,87.794,0.0346960
1500,108.484,125.874,97.358,236.614,0.8487340
1525,5.715,78.611,85.060,342.604,0.7813370
1525,632.430,204.282,22.022,28.237,0.0065280
1525,2.000,76.241,90.537,381.002,0.1001660
1525,632.430,204.282,22.022,28.237,0.0410580
1525,475.147,157.774,42.097,115.285,0.0218810
1600,229.825,187.058,23.716,55.691,0.1024040
1625,237.393,202.215,25.238,59.316,0.4407000
1625,620.058,87.921,65.684,382.939,0.0063830
1625,243.073,185.769,27.273,59.721,0.0280550
1650,248.275,182.970,29.270,58.054,0.0060340
1650,249.847,180.473,26.378,48.082,0.0117610
1675,255.558,175.924,24.131,70.227,0.1052090
1700,235.074,181.633,25.553,62.742,0.0204840
1725,364.918,132.202,64.343,281.452,0.6191960
1725,177.338,207.129,21.380,59.259,0.0455030
1725,277.783,228.231,40.633,84.492,0.0526760
1775,152.562,201.437,28.103,75.757,0.0080950
1800,4.960,200.302,33.783,111.657,0.0129840
1800,122.748,206.485,32.517,74.530,0.7386630
1825,105.199,187.965,30.647,82.962,0.0059260
1825,134.808,196.735,24.844,68.240,0.8148180
1825,120.777,191.638,25.251,75.883,0.1070390
1825,130.450,193.105,38.725,96.906,0.0215680
1850,122.650,195.913,24.842,63.679,0.0441730
1875,74.519,180.876,28.936,60.444,0.0697610
1900,92.694,183.077,29.518,63.425,0.0302730
1950,602.122,156.308,41.571,93.935,0.0189330
2025,160.587,174.935,37.745,92.545,0.0141190
2125,440.476,222.387,24.665,66.582,0.0346250
2125,454.770,211.248,26.610,56.105,0.0999420
2125,468.596,219.032,26.500,49.850,0.0621700
2125,434.963,206.784,41.525,71.556,0.0078680
2200,419.301,168.842,43.442,94.439,0.0167440
2225,54.972,196.362,40.989,117.108,0.2327400
2250,607.500,161.262,28.704,77.942,0.0181000
2300,607.239,164.748,38.555,113.738,0.0062390
2375,602.364,163.917,25.082,72.692,0.5188850
2375,604.027,173.016,35.182,89.291,0.0098460
