25,501.017,187.461,21.127,54.121,0.8742400
25,521.569,188.298,18.317,50.329,0.8992850
25,578.626,120.403,110.130,207.916,0.9960657
50,551.853,190.166,23.278,58.976,0.6238754
50,678.186,175.580,21.342,56.782,0.8614133
50,527.203,188.791,20.750,61.042,0.2066565
50,595.399,136.770,102.470,188.993,0.0840989
50,687.573,177.406,15.591,49.771,0.1268456
50,597.008,119.852,103.014,224.364,0.9908944
50,575.498,187.173,39.374,78.228,0.0728864
75,564.369,187.290,27.604,65.517,0.9995670
75,585.365,191.399,20.561,58.694,0.9979630
75,600.231,180.996,24.665,75.516,0.6634690
75,583.358,186.865,36.678,65.909,0.0823252
75,620.379,85.753,86.634,263.399,0.9872957
75,613.671,174.059,33.953,84.752,0.0907816
100,565.361,202.619,22.314,54.520,0.9999270
100,635.883,193.657,25.455,75.588,0.9997576
100,248.605,222.689,10.397,24.422,0.7385246
100,619.163,206.528,20.930,57.736,0.8768895
100,493.270,205.216,28.275,59.902,0.3279138
100,476.718,206.140,23.307,56.004,0.8880711
100,683.135,192.471,22.290,80.126,0.6872919
100,659.445,192.510,31.256,79.320,0.9732731
100,493.451,205.028,29.135,58.375,0.9800707
100,476.286,205.992,23.299,50.107,0.7784992
125,629.828,183.831,25.525,64.327,0.9998331
125,613.066,186.204,24.140,60.587,0.9998260
125,571.506,184.883,34.313,75.130,0.9994671
125,542.721,182.815,34.894,71.776,0.9992638
125,518.381,210.976,15.369,30.844,0.0691497
150,671.315,182.240,26.862,74.834,0.7502317
150,691.335,209.585,13.455,44.857,0.0736332
150,638.531,171.858,39.831,108.435,0.1279500
150,638.078,172.117,43.535,106.990,0.3830169
200,591.674,179.588,36.164,75.183,0.9999613
200,455.130,192.708,20.661,48.606,0.9901677
225,650.567,177.871,45.149,94.843,0.9999536
225,470.883,197.089,21.084,53.418,0.3967118
225,476.009,193.380,24.231,59.239,0.6195171
250,510.825,192.071,23.898,67.732,0.9981268
250,494.302,196.790,23.238,56.366,0.2024176
250,394.655,205.662,24.424,50.682,0.8311664
275,564.629,183.066,32.912,85.012,0.9999151
275,518.990,198.086,23.905,47.579,0.7099934
275,401.641,199.624,28.108,60.107,0.9988481
300,215.488,215.824,11.830,24.831,0.9335031
300,684.053,131.767,22.074,157.915,0.0613937
300,424.914,193.819,30.250,63.090,0.9974974
325,464.172,193.063,32.336,63.229,0.9762306
350,347.966,197.152,11.146,26.350,0.2587228
350,469.056,172.218,37.940,78.774,0.9491847
375,536.403,196.160,17.009,45.271,0.4775084
375,504.853,179.166,39.082,87.136,0.9987714
375,536.027,195.971,16.916,46.272,0.1096466
400,376.617,212.426,14.544,24.079,0.7758959
400,514.178,180.351,48.811,96.945,0.9974313
425,425.306,207.179,12.534,28.810,0.5334711
425,581.773,194.803,18.601,53.649,0.4200263
425,533.639,167.413,52.568,118.114,0.9997717
450,437.026,213.369,16.489,35.725,0.6970222
450,423.901,215.286,14.268,32.396,0.9217902
450,360.962,217.542,14.424,27.444,0.0662588
450,652.369,192.033,34.245,72.660,0.9680857
450,435.573,213.117,19.494,37.037,0.4348057
450,583.819,165.330,66.766,145.248,0.9994223
475,436.719,202.060,17.064,35.991,0.9989552
475,674.233,171.222,29.938,105.550,0.5593578
475,450.369,201.269,20.002,43.309,0.9918990
475,450.180,201.031,22.039,41.937,0.0574423
500,461.232,194.044,16.533,36.849,0.9991739
500,474.574,196.892,15.579,34.732,0.9738697
500,529.468,195.500,14.795,33.990,0.8569791
500,618.761,171.484,30.976,77.766,0.6306883
500,615.342,188.971,16.037,43.649,0.2307688
500,619.675,187.118,20.477,50.202,0.6189452
500,380.115,202.382,14.437,31.398,0.0910864
500,603.715,185.327,23.527,55.104,0.4599202
500,511.340,191.169,16.185,46.217,0.1978456
500,603.808,186.037,22.680,47.533,0.4879248
500,614.184,188.551,16.900,43.924,0.0527435
500,528.706,195.134,14.841,35.049,0.0778171
500,494.171,188.058,30.638,58.785,0.1563329
500,511.207,191.838,17.348,42.643,0.8380320
500,486.081,192.130,24.258,52.060,0.9561404
525,485.568,199.038,18.623,38.506,0.9945911
525,555.023,191.725,22.693,62.139,0.9920158
525,522.909,195.739,17.313,48.937,0.9758933
525,510.972,198.316,18.077,43.689,0.8690400
525,574.861,196.185,20.999,54.051,0.9971410
525,536.410,197.329,17.965,54.679,0.9416388
525,355.103,208.971,11.836,28.537,0.5733427
525,688.818,163.544,18.963,73.116,0.0908424
525,443.493,209.459,15.565,34.344,0.0737365
525,353.834,209.207,13.599,28.169,0.4031084
550,517.579,195.080,20.116,50.431,0.9990566
550,532.917,194.524,21.582,54.471,0.9995744
550,599.676,192.792,26.387,62.405,0.9809079
550,486.956,197.762,18.750,46.194,0.9965227
550,444.540,205.546,17.142,36.993,0.9938422
550,406.978,205.160,14.649,32.851,0.7942854
550,395.837,207.282,15.628,32.497,0.3616983
550,663.250,159.573,32.910,104.384,0.6350703
550,458.684,207.475,13.542,37.543,0.7000032
550,420.027,206.627,14.191,33.911,0.2456854
550,554.899,198.870,17.901,50.739,0.1954468
550,582.536,194.763,17.608,61.023,0.9418836
550,468.646,201.321,21.785,47.424,0.1521825
550,347.025,208.981,12.824,31.849,0.1593555
550,450.345,207.316,18.646,37.521,0.0810967
550,471.798,195.542,86.320,54.057,0.0579059
550,345.647,208.509,13.393,31.381,0.7509636
575,548.048,193.963,26.007,61.126,0.9999309
575,637.829,191.926,29.689,74.996,0.9964284
575,529.110,198.309,22.724,54.248,0.9996192
575,405.954,208.682,14.826,33.395,0.5305174
575,329.250,217.132,11.162,23.366,0.0902062
575,615.101,193.446,34.702,79.841,0.2517661
575,675.919,193.676,28.519,73.670,0.9054567
575,449.430,207.242,20.329,40.975,0.9656074
575,391.870,210.319,14.961,34.197,0.5033453
575,338.732,214.060,11.836,28.292,0.4567520
575,335.168,215.070,11.097,26.265,0.2051114
575,405.824,208.624,15.508,32.728,0.0759696
575,329.189,216.832,11.499,23.428,0.3565599
575,391.619,210.156,15.413,32.969,0.0772811
600,552.634,194.141,25.732,56.915,0.9987940
600,404.758,208.250,20.559,39.531,0.9992238
600,578.995,192.115,22.460,58.594,0.9930133
600,471.115,207.923,19.020,38.130,0.9982018
600,517.387,205.134,17.973,43.663,0.9672451
600,684.329,194.538,21.523,69.351,0.9363325
600,427.638,207.743,14.805,36.573,0.4969646
600,433.639,207.799,16.906,37.388,0.4004123
600,416.856,208.394,13.705,35.397,0.0680172
600,664.348,183.479,31.762,84.451,0.9452611
600,340.787,212.544,11.285,33.049,0.2270060
