25,610.935,192.128,43.489,116.949,0.9997787
25,588.442,208.573,28.169,76.946,0.6961440
25,514.623,210.598,30.569,84.133,0.8509683
25,642.895,194.819,43.810,109.902,0.9986171
25,476.294,219.248,32.029,61.459,0.0537976
25,681.166,200.868,23.829,72.680,0.5701566
25,527.352,210.883,25.562,80.091,0.0616450
25,446.470,206.838,23.149,57.309,0.4133298
25,585.848,210.601,18.678,68.472,0.1306510
25,537.951,208.347,39.364,80.964,0.6057166
25,456.246,221.585,13.807,40.290,0.0730141
25,589.415,198.389,91.272,99.670,0.1367621
50,544.365,201.516,43.910,99.692,0.9330884
50,630.761,188.648,47.779,126.075,0.9977696
50,573.024,206.702,29.743,72.687,0.5802267
50,668.586,193.801,36.467,104.216,0.9411606
50,508.102,211.750,36.269,81.792,0.1947858
50,559.179,204.624,38.816,88.441,0.3358810
50,456.081,218.012,14.624,40.600,0.2997555
50,481.702,210.008,34.826,72.092,0.6061572
50,528.188,207.607,35.417,89.844,0.5134509
50,685.342,199.356,23.178,86.586,0.0505249
50,468.538,220.188,14.480,34.805,0.5499665
50,446.783,201.563,27.012,59.433,0.0944529
50,656.203,194.849,45.702,110.647,0.0581050
50,456.467,217.633,17.497,39.424,0.1082427
75,479.561,224.304,17.620,39.148,0.0567593
75,486.624,225.461,14.987,35.730,0.0613822
75,501.772,215.073,33.241,73.903,0.1541945
75,496.785,221.794,17.115,44.420,0.2450691
75,492.967,225.291,14.350,36.925,0.1322625
75,440.576,231.279,20.848,38.574,0.0728687
75,500.491,217.878,19.059,63.563,0.5919212
75,491.222,224.514,15.625,36.050,0.3842538
75,478.092,223.110,21.022,40.768,0.9187900
75,496.139,220.877,18.273,43.693,0.0707432
75,449.108,228.136,24.748,41.538,0.1226813
75,440.200,230.598,22.647,38.822,0.4448361
75,460.164,227.219,16.055,40.618,0.0619631
75,498.526,216.483,46.848,68.290,0.1598029
100,682.327,206.389,24.981,107.051,0.1793161
100,658.653,205.612,36.121,90.182,0.2005398
100,664.165,198.051,37.669,144.991,0.1931914
125,624.481,213.180,50.139,119.716,0.7391919
125,595.785,229.417,28.384,82.533,0.5194207
125,615.475,218.332,29.833,98.531,0.8947887
125,686.946,212.631,19.701,100.795,0.1286642
125,575.377,222.348,51.173,91.840,0.9448454
125,615.942,223.322,16.542,86.520,0.1794443
125,659.798,205.142,44.498,114.890,0.1807477
125,609.168,231.669,16.009,76.903,0.0755742
125,627.169,208.822,51.554,120.533,0.1538238
125,658.382,207.351,43.705,106.610,0.8445466
150,618.823,201.597,35.706,107.379,0.9670268
150,535.350,218.057,19.174,59.016,0.1818056
150,683.453,214.343,20.585,101.557,0.2220722
150,638.268,207.900,26.824,101.643,0.4085105
150,517.953,215.115,23.099,54.383,0.4349330
150,641.888,200.053,38.499,120.257,0.1886026
150,645.562,186.846,57.362,144.709,0.9839867
150,589.884,212.576,18.054,46.732,0.0859592
150,557.974,201.069,44.010,97.950,0.2816133
150,589.171,212.632,20.053,40.008,0.0517847
150,485.131,226.362,27.362,39.950,0.0808776
150,515.691,213.439,26.922,53.292,0.3219362
175,592.929,206.593,40.962,97.793,0.1506068
175,590.912,215.035,21.835,63.480,0.8465241
175,495.968,231.922,19.436,45.882,0.9374622
175,472.350,229.812,19.129,41.782,0.5971037
175,672.945,197.591,33.413,111.160,0.4047891
175,536.504,214.705,21.016,56.552,0.6882108
175,599.872,190.907,54.948,129.576,0.9492078
175,553.783,213.036,29.647,69.223,0.2086863
175,654.477,202.914,45.047,104.684,0.6949711
175,572.420,219.635,15.705,43.184,0.1187400
175,555.281,212.910,29.241,61.274,0.2238324
175,535.552,214.278,22.400,53.921,0.1428400
200,424.717,217.358,17.338,38.950,0.1474414
200,580.881,211.760,16.882,35.952,0.8351559
200,498.014,225.203,21.020,44.436,0.2420102
200,658.038,196.521,26.569,74.137,0.0794191
200,641.881,201.411,29.997,64.191,0.5402485
200,608.024,200.930,30.748,79.083,0.3718162
200,597.717,204.700,24.497,73.856,0.2904148
200,562.742,207.444,26.080,73.433,0.2306837
225,524.598,219.856,25.882,55.288,0.5259541
225,687.997,200.894,18.295,88.656,0.9696891
225,664.046,197.199,31.266,88.741,0.9965737
225,524.992,217.575,26.221,56.660,0.0773330
225,572.063,216.229,27.992,58.960,0.0811096
250,677.931,204.280,28.324,100.733,0.7886142
250,583.454,221.028,20.659,69.237,0.7379944
250,558.249,215.888,31.092,71.733,0.9800538
250,652.683,211.892,36.135,86.498,0.1177867
275,603.212,213.027,28.105,80.225,0.7495146
275,486.194,228.247,17.476,39.094,0.0750809
275,565.416,179.575,21.326,43.196,0.2553745
275,485.231,228.500,19.051,38.016,0.6179563
275,498.431,222.493,18.506,50.636,0.0797335
325,572.477,209.586,28.188,69.681,0.9999145
325,590.161,201.995,35.723,92.577,0.7853633
325,506.941,219.697,18.961,35.000,0.6479899
350,594.115,204.099,32.304,80.623,0.9996991
350,653.651,210.954,47.095,101.033,0.3152456
350,618.462,194.597,46.371,119.753,0.9986212
350,545.011,223.531,18.094,38.078,0.0637081
350,545.030,223.812,18.896,36.146,0.9925368
350,652.489,209.339,49.880,98.138,0.3472072
375,605.367,195.953,33.160,88.134,0.9828672
375,583.523,224.116,14.324,36.116,0.4181750
375,639.784,176.080,64.142,155.291,0.9292748
375,683.097,189.544,23.264,106.959,0.0551554
375,521.548,222.829,20.669,39.014,0.9977860
375,569.888,225.706,16.455,33.808,0.8208624
400,454.895,67.690,18.291,39.986,0.9342460
400,604.775,132.224,89.180,162.084,0.3159809
400,399.432,69.676,17.250,36.722,0.6250294
400,552.951,214.168,18.268,40.585,0.1755431
400,494.754,213.679,20.374,42.903,0.9996485
400,544.125,216.498,18.575,37.478,0.1482132
400,551.179,215.078,19.448,39.036,0.0990067
425,480.557,54.878,16.787,37.204,0.5215609
425,493.166,219.390,24.507,46.992,0.9916297
425,554.628,221.395,20.961,42.618,0.1657902
450,567.207,228.484,18.635,42.416,0.4060473
450,216.431,33.778,16.195,53.259,0.0547048
450,73.887,122.426,29.637,71.429,0.8476137
450,558.532,230.144,18.156,39.962,0.2225094
450,672.877,152.340,28.505,73.460,0.3234548
450,505.935,34.898,18.130,43.673,0.0732869
450,132.686,62.735,25.200,63.102,0.5413682
450,436.192,36.003,18.992,44.645,0.0531249
450,496.248,226.571,25.652,51.688,0.9996524
450,565.705,228.321,19.943,41.510,0.2512156
450,557.129,229.644,20.310,43.425,0.4712527
450,72.886,121.989,31.407,69.733,0.0750424
475,590.389,212.047,19.450,51.394,0.9802297
475,568.590,215.123,17.795,52.938,0.7533363
475,622.902,215.824,15.637,47.597,0.2446294
475,508.876,208.884,29.787,68.305,0.5067697
475,509.125,209.573,30.703,65.177,0.7186460
500,524.487,218.787,22.347,48.022,0.2383921
500,649.493,212.188,17.920,52.239,0.2944793
500,629.409,207.856,25.998,62.393,0.0611624
500,550.515,198.695,39.459,84.003,0.9999182
500,523.627,219.233,24.179,44.400,0.0543953
500,577.871,215.328,15.459,39.931,0.0640386
500,628.785,206.723,28.422,56.829,0.1740061
525,520.922,222.407,18.778,44.331,0.1023416
525,679.172,212.167,21.660,57.301,0.5414803
525,690.200,213.654,14.728,52.277,0.1743407
525,622.109,178.857,56.410,133.928,0.9997935
550,521.251,219.712,24.678,46.807,0.1364027
575,538.333,218.991,27.922,54.372,0.0616099
575,566.970,215.570,21.799,55.103,0.2037559
600,557.871,217.512,28.344,65.165,0.9967000
600,618.888,212.005,24.832,54.120,0.1922746
600,575.482,215.030,30.525,72.103,0.9423095
600,647.345,218.497,22.285,48.163,0.5321639
600,645.688,219.023,25.666,46.562,0.5858912
625,579.304,212.150,30.019,72.828,0.0609031
625,637.679,205.510,27.403,62.019,0.4082613
625,13.399,165.287,34.065,96.426,0.9864815
625,488.788,210.993,33.804,61.797,0.9964819
650,475.760,201.356,46.217,91.106,0.9996233
675,590.762,174.807,82.170,152.870,0.9818965
675,363.900,229.220,12.268,25.761,0.0592500
700,665.940,203.996,36.686,95.055,0.8775210
700,564.205,219.761,26.793,52.748,0.0868624
725,592.269,214.381,22.735,52.954,0.9998156
775,596.996,212.239,28.552,66.372,0.9606863
775,590.835,213.305,24.677,59.952,0.6537011
775,672.836,211.651,24.054,63.718,0.1173303
775,655.156,212.903,23.619,59.862,0.3674642
775,520.517,224.420,16.719,35.349,0.0928841
775,669.077,213.203,20.330,49.537,0.1633205
775,652.961,213.473,26.923,55.867,0.4852734
800,597.046,202.184,29.291,77.594,0.9639559
800,604.921,207.764,32.717,72.675,0.1805969
800,481.270,219.403,18.967,39.102,0.1236001
825,447.151,224.461,18.902,45.121,0.9843028
825,551.518,205.192,41.376,95.308,0.8326026
825,564.382,206.693,44.477,91.478,0.7026022
825,583.923,207.643,41.762,83.417,0.0908333
825,395.739,228.426,21.853,39.314,0.8542106
825,104.619,215.445,24.568,48.352,0.2802766
825,194.168,229.464,18.898,33.068,0.7241279
850,605.143,207.455,23.409,70.222,0.7257322
850,627.888,179.628,65.767,132.833,0.4050845
850,19.828,217.928,22.797,38.284,0.9888720
850,399.548,219.732,21.725,43.803,0.9986033
875,530.661,220.902,25.841,52.164,0.2299785
875,443.523,225.390,24.494,49.489,0.9998282
875,128.028,228.429,25.930,40.418,0.4112282
875,50.772,229.762,21.399,37.889,0.4376314
875,338.739,236.647,13.503,26.461,0.0947526
900,575.974,218.414,26.074,62.173,0.9996651
900,595.987,224.604,22.575,52.833,0.9742799
900,232.846,236.641,15.610,33.995,0.1028828
900,488.612,221.238,30.575,56.494,0.9997974
900,373.149,237.415,11.877,26.304,0.9393229
900,234.114,237.662,16.337,33.572,0.1335745
900,240.294,240.251,14.562,29.879,0.1429093
925,611.259,198.777,30.819,76.382,0.6976701
925,665.297,200.174,28.071,73.843,0.2566150
925,602.072,207.166,16.879,60.771,0.8444667
925,550.203,197.842,42.470,82.491,0.9998376
950,653.202,204.982,29.653,80.457,0.8707552
950,664.585,197.231,33.122,107.338,0.0879514
950,667.233,214.629,16.254,67.564,0.0775377
950,281.584,215.882,23.000,46.190,0.1813599
950,424.649,220.658,14.896,30.655,0.6558364
950,666.901,186.227,39.290,124.791,0.9943941
950,658.135,194.824,35.898,106.066,0.2890951
950,655.979,209.856,29.564,69.698,0.0718058
975,231.632,222.937,16.096,38.353,0.0638733
975,570.989,224.229,14.018,31.104,0.9850783
1000,232.709,224.813,21.763,42.641,0.0528668
1000,572.279,225.982,17.415,43.561,0.9257486
1000,263.304,230.842,17.410,34.497,0.0513187
1000,388.728,50.478,38.514,77.469,0.0551987
1000,624.064,208.989,26.176,54.308,0.8475543
1000,388.171,220.423,22.125,39.229,0.0625063
1025,241.262,233.361,12.951,35.918,0.1748269
1025,399.989,223.946,16.299,37.480,0.1028646
1025,222.530,225.249,20.070,44.407,0.7500491
1025,589.110,225.565,22.212,45.533,0.9961188
1025,387.778,57.155,31.733,68.205,0.8765861
1050,691.365,220.606,11.968,49.464,0.4838001
1050,98.913,221.147,18.260,40.004,0.0964318
1050,673.245,223.497,12.223,39.588,0.3525811
1050,638.358,221.760,21.345,52.569,0.0569066
1050,637.645,222.115,22.078,50.867,0.9322916
1050,395.382,50.918,32.089,67.874,0.9984610
1050,672.916,224.390,12.822,35.553,0.5910521
1050,97.471,220.634,20.243,41.263,0.1875021
1050,5.622,187.901,32.258,97.450,0.0848265
1075,688.273,217.763,16.896,65.477,0.6906081
1075,302.030,224.385,21.171,47.446,0.0614362
1075,207.035,219.071,21.238,50.468,0.0712265
1075,389.234,50.666,33.047,62.391,0.3911097
1075,203.829,219.521,27.342,48.228,0.0735041
1100,665.098,201.393,28.487,59.168,0.1802896
1100,342.408,27.660,37.392,73.217,0.9397679
1100,665.117,200.127,27.803,58.648,0.6656886
1125,633.383,221.905,22.807,52.799,0.2978785
1125,7.869,200.869,27.501,90.411,0.2692854
1125,55.556,231.984,15.968,48.123,0.1099376
1125,293.838,38.580,34.238,64.149,0.9976816
1125,633.291,222.889,24.048,49.659,0.9419143
1125,6.265,201.679,30.414,85.813,0.0928730
1150,136.426,223.417,18.589,42.552,0.0902061
1150,121.744,224.831,19.278,46.456,0.1117532
1150,612.271,225.957,25.479,49.498,0.9998980
1150,242.089,32.754,36.040,74.002,0.8528243
1175,614.975,209.641,27.111,61.594,0.9995831
1175,598.978,212.074,24.067,53.164,0.9998527
1200,43.058,227.654,16.407,40.373,0.8299024
1200,629.772,221.409,17.282,50.283,0.1308796
1200,642.926,219.489,16.149,43.134,0.0697000
1200,587.443,222.515,14.689,26.435,0.9718319
1200,666.074,218.101,36.515,79.527,0.9996147
1200,627.033,221.127,20.000,53.425,0.1998491
1200,609.836,224.852,26.860,56.837,0.5530021
1225,580.329,210.400,14.115,25.421,0.7791088
1225,591.159,214.408,17.039,37.217,0.9992486
1225,582.049,212.232,12.721,25.105,0.1255192
1225,667.330,193.352,37.741,93.583,0.9899615
1250,583.854,200.730,14.648,29.373,0.3069342
1250,598.717,204.242,20.700,42.990,0.9992836
1250,606.583,206.571,15.369,38.350,0.0883379
1250,617.538,205.064,13.949,36.517,0.1197206
1250,583.492,201.073,15.575,27.345,0.5784109
1275,621.148,208.482,25.676,51.723,0.9930382
1275,631.179,206.833,20.017,50.600,0.8065023
1275,639.771,206.406,15.011,45.943,0.2488971
1275,617.981,211.440,18.468,36.907,0.1558224
1300,610.499,205.107,14.571,28.434,0.8505135
1300,686.259,205.968,15.524,45.099,0.0520420
1300,624.155,205.139,15.140,27.444,0.0744301
1300,665.913,197.448,31.092,73.399,0.9938111
1300,685.396,205.654,16.514,44.148,0.0718610
1300,286.239,219.990,12.195,23.388,0.0547562
1300,661.544,202.213,24.064,54.120,0.0756272
1325,667.539,204.813,16.511,34.656,0.5435249
1325,687.987,207.194,14.123,39.280,0.8971553
1325,677.007,205.806,15.634,34.951,0.5916178
1325,286.033,223.372,13.361,24.670,0.1510819
1325,619.417,209.050,15.158,27.081,0.0551234
1325,666.524,205.587,17.802,32.948,0.0519097
1350,630.059,214.267,15.740,32.505,0.1646404
1350,630.151,214.227,15.689,31.821,0.7870280
1375,641.165,220.563,11.685,25.195,0.0578008
1375,652.229,216.142,17.616,32.776,0.8476986
1375,365.451,220.317,14.217,25.564,0.9771197
1400,678.928,218.663,17.892,36.857,0.7216474
1400,646.267,223.126,14.886,29.366,0.0916288
1425,653.905,226.627,15.128,30.360,0.0559485
1425,631.196,227.856,14.098,27.282,0.0686187
1425,652.924,226.457,16.764,30.057,0.2678030
1425,203.896,244.324,13.126,21.910,0.0523964
1425,341.206,226.409,15.377,25.154,0.3916276
1500,342.042,236.398,14.582,27.497,0.3268941
1525,513.769,233.656,13.089,25.270,0.0739877
1525,356.822,232.085,15.330,30.710,0.2071254
1525,356.539,234.101,15.375,27.042,0.2418600
1525,557.905,231.898,15.602,26.239,0.8977608
1525,512.853,233.043,14.182,25.213,0.3859637
1550,571.443,230.184,16.403,32.713,0.9950365
1550,513.873,233.476,14.689,28.625,0.2463414
1550,350.281,234.032,15.950,28.202,0.7287435
1550,350.406,233.675,15.519,28.591,0.1244206
1575,325.254,228.617,18.171,33.777,0.9962611
1575,568.311,224.784,18.961,35.646,0.9989939
1575,34.306,248.620,13.751,34.263,0.1277469
1575,500.227,227.097,19.089,34.758,0.9613777
1575,34.782,249.465,15.013,32.368,0.0859053
1600,293.420,227.352,17.772,33.540,0.9920062
1600,499.687,224.779,17.875,39.290,0.1062807
1600,566.043,220.401,20.783,38.716,0.9995079
1600,499.025,225.279,18.727,36.822,0.9500131
1600,94.320,102.739,21.601,43.677,0.0867747
1625,262.617,223.773,18.973,37.268,0.9674755
1625,270.629,226.037,15.100,33.551,0.5849261
1625,520.586,219.051,22.412,49.072,0.6766130
1625,581.803,214.355,24.368,45.825,0.9992131
1625,520.431,218.584,23.544,48.833,0.8390226
1650,546.827,220.559,18.526,40.843,0.3735088
1650,244.880,226.686,17.785,34.127,0.8711030
1650,546.375,220.931,19.667,40.373,0.6945580
1650,572.547,214.435,24.849,51.489,0.9973870
1650,629.116,209.521,27.163,56.062,0.9970102
1650,127.882,235.913,23.189,35.247,0.0887198
1675,219.606,222.020,21.306,43.744,0.3569217
1675,572.861,217.863,20.867,44.502,0.1617682
1675,226.051,226.049,21.056,37.537,0.3848265
1675,217.750,221.839,21.458,43.700,0.9337471
1675,225.517,226.203,21.678,36.403,0.1836262
1675,571.971,216.962,24.438,45.571,0.9468766
1700,202.176,216.870,27.622,47.505,0.9987649
1725,207.521,229.048,17.971,39.196,0.1197859
1725,147.667,234.314,17.276,37.095,0.1719996
1725,185.336,223.547,21.164,55.226,0.1278539
1725,187.009,218.821,35.494,55.727,0.2422249
1725,147.134,234.056,18.637,37.424,0.8954670
1725,186.204,216.285,35.153,57.245,0.9597750
1750,68.629,239.212,15.514,33.717,0.9875231
1750,166.976,210.335,34.964,66.732,0.1418426
1750,164.973,210.400,38.272,63.084,0.7614220
1775,178.480,234.622,19.693,42.604,0.9991078
1775,53.214,242.810,17.772,40.065,0.8133964
1775,31.620,243.240,20.600,36.388,0.9920230
1775,132.681,211.515,46.094,77.965,0.9972925
1775,608.630,230.019,25.212,40.643,0.1476640
1775,52.293,243.276,18.385,38.782,0.2074880
1800,176.687,229.680,24.010,51.920,0.9996861
1800,4.901,245.128,15.844,41.705,0.8319343
1800,417.496,236.657,19.255,37.599,0.0830335
1800,61.503,206.713,58.557,96.165,0.9980605
1800,414.865,234.478,23.026,40.559,0.9763131
1825,184.110,225.020,23.803,54.937,0.9993279
1850,202.233,218.072,28.143,69.339,0.9993967
1875,228.984,208.719,33.167,85.588,0.9998156
1875,130.487,241.083,18.610,44.771,0.0782044
1900,318.737,198.030,39.731,112.772,0.9981528
1900,381.261,222.016,25.238,60.573,0.7334900
1900,61.953,228.823,22.520,52.576,0.0803637
1900,374.443,222.922,17.591,56.347,0.0550806
1900,60.278,227.111,24.491,55.308,0.3106785
1925,609.238,169.538,65.274,174.312,0.9993724
1925,685.243,225.178,20.648,55.384,0.6195098
1925,16.913,233.372,28.526,55.619,0.9798023
1925,190.896,215.256,42.676,66.010,0.9772042
1950,141.957,233.221,34.406,58.558,0.9984555
1950,99.390,232.039,33.239,61.832,0.9980330
1975,219.400,238.043,37.450,69.248,0.9988537
1975,268.949,239.105,36.672,63.673,0.9982677
2000,396.093,228.417,40.315,73.379,0.9998062
2000,336.986,226.531,42.687,82.280,0.9987405
2025,182.672,224.766,25.168,68.174,0.1299798
2025,270.179,151.943,15.715,33.106,0.0825440
2025,688.699,257.584,16.757,52.728,0.1061659
2025,195.071,225.005,23.755,68.255,0.0599911
2025,475.519,205.957,49.565,96.297,0.9888715
2025,545.588,210.520,46.309,84.086,0.9998865
2025,269.931,152.560,16.081,30.879,0.0965595
2050,273.184,216.997,28.085,77.114,0.5047274
2050,287.341,216.648,26.191,79.722,0.5551206
2050,378.197,122.832,17.018,43.914,0.0664402
2075,364.929,215.034,35.170,96.611,0.6018471
2075,380.217,214.427,33.386,98.579,0.6477994
2075,494.470,88.368,31.951,79.772,0.1545888
2100,498.986,192.111,51.004,141.055,0.9795915
2100,482.186,194.171,49.652,136.552,0.9728116
2150,68.421,208.628,19.594,38.644,0.5785990
