25,325.619,6.187,255.569,410.363,1.0000000
25,137.466,58.164,219.632,328.065,0.9998180
25,202.759,2.000,114.737,478.523,0.0406410
25,668.778,182.552,32.579,57.173,0.2216570
50,407.529,74.292,208.665,292.137,0.9999560
50,91.449,86.241,105.826,275.749,0.9357570
50,446.779,2.000,127.214,491.659,0.0730150
50,599.752,181.138,35.100,55.665,0.9982770
75,236.808,69.774,153.164,290.485,0.9962460
100,431.434,84.375,107.229,264.952,0.9989270
100,364.644,122.542,243.359,188.739,0.0081790
100,577.326,186.990,33.981,45.058,0.2336690
125,599.661,79.086,92.296,265.649,0.9991450
150,2.061,93.883,41.632,204.660,0.2013890
150,15.515,70.834,116.023,294.955,0.9999760
150,96.746,41.579,180.578,342.072,0.9999250
150,2.061,93.883,41.632,204.660,0.0098510
175,605.916,65.721,105.206,307.646,0.9452430
175,361.119,23.277,214.080,378.648,0.9997980
175,228.276,45.484,179.201,341.850,0.9905470
175,169.433,63.670,132.378,323.858,0.9901340
175,405.631,2.000,121.327,512.506,0.0088510
175,630.604,68.634,81.979,301.712,0.0153130
200,392.403,42.648,183.317,359.437,0.9981150
200,505.640,85.009,121.063,283.969,0.9912010
200,453.864,152.979,215.266,146.531,0.0073580
225,647.917,74.183,61.169,296.940,0.0845160
225,271.980,85.287,111.859,265.698,0.9981670
225,647.917,74.183,61.169,296.940,0.3625600
225,285.156,78.169,107.480,255.415,0.0063570
250,657.130,145.690,48.643,144.186,0.1800310
250,85.409,89.024,130.123,255.744,0.9728180
250,3.425,189.920,20.035,53.332,0.0388010
250,62.787,84.551,86.627,278.629,0.0096580
250,45.801,64.809,199.446,307.616,0.0161810
250,660.802,123.257,49.229,143.390,0.2075030
275,481.940,112.756,102.577,230.090,0.9870150
275,481.416,145.319,50.230,151.700,0.0073060
275,12.454,198.474,24.145,39.148,0.0690570
275,489.089,114.177,87.138,244.211,0.0189830
275,557.587,170.333,41.734,84.753,0.3688230
275,473.484,158.494,44.784,111.129,0.0130970
300,421.756,162.318,51.041,98.165,0.0068470
300,285.028,87.594,111.891,257.616,0.9992290
300,247.591,133.037,206.428,162.672,0.0262640
300,416.333,155.758,51.078,101.206,0.9677940
325,646.323,116.998,64.266,242.647,0.9323040
325,91.363,94.455,128.723,249.008,0.9999790
325,651.899,133.499,53.964,173.898,0.1454020
325,294.608,161.023,54.526,96.739,0.9957210
325,71.023,120.857,204.582,186.411,0.0188470
350,325.067,126.545,90.176,222.769,0.9740200
350,316.758,120.920,86.082,202.162,0.8174550
350,163.184,158.042,61.588,103.411,0.9999400
350,325.581,135.794,57.914,128.649,0.0060510
375,2.000,91.624,93.697,275.256,0.9870520
425,99.920,129.108,89.066,144.474,0.0859280
425,619.318,165.092,55.017,90.534,0.1530450
425,592.124,159.957,63.207,97.257,0.2011220
425,54.667,147.173,59.085,106.769,0.0330690
425,633.258,173.494,32.159,62.326,0.0107180
425,592.874,158.825,63.370,90.467,0.1434390
425,57.812,149.351,68.771,104.257,0.9989410
425,98.368,143.662,74.857,115.846,0.9847170
450,462.409,174.303,51.398,72.448,0.9695320
450,275.178,151.962,61.451,100.047,0.0750560
450,316.414,156.630,51.972,95.396,0.1231260
450,97.627,149.886,77.532,104.246,0.9998250
450,229.497,159.236,60.993,100.518,0.9998160
450,281.231,148.349,67.139,111.461,0.9987480
450,316.414,156.630,51.972,95.396,0.5198540
475,630.036,194.240,21.651,31.191,0.2257850
475,651.286,178.226,46.187,64.077,0.0064430
475,44.706,153.531,64.452,91.787,0.1596300
475,489.237,173.733,57.736,77.802,0.1093620
475,23.914,176.882,30.969,64.181,0.0301770
475,398.781,164.471,56.836,84.806,0.0718710
475,312.007,161.588,54.947,88.656,0.0336840
475,630.036,194.240,21.651,31.191,0.1028130
475,44.706,153.531,64.452,91.787,0.5551610
475,489.237,173.733,57.736,77.802,0.1099150
475,23.914,176.882,30.969,64.181,0.1543310
475,283.156,157.943,73.670,94.461,0.9999680
475,447.540,163.293,67.921,96.279,0.9988910
475,398.313,165.453,54.379,91.856,0.9719800
475,325.766,170.983,36.110,76.134,0.0190230
500,174.796,167.430,47.397,84.696,0.9912460
500,74.331,184.189,31.849,56.645,0.0539630
500,602.626,154.433,67.975,112.003,0.9977020
500,685.233,175.816,22.963,57.953,0.6919340
500,171.473,163.596,47.418,84.904,0.0087160
500,233.275,159.748,60.186,89.768,0.9999420
500,545.164,170.096,64.421,85.499,0.9997650
500,456.286,163.600,71.059,95.376,0.9997250
500,583.954,154.691,95.246,102.732,0.0293320
500,74.331,184.189,31.849,56.645,0.0180280
525,573.604,179.825,36.378,58.834,0.0597420
525,635.579,180.833,31.294,47.748,0.0424760
525,17.846,72.483,145.440,280.046,0.9997240
525,2.617,147.104,37.414,98.981,0.0897530
525,631.517,177.346,58.228,62.113,0.0276990
525,635.579,180.833,31.294,47.748,0.0403650
525,639.753,163.494,67.755,93.854,0.9999700
550,10.508,76.802,121.849,279.554,0.9978280
550,537.232,179.443,35.369,60.882,0.9274640
550,205.166,64.041,129.003,300.634,0.9998740
550,133.599,67.329,117.370,294.328,0.9986830
550,596.753,182.175,36.602,55.792,0.9973990
550,123.199,26.529,269.885,377.275,0.4414580
550,7.225,117.385,34.604,209.256,0.0222910
550,541.061,177.578,32.779,57.022,0.0278310
550,592.619,181.804,35.168,48.496,0.7500120
575,502.733,175.755,36.285,60.816,0.5703770
575,555.419,182.717,34.138,53.347,0.9187860
575,337.817,83.021,185.690,257.238,0.9995420
575,205.570,94.171,120.160,254.837,0.9971850
575,160.943,116.566,100.341,225.142,0.9934020
575,94.475,186.584,30.766,56.615,0.0128890
575,502.733,175.755,36.285,60.816,0.0143760
575,556.497,180.506,32.820,51.724,0.2926550
600,251.425,179.065,31.242,47.262,0.0150620
600,65.651,56.908,132.976,311.838,0.9999480
600,538.051,67.677,120.759,297.421,0.9996780
600,349.872,106.207,117.713,235.468,0.9868840
600,452.441,117.113,87.673,206.085,0.9528150
600,510.058,177.279,31.927,68.593,0.0439720
600,365.993,68.509,195.693,306.927,0.0270770
600,437.443,91.062,272.689,226.578,0.0056110
600,248.052,179.046,31.602,47.478,0.0474980
600,312.834,118.541,220.617,211.724,0.0077390
625,443.203,178.181,34.713,55.198,0.0889050
625,454.293,53.518,267.707,334.030,0.6029590
625,526.760,89.489,126.852,259.296,0.9997490
625,471.669,179.160,33.692,60.735,0.9993790
625,271.491,68.520,138.028,293.575,0.9923440
625,207.727,133.032,260.382,150.433,0.3668240
625,632.165,94.764,82.541,254.184,0.1886760
625,443.203,178.181,34.713,55.198,0.0084580
650,335.325,180.359,33.139,59.814,0.9622400
650,436.427,55.779,208.885,310.136,0.9985590
650,470.821,86.009,108.242,237.725,0.0268710
650,334.816,176.674,33.702,59.447,0.0319400
675,654.832,71.244,52.736,294.565,0.4629950
675,396.738,180.524,33.608,58.685,0.5975310
675,379.661,180.540,30.967,58.979,0.9323740
675,654.832,71.244,52.736,294.565,0.0094330
700,667.000,163.011,43.113,80.017,0.0164210
700,425.173,183.986,31.559,55.438,0.9987310
700,342.209,174.655,29.573,60.373,0.9986820
700,356.176,179.113,29.418,58.943,0.1559880
700,667.000,163.011,43.113,80.017,0.8852860
700,419.000,185.984,43.367,52.664,0.0052370
725,466.775,184.713,34.014,54.917,0.8252670
725,658.900,166.700,40.539,83.847,0.3379530
725,332.343,175.290,36.032,60.422,0.1877780
725,311.898,176.624,29.178,49.683,0.3530910
725,467.204,183.239,33.821,46.538,0.0206100
725,659.596,168.122,36.263,71.437,0.9542160
725,326.725,175.151,38.265,60.336,0.0285660
725,311.898,176.624,29.178,49.683,0.0181750
750,643.958,171.444,40.990,73.979,0.0511140
750,647.224,172.259,37.023,65.322,0.9988280
750,515.381,181.988,31.254,47.659,0.1234960
775,559.989,182.148,32.071,48.480,0.0181780
775,254.955,174.390,37.872,45.804,0.0232630
775,558.727,184.074,33.945,52.043,0.4866260
775,254.955,174.390,37.872,45.804,0.5618030
775,633.907,176.763,36.811,65.042,0.9992160
800,620.500,176.945,34.497,63.448,0.0169020
800,604.821,181.225,31.574,55.748,0.0192910
800,321.481,99.763,110.548,226.174,0.9994330
800,289.189,154.093,214.068,122.651,0.0085730
800,626.894,176.326,29.752,56.529,0.9962060
800,604.821,181.225,31.574,55.748,0.8491330
825,648.213,181.866,33.392,47.319,0.0061480
825,656.940,168.137,48.645,84.092,0.9067410
825,614.078,179.388,33.274,57.950,0.9991470
825,647.259,180.206,34.321,58.727,0.7921100
850,93.075,166.722,31.322,69.242,0.0275370
850,688.624,179.130,21.934,50.290,0.0214090
850,496.344,173.656,52.125,61.767,0.9967430
850,605.491,179.256,33.938,51.887,0.9999670
875,85.053,182.999,68.487,55.035,0.0086770
875,602.006,179.564,31.614,50.378,0.9998710
875,339.012,168.794,53.113,80.551,0.9998380
900,658.613,178.044,41.260,67.485,0.4777270
900,88.322,178.221,39.843,65.884,0.0316100
900,657.162,177.136,40.018,57.384,0.7712480
900,90.926,176.584,47.821,68.958,0.0195140
900,176.791,161.670,56.496,85.573,0.9999940
900,604.311,182.318,30.288,46.532,0.9990920
925,603.082,185.319,32.455,60.568,0.9990730
925,15.158,169.460,54.823,87.715,0.4650140
950,3.704,191.828,22.226,62.966,0.4185050
950,554.183,191.556,27.660,47.373,0.1402570
950,75.638,191.382,35.850,62.858,0.0807280
950,22.647,189.623,30.886,65.912,0.9593610
950,20.898,187.054,32.752,65.053,0.0084940
950,5.552,190.341,27.214,56.791,0.1721040
950,619.234,190.990,25.802,41.625,0.0945190
975,468.991,188.260,32.014,57.254,0.9938790
975,67.445,192.648,30.302,66.278,0.0080820
975,52.437,176.041,53.223,84.668,0.0056810
975,616.534,192.963,29.463,46.276,0.9938490
1000,19.918,172.000,47.027,84.803,0.0621630
1000,369.243,180.853,39.606,70.465,0.9999440
1000,4.815,164.272,43.385,99.812,0.0179680
1000,613.109,190.575,27.605,45.109,0.9997450
1000,2.861,156.364,44.058,94.372,0.0057090
1025,635.161,200.859,23.307,30.615,0.0056620
1025,604.584,191.151,27.468,46.031,0.0728890
1025,274.135,176.147,39.493,81.959,0.9945760
1025,162.684,180.261,34.261,49.852,0.0978970
1025,604.584,191.151,27.468,46.031,0.8881120
1025,266.182,183.469,50.764,65.154,0.0407830
1050,225.863,179.491,46.867,87.938,0.5002560
1050,168.482,176.837,46.428,63.093,0.0102390
1050,603.799,196.311,26.757,45.623,0.6287820
1050,643.843,200.870,26.864,43.787,0.0052680
1050,173.337,176.863,38.773,54.580,0.9955180
1050,230.490,182.781,45.841,81.570,0.9705870
1050,547.428,201.641,20.216,31.642,0.1697160
1050,603.799,196.311,26.757,45.623,0.0369540
1050,507.026,201.820,20.151,27.587,0.0066440
1075,31.805,153.296,31.582,70.523,0.2322490
1075,603.614,184.573,27.280,48.864,0.0915780
1075,337.748,168.628,45.396,97.311,0.9999160
1075,28.807,154.075,44.122,75.308,0.0590790
1075,604.854,182.222,26.252,47.686,0.9279640
1100,600.871,186.498,29.042,52.544,0.0066550
1100,479.987,163.999,49.517,111.760,0.3637040
1100,473.329,169.108,53.362,106.399,0.9703450
1100,600.871,186.498,29.042,52.544,0.9511470
1125,675.261,163.793,32.269,130.391,0.1449930
1125,470.897,197.659,20.735,25.266,0.0132720
1150,488.088,198.376,20.611,27.677,0.1250280
1150,563.181,184.985,24.765,55.669,0.0462870
1175,461.886,190.655,18.476,29.037,0.8818320
1175,590.405,180.457,25.735,48.593,0.0295730
1175,553.039,177.678,25.770,60.573,0.5232740
1175,569.692,180.432,23.489,48.844,0.2183740
1175,581.267,186.026,17.188,36.994,0.0250660
1175,461.886,190.655,18.476,29.037,0.0139950
1175,576.267,181.691,26.623,46.661,0.0608620
1175,590.405,180.457,25.735,48.593,0.0050990
1175,551.953,173.690,27.717,61.322,0.6279430
1175,569.464,182.979,23.826,50.764,0.0132830
1200,481.144,191.849,21.580,33.372,0.9561240
1200,602.759,171.471,57.698,76.417,0.0077090
1200,620.301,177.189,29.901,55.733,0.0154870
1200,576.114,185.645,26.455,47.759,0.4250500
1200,586.698,176.951,29.779,56.352,0.2390070
1200,603.347,177.481,29.714,55.813,0.1925550
1200,608.244,190.909,18.430,37.512,0.0051030
1225,673.452,188.389,28.671,54.738,0.6595320
1225,516.603,200.988,20.084,33.212,0.9693850
1225,624.357,181.106,43.662,71.428,0.7387990
1225,661.676,192.235,25.659,47.217,0.1502760
1225,650.474,189.838,26.002,51.070,0.8083620
1225,619.941,193.648,26.510,46.719,0.7501960
1225,50.878,190.085,77.831,219.573,0.0313760
1225,673.452,188.389,28.671,54.738,0.0085240
1225,661.676,192.235,25.659,47.217,0.0197360
1225,625.777,183.056,36.340,65.761,0.1375890
1225,650.474,189.838,26.002,51.070,0.0096340
1250,561.311,194.971,24.892,37.180,0.9798090
1250,677.639,186.304,30.514,54.998,0.1062040
1250,562.272,196.246,22.354,33.914,0.0074340
1250,677.639,186.304,30.514,54.998,0.0312790
1275,605.836,199.392,24.743,37.099,0.9151400
1275,605.836,199.392,24.743,37.099,0.0848090
1300,632.722,191.264,27.481,44.423,0.5341700
1300,632.722,191.264,27.481,44.423,0.0239650
1400,595.680,79.759,108.939,238.711,0.1364470
1400,533.430,190.840,21.016,27.681,0.0188310
1425,578.348,193.729,19.826,24.621,0.0060690
1450,670.547,185.332,34.700,61.606,0.9808250
1475,592.138,185.618,35.663,52.749,0.9999510
1500,523.840,190.028,31.582,47.028,0.9999790
1525,328.991,191.565,24.843,27.786,0.1397770
1525,493.264,187.986,27.970,42.384,0.2029500
1525,339.736,191.474,21.855,27.329,0.0181320
1550,317.930,196.660,22.043,27.916,0.1430410
1550,326.297,196.252,18.669,28.130,0.2102040
1550,357.763,197.087,20.762,26.186,0.0278880
1550,525.042,200.988,21.783,24.982,0.0113700
1575,531.163,198.785,17.997,25.212,0.0332800
1575,319.465,195.300,17.622,30.738,0.1197200
1750,385.628,201.482,20.521,20.537,0.0566180
1750,351.732,202.859,17.943,24.948,0.5364780
1750,359.849,202.790,18.556,22.819,0.2560940
1750,321.817,202.736,20.121,26.231,0.0271490
1750,375.391,201.064,20.895,21.900,0.0096880
1750,328.139,204.461,21.486,23.853,0.0063530
1800,480.492,205.280,20.962,25.795,0.0962640
1800,442.458,201.700,20.814,27.567,0.0055100
1800,480.492,205.280,20.962,25.795,0.0841990
1825,400.681,203.918,17.522,29.227,0.2483600
1850,522.123,205.165,20.005,25.714,0.4006150
1875,426.650,204.386,28.059,22.234,0.0106540
1975,314.999,198.579,28.509,33.100,0.0059470
2000,430.451,187.035,20.786,31.350,0.0136990
2025,302.609,203.956,23.403,25.821,0.0138520
2025,372.650,194.254,25.614,38.364,0.0764800
2025,302.609,203.956,23.403,25.821,0.1319680
2025,265.684,203.658,21.404,27.972,0.0472080
2050,358.334,185.146,29.128,34.961,0.0197450
2075,418.985,190.413,18.276,28.517,0.0147960
2075,364.608,190.579,31.076,36.377,0.0263130
2075,399.946,188.299,19.444,30.910,0.0157300
2075,387.928,187.579,22.921,30.226,0.0081270
2100,388.083,194.448,26.414,38.001,0.0751670
2100,399.790,196.371,20.513,31.276,0.0258610
2100,216.528,204.966,20.278,26.235,0.1560830
2125,349.077,202.154,20.806,30.004,0.0445160
2125,366.464,192.696,24.381,38.791,0.9585700
2125,386.378,191.786,26.182,38.567,0.4944510
2125,107.608,204.302,21.227,30.118,0.0841690
2125,201.128,204.506,21.077,27.924,0.0298550
2125,362.452,192.233,24.447,41.615,0.0100080
2150,362.886,196.147,19.109,30.416,0.4555210
2150,385.407,202.780,21.802,26.837,0.0057230
2150,415.874,202.219,21.182,25.644,0.0069450
2150,98.915,203.892,20.047,29.943,0.0524870
2150,460.120,192.657,32.051,37.544,0.0197760
2150,181.604,204.515,22.950,28.137,0.0173850
2150,456.102,202.001,23.090,27.972,0.0102160
2150,440.179,205.358,22.484,23.905,0.0062350
2175,365.452,194.760,18.928,32.354,0.9666660
2175,388.234,195.833,19.007,30.666,0.0364950
2175,399.687,199.146,18.073,29.708,0.0198360
2175,426.233,204.069,23.456,28.307,0.5783990
2200,362.070,194.987,18.793,31.724,0.7541160
2200,370.183,193.910,19.168,31.640,0.1911060
2200,417.788,197.642,20.495,29.607,0.1391310
2200,387.848,194.782,19.700,30.202,0.0598630
2200,400.749,196.996,19.794,29.423,0.0068460
2200,466.051,193.712,33.820,39.165,0.2492830
2200,478.511,202.528,26.007,28.001,0.0244610
2200,474.733,181.916,34.911,48.375,0.0075510
2225,355.999,198.430,17.960,30.503,0.1105090
2225,420.933,198.269,15.792,26.564,0.0582760
2225,371.442,194.679,19.455,31.855,0.0266040
2225,402.411,197.481,17.373,26.594,0.0087690
2225,288.529,205.577,24.969,25.905,0.0103930
2225,274.380,201.284,30.975,32.808,0.0081800
2250,361.797,194.605,20.505,31.891,0.3986220
2250,365.550,190.573,27.398,39.573,0.0421270
2250,269.827,201.358,34.073,33.261,0.4527720
2250,285.470,204.380,25.152,27.287,0.2489400
2250,263.777,206.158,24.520,26.019,0.1115990
2250,191.491,196.560,56.370,41.210,0.1064240
2275,364.291,187.740,17.302,33.028,0.0534030
2275,373.605,187.934,17.541,34.192,0.0477790
2275,166.834,194.036,52.856,41.180,0.1696660
2275,242.455,201.837,33.068,33.734,0.0066970
2300,369.858,187.405,17.403,36.558,0.7451260
2300,186.920,195.767,32.502,41.320,0.0922230
2300,137.626,197.240,50.233,38.083,0.0065380
2325,365.237,188.305,19.271,33.763,0.1800530
2325,443.840,197.784,23.124,32.904,0.8224570
2325,174.043,198.474,33.241,36.430,0.1441810
2325,226.546,205.176,18.259,26.810,0.0537600
2325,160.212,198.525,34.529,36.638,0.0050010
2350,364.422,188.697,18.333,31.621,0.0149470
2350,201.374,203.197,22.420,29.234,0.6031120
2350,646.974,171.511,54.115,87.876,0.9351350
2350,480.804,194.186,27.656,39.506,0.7648050
2350,19.051,209.352,29.196,40.493,0.0063630
2375,68.449,129.749,103.260,183.093,0.9996080
2375,538.216,184.454,42.353,56.637,0.9951690
2375,520.455,194.050,31.998,41.787,0.2804080
2375,162.492,194.163,31.214,44.592,0.1705250
2400,388.404,198.607,21.617,25.497,0.0342270
2400,284.711,158.735,92.966,116.451,0.3664890
2400,482.228,187.789,35.299,50.357,0.9995280
2400,300.986,152.599,71.573,131.943,0.9501990
2400,580.285,192.881,28.696,41.367,0.3556800
2400,122.284,206.676,27.554,36.371,0.2968480
2425,408.444,176.666,86.944,76.196,0.0122860
2425,421.095,166.811,62.902,93.612,0.9997830
2425,661.894,191.133,29.892,46.768,0.9283740
2425,59.858,194.013,35.523,44.464,0.1311330
2450,497.192,177.654,48.788,74.838,0.9999290
2450,438.190,194.699,26.680,36.540,0.9983850
2475,545.548,181.883,38.559,64.241,0.0351230
2475,369.888,193.186,19.157,33.417,0.0210030
2475,545.548,181.883,38.559,64.241,0.9207570
2475,436.188,194.160,25.293,36.033,0.9984690
2500,369.810,192.414,20.102,33.404,0.0936680
2500,558.985,183.790,36.181,57.938,0.4180910
2500,558.985,183.790,36.181,57.938,0.5439370
2500,441.298,196.420,22.295,31.259,0.9964680
2500,573.269,187.064,32.233,50.246,0.0054930
2525,554.101,188.655,29.888,45.437,0.0057970
2525,368.710,194.106,19.350,32.244,0.0231750
2525,452.130,198.805,23.247,29.933,0.9823070
2525,554.088,189.409,35.780,42.888,0.0257900
2550,547.976,188.821,31.068,42.667,0.0222800
2550,416.572,199.246,20.352,26.232,0.0102830
2550,547.976,188.821,31.068,42.667,0.3546820
2550,465.946,198.097,21.425,27.911,0.9500710
2575,472.970,198.674,21.077,29.077,0.9668760
2600,532.944,193.428,26.630,35.615,0.3589330
2600,474.877,197.632,21.987,29.527,0.8556230
2625,481.941,197.108,20.346,26.089,0.3632890
2700,387.879,195.335,20.011,31.291,0.0076310
2725,390.428,194.771,18.333,29.968,0.0228910
2725,365.237,192.044,19.153,33.813,0.0117280
2900,417.488,198.563,19.197,26.657,0.0253080
2900,332.366,193.562,27.592,35.621,0.0071820
2900,637.829,199.439,20.185,30.271,0.0674140
2900,619.740,197.668,19.489,33.118,0.0068570
2925,442.792,203.980,23.654,27.720,0.1045420
2925,414.089,200.703,21.564,28.085,0.0493300
2925,446.303,205.616,32.354,33.603,0.0445540
2925,591.355,202.223,21.105,30.114,0.0396620
2925,402.353,199.085,21.737,26.230,0.0061750
2925,606.069,202.339,19.491,27.648,0.0105760
2925,442.792,203.980,23.654,27.720,0.0066240
2925,447.348,202.134,30.164,33.882,0.0054260
2950,387.429,201.227,21.988,32.924,0.1481090
2950,366.297,198.289,27.277,36.986,0.0352210
2950,496.007,198.875,26.791,40.107,0.0312040
2950,415.368,201.447,19.961,30.595,0.0101320
2950,403.035,201.983,20.863,29.660,0.0090380
2950,478.068,199.627,28.807,38.799,0.0068280
2950,467.283,199.124,27.321,38.898,0.0067190
2950,512.405,209.484,21.952,26.503,0.0058680
2975,467.404,201.336,34.998,35.683,0.0541000
2975,365.708,193.114,26.559,40.711,0.0376570
2975,472.518,201.255,34.984,35.681,0.0050770
3000,464.870,203.297,31.839,32.970,0.1247230
3000,540.935,203.606,23.634,29.568,0.2256410
3000,482.297,208.710,24.938,27.064,0.0523150
3000,369.124,201.573,21.793,29.916,0.0063230
3000,188.173,197.456,27.619,37.868,0.0052490
