25,432.003,139.074,21.735,62.518,0.1231010
25,12.024,122.375,33.421,168.919,0.0738570
25,432.796,135.656,19.150,37.278,0.0364550
25,678.874,193.427,31.854,87.998,0.6415570
25,477.702,62.768,75.100,243.488,0.0306910
25,504.685,53.307,40.642,104.871,0.0068410
25,447.038,77.940,79.067,209.582,0.0062730
25,658.296,185.076,35.212,92.883,0.7782030
25,594.948,178.173,63.378,155.388,0.0370460
25,688.901,150.804,31.540,201.763,0.0196410
25,641.196,161.244,54.141,163.961,0.0191820
25,493.781,104.371,48.040,147.392,0.0078950
25,522.243,63.949,38.434,91.488,0.0070660
25,15.701,132.790,34.697,107.645,0.0072670
25,540.573,119.191,119.909,247.013,0.7036330
25,477.702,62.768,75.100,243.488,0.1566570
25,563.110,171.581,60.235,164.326,0.0650740
25,501.942,99.249,119.294,243.427,0.0504940
25,504.685,53.307,40.642,104.871,0.0201070
25,431.877,35.839,179.755,409.689,0.0117860
25,447.038,77.940,79.067,209.582,0.0050900
50,459.537,115.171,37.268,116.080,0.0281510
50,635.661,129.253,50.223,189.456,0.0073660
50,174.702,223.322,21.383,54.231,0.0177830
50,433.448,135.184,34.439,92.249,0.0083370
50,573.899,96.370,130.141,256.733,0.9084860
50,549.075,65.456,105.114,246.077,0.0427030
50,592.907,128.710,73.831,194.681,0.0231830
50,491.922,65.425,134.722,294.674,0.0142720
50,609.629,16.641,14.126,22.480,0.0060670
50,635.661,129.253,50.223,189.456,0.0056090
50,600.028,202.837,73.932,155.138,0.0054460
75,13.177,233.904,23.654,47.533,0.0081080
75,496.632,86.297,37.104,121.826,0.1148570
75,529.063,75.884,136.536,275.558,0.0073870
75,475.039,70.646,81.833,220.987,0.1722600
75,607.251,152.669,55.822,136.213,0.0060980
75,678.164,168.006,28.614,80.548,0.2269400
75,510.884,71.331,85.253,223.824,0.0094110
75,687.710,157.829,27.708,67.945,0.0093270
75,242.333,211.175,16.935,33.446,0.0074510
75,434.990,103.084,94.265,157.313,0.0063230
75,682.013,158.981,33.622,158.420,0.0062140
75,496.632,86.297,37.104,121.826,0.0065240
75,589.644,99.993,130.439,251.552,0.9119140
75,529.063,75.884,136.536,275.558,0.0278010
75,458.870,79.440,113.661,262.781,0.0090730
75,607.251,152.669,55.822,136.213,0.0060340
75,678.164,168.006,28.614,80.548,0.0052300
100,632.139,75.743,89.111,327.601,0.4722560
100,14.589,220.158,28.645,123.878,0.0106500
100,647.786,189.748,57.985,187.786,0.0079440
100,437.662,223.870,15.160,35.274,0.0362880
100,349.757,177.269,25.833,90.441,0.0249020
100,382.775,192.401,16.297,47.559,0.0158130
100,513.837,33.774,82.871,231.047,0.0147280
100,437.770,201.356,18.307,47.857,0.0143120
100,388.022,167.246,15.367,43.901,0.0142830
100,550.399,58.102,72.110,252.656,0.0110190
100,119.750,204.391,42.106,95.087,0.0088020
100,355.845,196.984,16.718,48.072,0.0087880
100,675.965,138.695,33.681,159.878,0.0069070
100,474.872,84.789,84.944,197.240,0.0058050
100,622.936,77.814,96.725,294.794,0.5716230
100,647.786,189.748,57.985,187.786,0.0091320
125,457.946,195.821,18.056,44.555,0.0073700
125,465.058,130.759,17.108,41.383,0.0394950
125,170.538,226.779,18.592,40.368,0.0234870
125,375.776,164.846,31.854,86.162,0.0886460
125,544.168,2.632,90.125,290.391,0.0769960
125,384.897,185.975,17.523,48.837,0.0717020
125,456.940,120.112,39.154,130.843,0.0692470
125,575.341,52.779,88.528,252.349,0.0286870
125,464.640,141.679,20.525,64.485,0.0243310
125,392.734,167.920,17.152,44.322,0.0206480
125,566.381,121.911,54.554,120.002,0.0149810
125,354.737,172.589,33.523,84.475,0.0143030
125,442.697,130.721,16.518,40.948,0.0088210
125,510.383,86.483,81.423,185.205,0.0071310
125,579.145,2.000,41.620,55.499,0.0057870
125,386.476,151.648,29.743,79.448,0.0057830
125,429.730,133.602,40.587,105.562,0.0051750
125,35.460,133.767,36.275,93.510,0.0052550
125,11.536,106.703,41.970,302.041,0.0077780
150,579.284,226.843,17.893,41.687,0.0066070
150,466.561,118.328,34.241,125.655,0.0328300
150,376.587,165.946,34.943,102.072,0.0196950
150,469.618,76.377,92.296,212.965,0.0119640
150,494.996,10.207,100.576,348.019,0.0093940
150,638.246,3.473,57.324,363.059,0.0087480
150,434.742,96.906,86.306,180.827,0.0073840
175,659.871,213.279,23.235,66.113,0.0083590
175,647.914,185.697,35.667,79.628,0.0629650
175,492.919,81.754,37.313,124.290,0.0052220
175,427.686,76.434,91.975,217.812,0.1385400
175,459.759,113.958,46.752,136.645,0.0084010
175,395.468,154.874,18.008,52.635,0.0185020
175,414.360,150.385,20.947,53.466,0.0137730
175,387.115,185.671,18.676,57.003,0.0122520
175,460.163,51.779,89.679,197.155,0.0107850
175,391.058,146.536,30.200,82.455,0.0077160
175,355.001,163.126,23.291,96.703,0.0061160
175,402.804,135.648,13.973,34.634,0.0060020
175,417.007,133.444,19.544,36.322,0.0057080
175,673.472,203.030,36.968,96.468,0.0053240
175,427.686,76.434,91.975,217.812,0.0748440
175,467.847,192.312,23.262,51.597,0.0136220
175,459.759,113.958,46.752,136.645,0.0129140
175,29.212,141.865,56.807,150.666,0.0073190
175,473.069,217.772,17.467,41.252,0.0057560
200,527.745,141.042,35.151,88.769,0.0078390
200,466.858,58.541,92.153,259.373,0.0297890
200,420.721,131.175,32.952,107.193,0.0650030
200,425.602,149.269,20.761,60.453,0.0372460
200,390.374,183.613,19.658,62.131,0.0313840
200,387.984,166.320,30.606,96.866,0.0226630
200,509.856,87.640,67.107,198.242,0.0190870
200,395.921,158.416,21.881,58.115,0.0139510
200,389.281,144.633,38.782,90.686,0.0124910
200,368.445,194.507,16.279,49.751,0.0118750
200,357.470,166.401,31.806,106.357,0.0083000
200,401.618,133.634,61.207,170.918,0.0076690
200,122.151,252.775,20.854,42.980,0.0074660
200,100.520,249.291,18.996,52.236,0.0064600
200,20.679,135.636,17.907,33.347,0.0059340
200,310.166,231.759,16.561,30.613,0.1002890
200,518.329,65.260,12.567,19.637,0.0072710
200,308.534,225.954,25.346,53.340,0.0060420
200,466.858,58.541,92.153,259.373,0.0050070
225,433.840,121.105,19.648,49.365,0.0155850
225,573.540,201.859,25.047,47.545,0.6993920
225,430.734,101.235,34.150,99.344,0.0440590
225,403.958,109.041,57.962,151.650,0.0116920
225,447.613,99.074,35.809,106.410,0.0077560
225,362.046,101.326,68.489,170.130,0.0064960
225,393.554,161.124,18.564,46.594,0.0057690
225,424.671,222.563,17.757,33.977,0.2502790
225,433.840,121.105,19.648,49.365,0.0083930
225,248.857,222.943,20.406,36.147,0.0454480
225,239.383,197.780,37.355,56.483,0.0115040
225,392.666,227.334,15.672,28.779,0.0109850
250,73.896,168.490,22.161,43.029,0.0444980
250,532.250,186.491,32.795,69.003,0.2352910
250,462.129,96.161,22.328,29.072,0.0138460
250,678.416,185.821,25.640,65.753,0.1788440
250,659.577,177.250,37.596,78.796,0.4205290
250,430.423,126.762,21.530,39.841,0.0077490
250,392.206,156.588,21.081,55.214,0.0185260
250,419.695,136.403,32.493,78.068,0.0481500
250,508.256,2.000,79.973,405.822,0.0119090
250,476.260,30.301,82.180,231.719,0.0107090
250,670.243,139.708,38.019,104.130,0.0050890
250,199.191,301.979,16.796,21.897,0.0079650
250,535.867,193.832,25.705,62.004,0.0058610
250,462.129,96.161,22.328,29.072,0.0070820
250,659.577,177.250,37.596,78.796,0.2614670
250,425.366,144.347,23.174,61.399,0.0365680
250,430.423,126.762,21.530,39.841,0.0364980
250,392.206,156.588,21.081,55.214,0.0154540
250,422.637,118.221,38.164,62.354,0.0069400
250,279.972,93.528,16.824,24.353,0.0064870
250,455.219,78.484,37.399,70.648,0.0064470
250,352.186,231.539,13.864,25.075,0.0055670
275,591.397,194.639,27.175,62.651,0.7720850
275,426.416,137.502,37.425,83.677,0.0278520
275,447.166,138.436,41.188,84.187,0.0173240
275,434.365,147.904,20.467,62.217,0.0153930
275,440.503,52.437,57.739,269.525,0.0140510
275,511.086,2.000,145.177,327.454,0.0111900
275,490.528,28.994,118.248,232.239,0.0090120
275,411.162,80.794,57.296,213.957,0.0071330
275,399.536,163.553,17.242,44.549,0.0064190
275,462.559,148.965,23.770,51.659,0.0062110
275,685.257,121.313,19.444,43.090,0.0050480
275,10.726,190.240,27.270,112.766,0.0161520
275,497.909,43.849,41.923,61.027,0.0279770
275,504.736,64.123,18.489,24.846,0.0217070
275,11.061,213.088,21.367,62.773,0.0097100
275,353.795,215.840,14.237,22.859,0.0075100
275,275.378,96.485,16.774,22.983,0.0072020
275,500.415,63.874,38.276,70.229,0.0067860
275,238.303,99.169,17.870,20.739,0.0066160
275,499.035,85.532,19.418,31.168,0.0060810
275,494.060,2.000,101.974,260.890,0.0053570
300,14.459,165.483,19.150,39.979,0.0256150
300,32.490,166.227,19.868,42.848,0.1815900
300,675.280,176.675,31.881,94.828,0.7935460
300,475.040,93.775,18.957,35.838,0.0197770
300,469.514,76.247,31.430,70.162,0.0154960
300,136.527,229.093,19.840,47.919,0.0102300
300,652.028,119.912,51.813,138.072,0.0081530
300,583.659,2.000,88.225,261.898,0.0077400
300,623.860,2.000,76.649,348.440,0.0056200
300,496.824,94.843,17.544,28.598,0.0050330
300,438.928,238.778,15.685,26.559,0.0538500
300,543.242,161.819,19.925,37.886,0.0097950
300,365.290,220.478,13.960,19.073,0.0086340
300,562.027,2.000,44.372,63.737,0.0075090
300,545.044,132.939,18.751,26.617,0.0073320
300,279.752,95.205,16.550,22.154,0.0067790
300,309.313,98.706,16.289,22.102,0.0065710
325,22.238,163.121,24.801,38.447,0.3031480
325,531.451,63.191,32.655,80.764,0.0340300
325,535.682,77.563,22.262,44.805,0.0260870
325,526.104,39.213,43.401,73.252,0.0092060
325,540.619,119.678,22.553,40.194,0.0082010
325,466.899,150.785,17.874,48.450,0.0067520
325,624.501,157.196,18.090,37.800,0.0066080
325,540.422,59.501,16.321,30.121,0.0065060
325,511.897,87.539,17.311,38.024,0.0064650
325,501.473,156.100,16.378,40.811,0.0061330
325,548.370,158.526,19.047,39.112,0.0052080
325,22.238,163.121,24.801,38.447,0.0431040
325,461.707,239.037,18.258,32.184,0.1467970
325,207.878,219.938,21.846,43.733,0.0301680
325,381.779,232.684,13.848,24.495,0.0178810
325,655.708,86.165,17.083,27.171,0.0157000
325,287.148,96.172,14.588,22.161,0.0149520
325,433.814,240.363,15.466,27.748,0.0140390
325,197.631,217.675,28.284,57.254,0.0082940
325,79.653,171.900,18.420,32.977,0.0073770
325,625.542,89.787,17.268,21.432,0.0068740
325,575.411,160.094,18.620,36.537,0.0061110
325,381.931,217.445,16.469,25.180,0.0055630
350,568.287,2.000,37.300,64.647,0.0426800
350,603.820,2.000,37.155,60.138,0.0413650
350,614.166,14.387,15.772,32.381,0.0307030
350,473.608,126.441,16.420,36.099,0.0265810
350,577.799,11.774,15.265,37.703,0.0135670
350,513.677,130.477,14.719,26.666,0.0090010
350,133.985,222.900,19.998,37.251,0.0622010
350,656.942,113.684,25.767,51.419,0.2480400
350,387.910,217.104,17.084,22.667,0.0848770
350,479.754,239.821,17.197,32.761,0.0124820
350,381.623,230.606,13.535,22.146,0.0088390
350,650.364,68.743,40.021,78.754,0.0069770
350,679.654,2.000,40.817,82.337,0.0051770
375,13.938,174.129,32.323,88.113,0.0116160
375,388.206,215.888,14.973,22.267,0.0076510
375,625.671,123.356,20.133,44.695,0.0188840
375,44.768,222.197,21.734,40.267,0.0213560
375,545.599,242.672,20.134,36.856,0.0055980
375,388.206,215.888,14.973,22.267,0.0942780
375,625.671,123.356,20.133,44.695,0.0470660
375,681.983,240.737,24.262,96.623,0.0349350
375,370.120,217.004,14.575,20.656,0.0182870
375,461.217,234.349,19.333,35.901,0.0106780
375,275.043,229.090,17.112,26.741,0.0074370
400,382.945,222.449,15.367,25.560,0.0147590
400,385.837,215.235,16.659,26.220,0.1485020
400,315.238,213.412,15.953,23.294,0.0136420
400,13.345,156.120,34.765,120.725,0.0208240
400,506.852,87.353,15.230,34.447,0.0127800
400,581.436,211.381,32.640,77.383,0.0092560
400,496.674,66.813,37.425,79.293,0.0061680
400,382.945,222.449,15.367,25.560,0.0275790
400,385.837,215.235,16.659,26.220,0.0622210
400,689.542,54.080,18.335,38.905,0.0109300
400,315.238,213.412,15.953,23.294,0.0099120
400,688.551,74.221,18.494,41.423,0.0146890
400,13.345,156.120,34.765,120.725,0.0089450
400,366.928,213.841,15.112,25.884,0.0101930
400,683.047,37.538,28.751,109.100,0.0078000
425,536.861,2.000,40.757,71.183,0.0098130
425,683.884,104.738,21.446,67.019,0.1658990
425,676.030,99.280,31.831,130.340,0.0282060
425,676.219,39.733,40.938,273.012,0.0186860
425,685.244,134.746,20.679,60.149,0.0130240
425,563.139,2.000,44.358,78.551,0.0111490
425,2.787,176.353,27.368,91.993,0.0090500
425,3.240,195.163,17.586,55.423,0.0071680
425,312.716,218.740,16.056,20.019,0.0061150
425,392.194,217.974,17.158,25.166,0.0235590
425,545.711,53.956,17.238,29.306,0.0342140
425,367.859,227.358,16.222,23.525,0.3757730
425,365.467,221.024,17.510,22.100,0.0570740
425,382.407,227.150,16.271,23.966,0.0422540
425,431.426,100.976,14.695,19.007,0.0115450
425,314.689,228.885,15.491,20.782,0.0104140
425,536.861,2.000,40.757,71.183,0.0080980
425,509.181,25.003,13.788,22.588,0.0064320
450,389.655,215.578,15.802,25.816,0.0654370
450,293.810,215.571,15.081,20.830,0.0753780
450,363.373,217.427,14.383,24.312,0.1536570
450,544.365,261.173,20.580,40.508,0.0149650
450,580.683,259.647,20.871,45.055,0.0177610
450,118.617,127.537,15.166,35.298,0.0110900
450,661.321,260.309,17.825,49.389,0.0057990
450,389.655,215.578,15.802,25.816,0.0299410
450,384.723,224.406,13.881,23.792,0.0448570
450,25.638,235.346,15.246,29.146,0.0149000
450,293.810,215.571,15.081,20.830,0.0872070
450,364.748,224.922,12.905,22.195,0.1730360
450,544.365,261.173,20.580,40.508,0.0105400
450,572.318,217.289,30.385,78.181,0.0097760
450,575.087,250.599,31.349,61.887,0.0089780
475,359.411,208.192,17.247,29.697,0.1127670
475,388.710,209.763,16.339,26.179,0.0083380
475,280.263,204.217,15.574,21.542,0.0151340
475,650.609,215.279,32.722,82.113,0.0066830
475,359.411,208.192,17.247,29.697,0.2239320
475,388.710,209.763,16.339,26.179,0.0079910
475,280.263,204.217,15.574,21.542,0.0375370
475,391.176,264.543,14.056,29.141,0.0156070
475,312.890,208.465,14.191,23.171,0.0111260
475,613.316,220.875,33.012,70.263,0.0079590
500,380.407,196.535,21.877,37.934,0.0658640
500,662.083,236.905,16.760,47.003,0.0212230
500,380.407,196.535,21.877,37.934,0.2006690
500,366.894,204.917,15.529,23.720,0.0166810
500,504.640,229.133,18.586,42.165,0.0150350
500,474.855,16.335,12.964,28.658,0.0136310
500,539.481,231.252,19.930,45.298,0.0133690
500,455.151,2.000,42.067,63.299,0.0121610
500,313.638,196.790,15.354,24.512,0.0086920
500,581.259,235.236,18.738,42.915,0.0061990
500,471.699,262.932,15.465,33.045,0.0052960
525,418.944,204.305,19.080,38.343,0.3096180
525,399.180,206.680,19.211,35.092,0.4986530
525,322.564,203.127,16.154,23.213,0.0097870
525,577.264,241.549,17.393,41.334,0.0072100
525,347.915,206.064,15.299,24.075,0.0070870
525,579.898,258.722,17.578,40.282,0.0062580
525,662.208,239.443,16.320,46.717,0.0062570
525,418.944,204.305,19.080,38.343,0.0235230
525,399.180,206.680,19.211,35.092,0.0250520
525,397.539,215.635,15.888,38.308,0.0150050
525,36.607,176.688,37.649,94.115,0.0114840
525,193.695,207.480,17.010,25.204,0.0111980
525,421.891,64.789,11.743,20.798,0.0106140
525,545.782,261.035,15.412,35.813,0.0106030
525,541.958,240.168,17.534,37.119,0.0084520
525,423.926,216.555,17.491,37.325,0.0068630
525,507.835,261.112,14.417,34.127,0.0056530
525,13.020,164.580,34.086,114.803,0.0055600
550,424.514,190.441,24.535,48.466,0.2511020
550,405.405,194.173,20.038,33.758,0.3386320
550,454.324,188.977,22.393,52.485,0.5490960
550,275.571,194.680,14.775,26.463,0.0586380
550,11.100,175.105,39.044,142.959,0.0095170
550,311.294,190.340,15.180,27.584,0.0212110
550,659.614,237.394,15.848,46.178,0.0088630
550,458.234,213.745,18.085,41.472,0.0059400
550,424.514,190.441,24.535,48.466,0.0276120
550,405.405,194.173,20.038,33.758,0.0222620
550,344.147,193.967,15.495,23.215,0.0126240
550,275.571,194.680,14.775,26.463,0.0445390
550,186.343,193.429,18.597,28.492,0.0406420
550,11.100,175.105,39.044,142.959,0.0302100
550,33.840,163.473,49.148,112.169,0.0200450
550,543.423,226.705,20.490,39.188,0.0180480
550,576.321,234.437,18.666,41.946,0.0135650
550,311.294,190.340,15.180,27.584,0.0054990
575,434.331,185.458,25.577,46.009,0.3073700
575,490.442,184.949,23.109,56.257,0.5352490
575,466.633,185.613,23.076,53.313,0.2899000
575,327.374,190.907,16.510,30.597,0.0081670
575,656.024,225.333,18.574,44.880,0.0109050
575,4.693,161.450,28.724,161.512,0.0066320
575,690.728,226.120,17.465,45.623,0.0061310
575,484.458,185.502,33.030,62.892,0.0079130
575,434.331,185.458,25.577,46.009,0.2136330
575,466.633,185.613,23.076,53.313,0.0067800
575,327.374,190.907,16.510,30.597,0.0495710
575,352.490,194.912,16.484,24.026,0.0477010
575,388.009,197.232,17.500,25.721,0.0217200
575,9.728,149.874,25.396,132.951,0.0150700
575,11.484,191.329,18.581,51.575,0.0057680
600,432.940,186.158,28.657,55.786,0.0463880
600,498.229,176.348,30.312,82.791,0.4646840
600,307.635,197.402,18.006,33.459,0.4791120
600,448.904,181.845,24.241,59.725,0.1526910
600,521.600,182.761,31.523,67.042,0.0097740
600,432.940,186.158,28.657,55.786,0.0247510
600,307.635,197.402,18.006,33.459,0.0080160
600,345.868,204.216,17.154,26.676,0.0356330
600,210.944,212.366,15.244,23.998,0.0056120
600,389.392,199.923,20.064,30.344,0.0052660
625,5.780,188.171,17.582,55.956,0.0067500
625,52.911,177.373,27.554,73.704,0.0091590
625,469.842,172.320,23.524,60.368,0.1681180
625,487.166,171.808,23.638,62.756,0.1127480
625,347.279,194.357,18.470,34.870,0.0376420
625,577.372,140.157,44.325,121.711,0.8657400
625,614.564,148.170,41.127,111.536,0.7669600
625,331.988,197.400,19.095,38.180,0.0584670
625,574.066,91.070,52.110,231.166,0.0219830
625,597.414,125.744,62.655,168.590,0.0198830
625,624.289,177.959,21.057,63.379,0.0058210
625,5.780,188.171,17.582,55.956,0.0058290
625,52.911,177.373,27.554,73.704,0.0105550
625,469.842,172.320,23.524,60.368,0.0186360
625,484.927,168.865,30.564,77.538,0.0171950
625,388.103,199.097,16.947,28.395,0.0144970
625,196.131,206.898,17.081,27.593,0.0091650
625,347.279,194.357,18.470,34.870,0.0076660
625,578.825,139.688,42.835,110.844,0.0055280
650,575.561,190.208,35.887,80.376,0.5103670
650,425.725,230.479,21.776,34.150,0.1655590
650,596.128,184.262,32.544,79.871,0.0715520
650,585.916,199.372,19.495,57.132,0.0302240
650,601.313,210.992,21.900,52.686,0.0186870
650,570.071,153.398,48.547,190.072,0.0061420
650,289.703,246.785,17.145,26.797,0.0057140
650,575.561,190.208,35.887,80.376,0.0638120
650,425.725,230.479,21.776,34.150,0.0165820
650,463.129,234.898,20.378,28.132,0.0142000
650,210.843,237.686,16.253,30.356,0.0135080
650,508.187,230.310,15.979,34.268,0.0095040
650,516.593,13.187,11.614,25.198,0.0063040
675,455.692,238.290,20.473,37.469,0.1805950
675,674.448,174.078,32.450,103.314,0.4225500
675,654.573,180.723,43.842,111.367,0.7169910
675,688.046,187.864,19.940,70.267,0.1849810
675,78.261,225.929,33.811,62.768,0.0188860
675,678.306,145.985,39.021,199.981,0.0068790
675,121.661,240.090,18.049,39.826,0.0050560
675,455.692,238.290,20.473,37.469,0.0389840
675,656.437,177.685,41.734,106.166,0.0539560
675,516.587,94.315,15.327,24.481,0.0361290
675,315.652,251.434,19.763,27.582,0.0128750
675,638.747,153.220,66.915,148.827,0.0061990
700,534.237,251.843,19.722,34.884,0.5706860
700,475.152,259.387,21.955,37.250,0.4671650
700,491.836,260.599,21.814,32.849,0.0450340
700,500.324,249.545,20.620,38.469,0.0091990
700,534.535,258.807,19.669,35.344,0.0064880
700,475.152,259.387,21.955,37.250,0.1322490
700,159.046,249.097,30.449,64.759,0.0174350
700,491.836,260.599,21.814,32.849,0.0563330
700,362.043,171.094,14.712,20.075,0.0251350
725,573.643,236.939,19.990,32.556,0.0114070
725,510.087,233.553,22.914,39.699,0.2892500
725,553.919,229.225,21.958,41.317,0.6525960
725,325.101,246.288,20.351,33.553,0.0166910
725,129.040,61.901,12.064,27.235,0.0096980
725,686.166,205.695,18.192,34.566,0.0054130
725,510.087,233.553,22.914,39.699,0.0551010
725,553.919,229.225,21.958,41.317,0.0050830
725,356.243,250.784,21.913,28.579,0.0457680
725,376.683,249.830,19.588,29.942,0.0405070
725,364.835,139.192,13.013,19.290,0.0380850
725,377.596,261.557,19.708,26.691,0.0161710
725,354.835,260.740,19.056,27.164,0.0151370
725,322.240,259.987,16.680,29.842,0.0096130
725,325.101,246.288,20.351,33.553,0.0082790
725,360.638,164.269,14.051,22.595,0.0072440
725,534.270,225.726,35.676,55.218,0.0061800
750,562.311,213.607,26.370,46.021,0.3950950
750,313.803,238.205,21.332,33.238,0.0414330
750,614.289,195.648,26.082,61.914,0.7818570
750,268.096,235.051,17.539,30.305,0.0188500
750,553.409,220.217,23.202,44.151,0.0151810
750,342.032,242.270,19.888,27.245,0.2414430
750,313.803,238.205,21.332,33.238,0.1565410
750,367.603,131.338,14.398,19.767,0.0280940
750,96.488,8.607,15.385,28.247,0.0089340
750,383.988,125.974,14.681,20.470,0.0060620
775,662.384,221.577,23.131,49.770,0.0096390
775,129.618,231.219,21.939,40.447,0.0380010
775,618.746,231.260,26.124,44.875,0.1110300
775,576.274,246.893,18.197,32.312,0.0058950
775,674.077,195.652,30.609,88.720,0.8260140
775,687.570,198.697,21.762,67.174,0.0353830
775,159.127,231.266,18.095,35.325,0.0125130
775,687.831,155.373,32.418,201.299,0.0096830
775,367.137,104.718,11.107,20.591,0.0186810
775,129.618,231.219,21.939,40.447,0.0455170
775,234.455,256.692,19.473,35.713,0.0297040
775,364.062,124.724,11.356,19.314,0.0138510
775,540.145,140.873,13.096,18.956,0.0128300
775,516.158,139.732,12.832,18.564,0.0108690
775,549.854,250.451,19.835,29.069,0.0101770
775,546.692,259.534,18.933,32.409,0.0099350
775,9.934,227.221,16.357,46.940,0.0094850
775,320.236,262.259,19.555,27.991,0.0088300
775,618.746,231.260,26.124,44.875,0.0064030
775,576.274,246.893,18.197,32.312,0.0056430
775,513.367,168.957,15.389,20.879,0.0052780
800,641.573,235.777,34.473,75.943,0.2400590
800,621.151,230.707,39.293,89.908,0.0105090
800,678.793,235.614,25.885,87.369,0.0086650
800,573.925,259.962,21.207,36.290,0.0071000
800,625.601,249.717,19.166,39.201,0.0399000
800,188.618,256.412,33.286,41.466,0.0101720
800,691.130,233.881,17.679,51.962,0.0071430
800,638.628,234.676,39.013,71.583,0.0081550
800,472.399,269.856,20.454,29.169,0.0332500
800,314.176,132.842,12.108,20.921,0.0136890
800,315.087,99.981,11.894,21.182,0.0131980
800,314.714,272.493,19.416,30.115,0.0117760
800,507.842,171.350,13.275,20.062,0.0072070
800,9.644,256.891,16.047,46.045,0.0062560
800,506.677,142.424,12.618,19.002,0.0052260
800,573.925,259.962,21.207,36.290,0.0050760
825,607.245,263.136,15.387,28.292,0.0133880
825,682.273,253.205,21.965,55.477,0.0078180
825,288.196,238.876,20.034,35.292,0.0072710
825,607.245,263.136,15.387,28.292,0.2348650
825,682.273,253.205,21.965,55.477,0.1056700
825,456.936,263.279,23.173,28.639,0.0340600
825,642.676,224.685,40.810,86.664,0.8054590
825,646.432,246.661,22.983,56.387,0.0687410
825,434.975,263.094,20.258,26.996,0.0320720
825,433.565,132.431,12.408,18.886,0.0220590
825,496.236,262.576,23.417,30.510,0.0195280
825,654.929,235.297,21.979,63.768,0.0193240
825,457.375,247.823,26.817,31.136,0.0185320
825,434.757,250.047,23.215,29.265,0.0151390
825,492.133,247.920,26.689,32.714,0.0101410
825,644.895,165.849,51.239,242.088,0.0079990
825,212.899,55.813,11.353,20.491,0.0061420
825,211.375,20.107,11.942,28.231,0.0060880
825,2.000,2.000,16.831,34.315,0.0056020
825,207.713,134.431,14.209,18.027,0.0055910
850,383.883,231.790,28.610,34.441,0.0135350
850,342.511,230.153,28.035,32.206,0.0901770
850,47.138,236.608,21.722,32.870,0.0144150
850,629.407,197.401,47.763,99.042,0.8038610
850,515.391,232.539,20.213,34.283,0.6908180
850,531.045,234.189,18.119,30.146,0.0420840
850,327.733,98.083,12.930,17.841,0.0248350
850,50.158,101.008,13.183,17.674,0.0079730
850,316.645,229.620,29.628,30.147,0.0072370
850,339.923,2.000,382.077,576.000,0.0066810
850,456.570,212.421,20.750,33.562,0.0058520
850,636.126,225.452,49.851,92.407,0.0057090
850,503.099,215.992,34.978,65.830,0.0056230
875,413.785,255.035,23.890,34.394,0.0521830
875,403.812,249.929,22.753,33.697,0.0275740
875,410.615,250.767,23.316,35.397,0.7099080
875,410.508,245.289,34.687,56.487,0.0089290
875,608.072,194.929,62.212,139.485,0.8837920
875,200.475,64.570,12.225,21.583,0.0178230
875,593.317,147.314,112.797,221.117,0.0174450
875,342.432,234.583,27.824,41.581,0.0119610
875,202.181,240.910,24.844,30.251,0.0108810
875,467.603,42.023,254.397,439.719,0.0080980
875,2.000,2.000,16.976,32.084,0.0071100
875,458.702,257.537,20.719,33.648,0.0068160
875,299.001,133.799,422.999,318.396,0.0058930
900,639.979,163.209,69.916,188.528,0.2291510
900,662.330,96.370,13.253,20.649,0.0054370
900,338.619,245.145,21.957,35.624,0.2261860
900,328.040,242.531,22.371,41.680,0.0091850
900,623.350,230.421,21.966,37.373,0.0794330
900,667.532,180.472,43.987,145.013,0.1694630
900,692.937,227.080,20.138,47.581,0.0135730
900,338.619,245.145,21.957,35.624,0.0179900
900,328.040,242.531,22.371,41.680,0.4554390
900,648.697,185.271,48.150,136.411,0.4878000
900,58.726,94.004,14.444,18.979,0.0116770
900,79.682,12.686,14.731,27.318,0.0111420
900,90.533,101.528,12.471,17.492,0.0104410
900,624.671,93.828,97.329,275.769,0.0093230
900,649.683,223.417,19.551,45.166,0.0090540
900,69.446,2.000,43.858,55.575,0.0088500
900,622.480,212.630,19.371,36.509,0.0079750
900,314.831,231.783,24.051,53.338,0.0059480
925,318.108,228.503,21.526,40.563,0.2337730
925,12.073,89.095,167.582,262.499,0.1732250
925,55.587,2.000,135.656,452.105,0.0099690
925,8.519,144.693,122.039,160.434,0.0081690
925,627.689,222.443,20.400,41.067,0.1880890
925,318.108,228.503,21.526,40.563,0.0132490
925,269.513,225.115,29.220,54.322,0.7872340
925,12.073,89.095,167.582,262.499,0.0512090
925,55.587,2.000,135.656,452.105,0.0305590
925,144.258,171.758,119.550,178.517,0.0102720
925,194.212,211.434,36.177,90.947,0.0099170
925,619.871,213.059,25.726,66.037,0.0065070
925,162.515,223.902,22.394,39.183,0.0052740
950,575.932,217.474,23.717,48.944,0.3436310
950,575.932,217.474,23.717,48.944,0.3110490
950,199.940,172.315,16.317,24.903,0.1013670
975,507.705,208.936,29.844,71.096,0.0322450
975,691.452,188.802,19.441,55.933,0.0183670
975,618.824,225.495,20.238,51.573,0.0104110
975,693.387,219.702,17.464,49.567,0.0077650
975,663.008,225.262,17.560,47.212,0.0052810
975,512.747,214.206,26.076,58.281,0.7856760
975,117.856,225.345,17.542,34.259,0.3633920
975,46.154,232.522,20.042,37.853,0.0262650
975,88.798,231.347,18.263,31.878,0.0083010
975,525.078,219.383,22.575,56.171,0.0080790
1000,46.517,215.099,22.280,38.046,0.0870850
1000,507.527,192.162,30.594,86.294,0.1927620
1000,278.594,231.810,14.901,30.907,0.0173300
1000,206.945,233.544,14.614,29.827,0.0154740
1000,692.495,184.330,19.682,61.515,0.0132000
1000,274.656,214.400,17.482,31.503,0.0099700
1000,206.403,212.049,13.645,24.894,0.0095670
1000,248.129,229.673,14.966,30.926,0.0059840
1000,246.040,206.248,14.603,36.564,0.0054030
1000,46.517,215.099,22.280,38.046,0.1025190
1000,509.743,195.964,28.627,67.097,0.7680480
1025,541.187,188.137,30.633,98.099,0.6505180
1025,51.041,237.809,14.933,27.793,0.0082970
1025,249.750,234.265,14.910,32.070,0.0388760
1025,689.123,181.629,18.374,68.083,0.0143910
1025,660.458,222.084,18.975,49.355,0.0065050
1025,530.915,143.843,48.261,218.036,0.0062810
1025,615.929,223.214,19.367,50.708,0.0062180
1025,541.310,194.031,31.830,77.003,0.2956750
1025,51.041,237.809,14.933,27.793,0.0279410
1025,249.750,234.265,14.910,32.070,0.0086600
1025,170.624,160.535,81.525,256.438,0.0058800
1050,649.006,169.171,40.875,112.085,0.7307330
1050,52.341,233.074,13.103,34.011,0.0057450
1050,310.832,62.311,15.791,17.328,0.0057020
1050,661.918,203.835,22.974,65.639,0.0055710
1050,248.892,230.130,13.291,36.128,0.0055270
1050,678.149,163.232,30.738,112.635,0.0052710
1050,649.006,169.171,40.875,112.085,0.0580070
1050,2.000,2.342,16.888,32.518,0.0051370
1075,269.748,231.170,16.456,33.657,0.0109840
1075,690.568,180.704,17.192,59.332,0.0057780
1075,51.321,233.326,13.475,33.753,0.0123140
1075,90.921,236.176,14.332,31.134,0.0073630
1075,211.159,125.816,11.705,25.132,0.0053340
1100,691.833,181.674,16.916,66.083,0.0081350
1100,65.105,247.943,17.709,37.135,0.2830380
1125,688.231,182.858,17.541,60.179,0.0104830
1125,661.828,188.688,19.466,57.710,0.0054100
1150,184.681,2.000,47.948,60.995,0.0163730
1150,161.952,2.000,41.864,68.298,0.0080790
1150,691.106,184.562,16.225,55.716,0.0053670
1150,184.681,2.000,47.948,60.995,0.0250920
1150,312.066,234.729,18.007,33.367,0.0052930
1150,201.339,11.475,19.047,32.753,0.0050110
1200,154.324,223.374,17.503,44.102,0.0128640
1200,133.455,227.097,14.711,39.184,0.0065850
1225,692.113,188.465,15.497,51.327,0.0108120
1225,690.887,155.278,17.598,48.988,0.0074680
1225,239.194,236.734,19.102,47.686,0.0071740
1225,690.939,226.709,15.886,50.194,0.0060670
1225,236.894,98.445,15.102,17.465,0.0130670
1250,266.452,2.000,47.458,65.277,0.0058400
1275,364.381,201.940,14.683,36.613,0.0250890
1275,431.596,192.590,18.090,57.825,0.2113680
1275,430.457,194.265,25.058,87.695,0.0111490
1275,364.381,201.940,14.683,36.613,0.0227020
1300,464.612,184.565,28.948,82.347,0.0237300
1300,473.576,196.576,18.423,52.322,0.0145740
1300,468.258,217.047,18.691,44.191,0.0082100
1300,247.568,202.419,12.088,23.588,0.0070890
1300,307.132,24.663,37.980,75.743,0.0083550
1325,489.419,178.172,21.447,61.622,0.5025090
1325,477.268,183.801,20.717,63.285,0.0148530
1325,167.853,200.374,13.751,31.999,0.0148370
1325,206.134,203.722,12.886,26.969,0.0122580
1325,244.422,205.291,11.653,23.651,0.0104370
1325,439.235,204.079,17.432,40.264,0.0073830
1325,128.502,200.124,14.276,34.581,0.0056060
1325,340.329,2.000,40.922,59.457,0.0118610
1350,506.217,130.392,31.965,100.113,0.1414520
1350,514.812,147.789,19.674,50.226,0.0773190
1350,238.328,191.838,12.697,22.924,0.0285990
1350,514.890,133.922,21.312,43.776,0.0249460
1350,207.224,192.840,15.339,25.373,0.0114550
1350,240.224,182.342,12.431,21.328,0.0110920
1350,628.736,2.000,70.162,302.087,0.0068140
1350,279.558,192.312,11.074,20.926,0.0066130
1375,542.244,119.881,39.038,107.302,0.5298220
1375,487.870,192.069,20.020,42.395,0.4006710
1375,545.913,125.893,26.383,56.336,0.1904160
1375,485.200,171.765,36.351,72.544,0.0379810
1375,283.687,190.647,11.354,24.181,0.0299390
1375,492.595,143.561,35.625,86.761,0.0237760
1375,244.272,189.141,12.646,26.361,0.0173790
1375,565.268,110.242,34.741,85.401,0.0114200
1375,202.548,191.934,14.626,25.907,0.0113140
1375,482.224,191.072,18.199,45.042,0.0099880
1375,279.713,182.686,10.895,20.692,0.0085790
1375,169.079,192.002,14.671,29.223,0.0063840
1375,244.903,181.914,11.687,22.586,0.0059020
1400,601.077,118.210,23.955,59.473,0.4214820
1400,600.156,118.782,34.733,95.948,0.6447100
1400,530.444,188.771,19.184,52.031,0.2658310
1400,214.978,187.140,14.324,28.134,0.1691500
1400,229.233,187.160,13.179,26.065,0.1613560
1400,589.158,125.426,33.143,94.264,0.0519130
1400,231.524,182.572,12.292,22.929,0.0418820
1400,650.313,121.281,40.891,100.969,0.0255980
1400,525.472,178.109,33.969,69.918,0.0155000
1400,167.091,186.106,16.035,33.871,0.0108420
1400,438.923,192.493,13.834,29.232,0.0105250
1400,609.799,82.106,47.226,177.993,0.0098130
1400,283.568,192.960,11.181,20.111,0.0070600
1400,636.464,63.254,49.914,226.539,0.0050930
1425,579.780,189.051,33.182,80.543,0.8366640
1425,651.050,83.788,43.639,119.415,0.3561500
1425,201.081,196.931,14.456,26.805,0.3506490
1425,437.045,199.492,13.995,28.624,0.0569940
1425,653.938,166.214,29.937,86.792,0.0529890
1425,638.953,19.264,55.949,248.355,0.0190180
1425,250.869,195.362,13.437,25.671,0.0177580
1425,276.556,197.096,10.842,21.736,0.0126790
1425,168.284,194.668,15.061,29.381,0.0090810
1425,536.830,200.134,17.324,43.030,0.0064990
1425,657.869,179.496,18.288,58.869,0.0056350
1425,129.123,194.332,14.411,33.240,0.0054970
1425,648.589,189.039,32.809,105.892,0.0052380
1450,267.756,198.734,11.174,23.170,0.1547540
1450,167.028,195.559,14.749,30.946,0.4875840
1450,247.464,197.111,9.655,24.145,0.0763450
1450,576.271,148.132,30.548,80.213,0.0360820
1450,604.491,161.308,33.694,105.530,0.0070860
1450,537.785,147.773,31.954,65.079,0.0069640
1450,542.517,161.535,21.148,43.704,0.0063190
1450,207.334,194.102,14.253,27.187,0.0059890
1450,608.365,148.044,26.110,78.807,0.0058370
1450,390.498,199.530,10.504,22.118,0.0052480
1450,267.756,198.734,11.174,23.170,0.0140580
1475,443.256,211.709,14.574,31.075,0.5484560
1475,249.529,214.486,12.521,26.240,0.1200070
1475,158.515,208.229,15.664,28.055,0.0447920
1475,455.991,204.393,15.545,34.207,0.0204490
1475,131.230,205.715,17.436,30.429,0.0199630
1475,392.907,223.320,11.662,26.371,0.0198110
1475,467.233,171.556,17.597,31.326,0.0119910
1475,393.520,209.875,11.733,23.989,0.0070170
1475,554.637,200.188,17.577,45.515,0.0050890
1500,444.184,206.996,15.378,32.833,0.5301250
1500,606.565,161.914,47.563,111.883,0.0226140
1500,201.544,204.790,18.435,32.961,0.0188470
1500,640.554,171.885,45.574,97.152,0.0154780
1500,439.586,220.948,12.959,26.294,0.0134590
1500,454.665,204.208,15.743,32.886,0.0125040
1500,566.851,170.926,47.134,89.456,0.0111780
1500,396.049,224.176,11.423,21.707,0.0108580
1500,578.096,191.846,22.941,52.793,0.0083640
1500,56.134,156.927,19.300,48.298,0.0079270
1500,242.893,215.507,13.550,23.800,0.0072670
1500,431.770,187.238,30.889,61.803,0.0071620
1500,678.423,163.979,29.446,119.144,0.0069510
1500,467.988,169.157,18.481,38.573,0.0059810
1500,683.014,218.103,21.003,64.855,0.0058380
1500,48.247,199.556,20.157,47.584,0.0054460
1500,462.679,139.761,32.101,90.402,0.0053390
1525,492.704,129.814,22.935,41.011,0.0094340
1525,478.001,130.336,19.505,37.337,0.0216360
1525,442.122,208.480,20.411,42.502,0.4624680
1525,433.720,191.401,30.712,68.841,0.0251080
1525,119.489,170.418,20.910,31.639,0.0189570
1525,405.843,226.183,11.880,22.817,0.0117120
1525,462.448,136.376,41.581,99.884,0.0241860
1525,452.770,204.180,19.178,40.333,0.0165620
1525,649.450,176.614,40.805,76.556,0.0108220
1525,248.527,219.756,12.927,24.126,0.0091630
1525,603.727,168.885,44.427,86.680,0.0090760
1525,605.086,145.123,36.607,81.225,0.0084180
1525,86.225,198.540,19.735,38.263,0.0081470
1525,663.496,190.543,22.903,55.233,0.0080380
1525,210.687,212.626,17.704,30.991,0.0075640
1525,485.485,141.514,44.463,84.532,0.0072340
1525,87.472,166.533,18.169,36.407,0.0071060
1525,213.167,219.187,16.700,39.430,0.0067660
1525,687.723,155.810,20.139,50.274,0.0063490
1525,113.708,202.708,20.643,37.064,0.0056320
1525,678.201,169.324,29.359,96.222,0.0055040
1525,469.183,153.634,22.133,47.582,0.0053400
1525,653.038,151.564,36.351,71.436,0.0051960
1525,682.952,188.715,22.329,52.284,0.0050250
1525,442.122,208.480,20.411,42.502,0.0579950
1525,405.843,226.183,11.880,22.817,0.0165260
1550,512.368,119.564,22.109,49.603,0.0126540
1550,495.052,111.246,45.850,128.442,0.0603720
1550,464.533,217.063,19.433,45.646,0.0191170
1550,455.166,190.023,30.273,78.377,0.0095840
1550,27.514,216.264,16.003,41.662,0.0778740
1550,234.124,218.181,15.502,27.543,0.0118590
1550,34.839,214.631,16.694,42.874,0.6158720
1550,423.948,225.191,14.748,33.091,0.0300900
1550,90.888,207.404,17.033,36.163,0.0114350
1550,683.341,133.323,26.814,105.779,0.0087040
1550,652.047,172.234,41.087,94.475,0.0086460
1550,688.026,123.174,18.760,46.911,0.0085700
1550,120.922,201.907,19.523,34.871,0.0077350
1550,689.689,143.964,18.224,56.598,0.0058290
1550,161.865,226.095,16.300,36.615,0.0058030
1550,610.448,170.395,39.921,96.897,0.0052350
1550,462.845,129.091,32.449,120.878,0.0051740
1550,464.533,217.063,19.433,45.646,0.6372950
1550,455.166,190.023,30.273,78.377,0.0275280
1550,233.168,223.289,15.536,32.947,0.0151120
1550,27.514,216.264,16.003,41.662,0.0128150
1550,36.075,210.814,15.843,41.328,0.0075360
1575,544.529,2.000,89.248,370.457,0.0867260
1575,483.314,217.759,20.510,51.519,0.0706030
1575,566.484,33.518,109.416,304.989,0.0351120
1575,559.832,62.817,50.849,106.401,0.0168650
1575,516.685,20.254,87.285,260.398,0.0134110
1575,428.108,231.697,16.743,32.965,0.0110910
1575,486.674,54.635,65.757,187.372,0.0079340
1575,599.787,161.448,50.489,117.553,0.0057100
1575,629.659,69.609,59.238,229.232,0.0054160
1575,544.529,2.000,89.248,370.457,0.1165330
1575,486.853,220.173,21.575,45.784,0.6824300
1575,566.484,33.518,109.416,304.989,0.0074660
1575,500.195,72.921,111.863,208.865,0.0055870
1600,512.798,190.548,26.366,59.231,0.5460970
1600,524.289,191.695,26.087,51.039,0.0093570
1600,480.942,68.646,128.583,164.184,0.0932400
1600,515.442,23.644,138.234,252.435,0.0212560
1600,515.980,177.242,45.001,68.568,0.0121320
1600,475.980,13.654,86.407,274.470,0.0103300
1600,562.447,95.411,132.290,242.360,0.0094950
1600,607.794,15.796,99.034,254.289,0.0075150
1600,512.798,190.548,26.366,59.231,0.0274310
1600,524.289,191.695,26.087,51.039,0.0320620
1600,480.942,68.646,128.583,164.184,0.0238040
1600,159.778,210.353,16.545,32.500,0.0135200
1600,155.190,219.758,17.379,34.143,0.0064300
1625,621.055,214.392,24.365,54.834,0.0064880
1625,494.459,124.324,19.574,33.872,0.0128800
1625,541.002,2.000,96.608,331.284,0.0922040
1625,574.297,208.611,25.965,67.463,0.0593850
1625,559.021,199.454,36.838,81.424,0.6502820
1625,431.153,234.045,13.954,29.519,0.0503060
1625,542.284,194.733,41.976,95.900,0.0117380
1625,562.122,171.066,63.819,180.691,0.0096360
1625,393.205,230.449,12.084,27.293,0.0060900
1625,612.810,2.000,90.224,311.432,0.0059150
1625,621.055,214.392,24.365,54.834,0.0851870
1625,541.002,2.000,96.608,331.284,0.0929380
1625,574.297,208.611,25.965,67.463,0.0425030
1625,559.021,199.454,36.838,81.424,0.0209910
1625,194.018,228.814,12.888,30.295,0.0077230
1625,431.153,234.045,13.954,29.519,0.0053170
1650,542.239,97.245,17.750,33.198,0.0432390
1650,586.430,96.667,14.538,29.012,0.0238370
1650,622.671,2.000,80.235,354.038,0.0226690
1650,681.577,158.150,23.183,120.508,0.0194470
1650,691.369,179.411,18.492,73.834,0.0172760
1650,610.677,97.570,13.574,23.589,0.0084750
1650,533.115,75.578,41.232,126.810,0.0065610
1650,580.553,97.139,97.451,252.364,0.0065270
1650,53.820,224.073,13.528,40.502,0.0057530
1650,511.787,6.446,78.329,281.524,0.0054370
1650,509.939,231.279,18.590,44.126,0.0249550
1650,127.037,230.503,15.720,32.954,0.0062720
1650,85.118,228.255,14.807,32.750,0.0055520
1675,539.293,96.101,17.643,31.484,0.0229590
1675,517.475,106.816,18.751,55.773,0.0138850
1675,536.812,113.063,20.930,41.128,0.0056160
1675,540.558,221.307,25.012,54.876,0.7348930
1675,617.356,64.878,18.072,21.691,0.0073490
1675,543.883,2.000,101.236,360.832,0.0512400
1675,557.180,2.000,79.730,230.486,0.0469300
1675,565.469,61.669,56.944,85.700,0.0353360
1675,510.236,78.199,32.967,125.970,0.0200390
1675,655.919,61.898,18.313,26.146,0.0116590
1675,531.928,77.010,39.796,114.965,0.0102550
1675,590.728,2.000,131.272,265.321,0.0088900
1675,575.346,83.109,19.853,37.682,0.0087300
1675,6.673,228.547,18.296,37.918,0.0082870
1675,590.444,105.928,82.188,231.565,0.0072630
1675,511.449,50.789,81.123,264.670,0.0058300
1675,540.558,221.307,25.012,54.876,0.0176980
1675,348.072,2.000,33.327,72.739,0.0120190
1675,617.356,64.878,18.072,21.691,0.0091000
1675,341.667,2.052,37.188,113.753,0.0057970
1700,579.140,204.050,29.841,78.553,0.4382690
1700,546.929,2.000,88.364,320.407,0.0097770
1700,572.734,56.721,104.615,256.130,0.0097020
1700,196.575,235.063,10.639,27.645,0.0083120
1700,456.279,230.308,16.150,39.598,0.0062200
1700,503.770,2.000,91.521,311.828,0.0056510
1700,579.629,206.630,24.750,76.514,0.0234210
1700,343.114,2.000,45.945,83.489,0.0063440
1725,680.189,216.593,18.816,52.251,0.1023190
1725,640.534,197.295,33.108,94.703,0.7920860
1725,598.286,198.614,31.526,85.409,0.7919060
1725,656.223,209.351,24.088,67.788,0.1370010
1725,458.603,223.749,17.220,37.913,0.1051150
1725,579.750,195.937,40.504,93.267,0.0342510
1725,637.940,162.842,53.408,183.285,0.0272900
1725,441.710,229.217,14.553,32.811,0.0186890
1725,584.122,215.165,23.275,59.287,0.0090960
1725,321.764,227.823,9.998,22.191,0.0082560
1725,601.975,155.793,57.561,192.449,0.0063500
1725,680.189,216.593,18.816,52.251,0.0237650
1725,352.298,2.000,36.530,68.238,0.0097940
1750,671.439,186.329,32.542,116.690,0.7639200
1750,644.188,115.220,54.484,228.787,0.0139440
1750,681.786,163.659,33.417,165.992,0.0129190
1750,662.654,202.838,23.628,75.437,0.0088450
1750,619.426,206.938,40.278,72.058,0.0065450
1750,284.443,223.628,11.898,25.574,0.0054370
1750,5.900,50.346,14.308,26.978,0.0093370
1775,290.952,228.703,11.560,25.605,0.0213630
1775,428.359,226.501,13.298,31.073,0.4317020
1775,602.846,180.909,43.026,83.771,0.1257410
1775,619.392,225.875,18.731,39.065,0.0532880
1775,243.428,227.465,12.182,29.248,0.0278500
1775,478.688,227.786,17.246,39.034,0.0210280
1775,612.751,198.348,21.356,50.008,0.0106850
1775,680.791,159.993,32.493,117.552,0.0073250
1775,641.212,174.452,42.692,94.132,0.0070850
1775,570.573,187.495,34.320,64.941,0.0052840
1775,290.952,228.703,11.560,25.605,0.0172390
1800,441.709,233.156,15.854,35.378,0.0109710
1800,475.132,230.850,17.868,41.367,0.0929600
1800,607.545,230.128,24.770,42.984,0.0300760
1800,604.787,185.364,30.588,79.680,0.0206790
1800,126.854,215.703,34.549,93.777,0.0171560
1800,595.632,210.160,44.382,88.618,0.0147530
1800,493.741,227.682,18.509,46.119,0.0066980
1800,130.071,230.236,20.912,46.593,0.0064380
1800,441.709,233.156,15.854,35.378,0.1276140
1825,434.688,235.466,16.325,40.519,0.5675180
1825,456.724,235.891,16.696,39.006,0.2940040
1825,313.079,233.133,11.224,26.648,0.0161720
1825,683.715,228.979,19.425,52.843,0.0093280
1825,658.549,233.030,17.359,44.909,0.0071830
1825,428.160,218.291,27.259,71.391,0.0071080
1825,657.120,258.773,15.935,39.629,0.0057470
1825,653.121,182.464,29.584,88.101,0.0053670
1825,2.826,221.360,19.272,56.891,0.0358140
1825,8.418,205.315,24.843,100.972,0.0124480
1850,467.193,224.720,24.044,45.318,0.0889270
1850,444.561,220.852,20.973,56.901,0.7105690
1850,467.193,224.720,24.044,45.318,0.0106750
1850,444.561,220.852,20.973,56.901,0.0107050
1875,499.878,208.736,16.521,46.762,0.0550560
1875,492.749,210.885,21.173,58.896,0.5194240
1875,455.284,207.242,41.468,63.581,0.0117380
1875,461.554,215.139,19.265,46.981,0.3927230
1875,322.820,217.241,12.914,28.968,0.0139330
1875,242.776,215.403,13.368,29.896,0.0134540
1875,437.208,220.408,13.113,35.249,0.0086530
1875,285.341,216.203,12.678,29.122,0.0059100
1875,461.554,215.139,19.265,46.981,0.0208920
1875,21.323,205.459,18.880,38.557,0.0105700
1875,20.010,220.709,20.024,45.075,0.0086430
1900,503.402,210.702,19.581,60.489,0.1886490
1900,601.828,189.118,38.075,126.261,0.0965830
1900,488.174,207.405,38.787,71.952,0.1261420
1900,480.206,214.409,19.645,51.897,0.2068230
1900,679.119,194.625,32.445,132.510,0.0451860
1900,475.481,201.699,33.355,77.243,0.0560590
1900,652.945,210.551,33.299,97.139,0.0323150
1900,686.785,225.860,19.181,66.657,0.0163540
1900,662.663,221.455,20.314,73.000,0.0125480
1900,675.484,77.292,45.947,365.131,0.0054000
1900,503.402,210.702,19.581,60.489,0.0058330
1900,488.174,207.405,38.787,71.952,0.0064660
1900,480.206,214.409,19.645,51.897,0.1028550
1900,475.481,201.699,33.355,77.243,0.0121470
1900,23.039,202.265,17.389,38.946,0.0159810
1900,20.217,220.426,18.820,44.967,0.0120070
1925,576.638,197.715,17.040,67.612,0.0402110
1925,532.445,197.295,37.789,87.424,0.1881120
1925,542.792,208.819,19.822,65.675,0.2880850
1925,507.534,198.388,33.109,82.454,0.5459800
1925,462.668,218.661,17.309,44.567,0.0341120
1925,508.073,213.589,20.524,59.769,0.3302420
1925,564.638,200.773,32.863,88.618,0.6359720
1925,497.261,172.633,42.218,166.232,0.0080530
1925,464.667,202.942,31.257,76.670,0.0052820
1925,532.445,197.295,37.789,87.424,0.0423430
1925,542.792,208.819,19.822,65.675,0.0103760
1925,507.534,198.388,33.109,82.454,0.0382670
1925,462.668,218.661,17.309,44.567,0.0401640
1925,26.478,202.533,16.559,41.138,0.0099230
1925,23.524,219.312,17.439,49.141,0.0098130
1925,33.114,200.131,20.789,48.826,0.0085080
1925,508.073,213.589,20.524,59.769,0.0075350
1925,564.638,200.773,32.863,88.618,0.0064430
1950,593.613,181.005,45.849,110.559,0.6082550
1950,534.713,181.358,41.083,99.729,0.6528560
1950,568.362,184.679,38.887,102.052,0.4938760
1950,612.621,157.988,40.249,165.225,0.0127970
1950,481.048,220.089,11.547,37.722,0.0530150
1950,629.489,184.828,44.432,107.113,0.8563070
1950,540.730,202.488,23.522,68.117,0.0316130
1950,576.524,203.806,23.321,66.271,0.0132950
1950,688.232,204.068,22.457,86.352,0.0077090
1950,492.301,215.441,17.554,49.176,0.0076960
1950,504.775,182.539,24.251,93.084,0.0075770
1950,435.766,221.614,11.429,33.141,0.0058940
1950,481.048,220.089,11.547,37.722,0.0185690
1950,630.553,174.543,42.211,115.747,0.0058900
1975,538.353,215.286,14.581,52.227,0.0086760
1975,647.898,183.846,38.657,109.853,0.7584840
1975,616.266,172.300,29.117,113.836,0.2361900
1975,648.405,148.625,48.673,191.017,0.0264800
1975,681.992,176.704,25.576,139.865,0.0241330
1975,609.212,203.904,21.492,82.282,0.0208630
1975,518.584,207.307,13.049,42.544,0.0177970
1975,513.208,219.685,11.588,39.958,0.0136170
1975,654.133,212.012,19.621,61.971,0.0112240
1975,426.729,209.762,12.117,36.137,0.0087130
1975,471.433,222.326,11.201,32.874,0.0067200
1975,9.792,194.660,15.957,50.956,0.0156750
1975,7.722,208.825,17.335,62.322,0.0059910
1975,14.121,189.049,29.929,112.055,0.0140910
1975,156.132,201.426,20.330,38.006,0.0312940
1975,23.305,91.930,16.716,33.497,0.0186250
1975,12.682,161.065,23.236,112.024,0.0071830
1975,2.000,2.000,47.375,327.760,0.0057540
1975,18.973,110.155,13.362,41.110,0.0051600
2000,617.804,96.052,29.859,91.025,0.0270740
2000,652.924,178.944,31.043,85.311,0.0116840
2000,275.092,221.799,17.840,43.314,0.0088660
2000,595.526,17.009,68.131,266.255,0.0069660
2000,224.172,211.243,34.745,67.282,0.0094580
2000,538.978,226.643,15.333,46.131,0.0068530
2000,259.289,211.603,33.345,61.900,0.0060100
2025,8.574,207.522,40.669,164.544,0.0854420
2025,530.963,231.680,16.238,46.702,0.0133860
2025,6.149,195.404,53.946,211.042,0.0501320
2025,530.963,231.680,16.238,46.702,0.0537660
2025,521.898,230.015,15.071,47.623,0.0249630
2025,14.377,193.977,36.340,141.961,0.0085920
2050,534.665,217.967,22.302,45.800,0.0570110
2050,3.520,123.016,45.219,264.689,0.0127460
2050,534.665,217.967,22.302,45.800,0.3235400
2050,327.685,225.584,16.578,30.491,0.1578570
2050,339.820,220.572,15.534,36.050,0.0159400
2050,56.634,217.317,20.057,42.273,0.0155320
2075,242.308,226.623,18.161,34.561,0.0278230
2075,576.115,214.157,28.434,79.910,0.0077950
2075,392.417,2.000,80.749,416.875,0.0063520
2075,582.458,232.091,19.168,41.374,0.0121500
2075,242.308,226.623,18.161,34.561,0.0917210
2075,546.327,231.150,15.992,35.947,0.0143540
2075,314.581,227.097,13.543,27.679,0.0058800
2100,622.223,217.489,30.034,70.836,0.0296530
2100,641.226,214.381,34.488,81.923,0.0051520
2100,549.750,234.597,19.835,31.300,0.0257350
2125,574.228,213.544,18.661,35.548,0.0186200
2125,10.430,206.937,35.468,77.948,0.0083070
2125,85.415,175.114,29.825,90.826,0.0060490
2125,573.475,215.911,19.854,39.655,0.0784730
2125,229.797,218.215,22.176,45.510,0.0080760
2150,608.628,226.239,28.786,59.989,0.0089190
2150,667.638,230.838,19.713,43.050,0.0544950
2150,652.852,226.929,27.849,53.078,0.0054230
2150,608.628,226.239,28.786,59.989,0.0409990
2175,691.521,45.980,18.555,48.041,0.0073380
2175,171.870,228.098,21.555,48.866,0.1217850
2175,691.521,45.980,18.555,48.041,0.0088460
2175,171.870,228.098,21.555,48.866,0.0164690
2175,682.092,2.653,25.861,117.830,0.0097250
2175,688.290,75.472,18.868,50.001,0.0059090
2200,657.547,206.935,32.576,83.041,0.3965800
2200,606.913,220.470,17.278,45.675,0.0545910
2200,321.595,219.283,17.497,40.930,0.0317900
2200,665.912,196.402,19.306,60.635,0.0096560
2200,155.857,168.550,16.429,40.278,0.0080540
2200,380.241,222.938,17.051,40.440,0.0079340
2200,688.875,193.368,15.147,55.990,0.0069650
2200,686.982,215.652,14.918,54.671,0.0055820
2200,3.614,6.852,15.073,22.537,0.0054050
2200,7.020,2.000,13.645,10.224,0.0050140
2225,563.987,223.762,21.568,48.262,0.1416020
2225,35.460,213.693,20.437,45.740,0.6177280
2225,195.837,222.240,18.537,50.642,0.0401000
2225,347.716,225.118,16.907,36.434,0.0099990
2225,386.786,228.108,18.378,37.308,0.0085740
2225,550.100,222.673,21.100,44.955,0.0082640
2225,21.123,215.998,17.008,44.745,0.0058860
2225,429.049,2.000,40.345,77.900,0.0050190
2225,640.245,229.168,17.963,40.744,0.2876000
2225,563.987,223.762,21.568,48.262,0.1127660
2225,302.152,224.483,15.807,38.379,0.0462490
2225,634.085,223.079,18.338,44.442,0.0430200
2250,308.467,234.853,15.012,34.518,0.0050310
2250,652.969,243.047,16.041,39.313,0.5270150
2250,629.645,2.000,72.228,207.891,0.0061490
2250,651.676,22.611,39.450,75.019,0.0060490
2250,308.467,234.853,15.012,34.518,0.0052020
2275,468.629,229.611,16.409,34.179,0.0075650
2275,468.629,229.611,16.409,34.179,0.1254950
2275,462.505,221.010,25.266,61.088,0.0059980
2300,533.697,235.108,19.684,39.388,0.0147900
2300,271.267,229.961,15.550,33.106,0.1025450
2300,622.880,233.829,15.931,45.100,0.0075800
2300,32.756,34.735,56.374,292.122,0.0073610
2300,461.737,234.030,12.524,30.247,0.0062210
2300,352.934,238.017,13.194,25.876,0.0061560
2300,326.137,231.679,14.493,29.091,0.0056560
2325,106.925,218.156,22.408,45.985,0.6885790
2325,267.316,232.631,16.387,35.760,0.7003630
2325,323.957,233.764,15.337,36.067,0.0132070
2325,147.240,220.703,31.501,57.886,0.0126790
2325,347.676,238.510,13.065,28.775,0.0063610
2325,58.597,223.699,18.365,48.724,0.0059720
2325,106.925,218.156,22.408,45.985,0.0177100
2350,667.622,229.576,18.961,54.405,0.0123000
2350,113.995,214.425,22.618,51.720,0.0295110
2350,327.780,234.231,12.810,26.027,0.0102570
2350,269.615,229.790,13.055,30.022,0.0079810
2350,38.829,190.525,42.420,103.613,0.0073320
2350,113.995,214.425,22.618,51.720,0.0181540
2375,688.798,230.377,15.868,55.613,0.1384250
2375,322.365,235.767,11.590,28.011,0.0600040
2375,683.624,209.151,23.104,85.410,0.0073270
2375,423.122,274.352,100.205,244.832,0.0054250
2375,242.751,97.826,14.574,22.058,0.0096930
2400,233.099,229.680,13.833,32.130,0.0343820
2400,288.172,233.882,12.640,29.103,0.0062660
2400,133.695,225.947,18.154,38.741,0.0051310
2400,208.473,96.142,12.970,20.996,0.0121160
2425,206.082,222.638,17.174,37.036,0.3259520
2425,287.038,233.989,13.241,28.078,0.0252980
2425,232.136,229.094,14.672,31.827,0.0142330
2425,199.876,215.337,16.387,35.176,0.0051760
2425,198.527,222.033,27.496,53.130,0.0051120
2450,177.254,219.391,17.852,33.032,0.3146310
2450,208.589,224.050,15.894,27.229,0.3008760
2450,286.979,232.101,13.103,23.000,0.0059400
2450,177.254,219.391,17.852,33.032,0.0058950
2475,558.588,258.100,16.589,32.791,0.0342000
2475,203.561,231.362,12.481,26.563,0.0126770
2475,7.961,218.211,17.358,52.302,0.0060450
2475,288.558,239.375,11.185,24.926,0.0055770
2475,6.349,197.876,27.021,103.011,0.0051380
2475,203.561,231.362,12.481,26.563,0.0781090
2475,72.923,226.607,20.815,39.306,0.0380060
2475,404.769,235.563,14.711,32.366,0.0156760
2500,645.221,241.666,17.511,40.599,0.1901780
2500,231.061,218.517,13.405,24.293,0.0115810
2500,638.445,214.006,32.317,77.115,0.0075260
2500,230.559,223.650,12.151,28.176,0.0175570
2525,518.359,235.098,17.085,41.688,0.0062050
2525,427.019,241.481,12.553,27.553,0.0276000
2525,653.093,207.339,33.781,83.640,0.0075170
2525,318.722,238.355,10.988,25.568,0.0072020
2525,681.679,200.324,24.637,108.137,0.0062760
2525,464.286,237.047,16.561,35.469,0.0060790
2550,513.859,222.382,17.545,36.676,0.0887040
2550,572.568,216.273,19.223,52.755,0.0168160
2550,276.785,229.106,13.441,28.020,0.0148300
2550,460.234,229.016,12.477,26.453,0.0107440
2550,281.715,215.379,13.933,29.654,0.0061450
2550,8.756,296.854,17.442,40.977,0.0056100
2550,306.761,227.953,12.409,25.879,0.0055320
2575,552.674,234.517,16.778,36.444,0.0140790
2575,500.122,238.545,12.225,28.658,0.0139050
2575,572.390,229.771,20.110,46.197,0.0052650
2600,572.501,226.165,25.602,50.302,0.0077270
2600,158.622,211.720,18.420,36.936,0.2636380
2600,368.440,238.385,12.457,22.934,0.0068480
2600,156.173,215.709,22.584,40.667,0.2449510
2600,158.544,206.171,31.719,65.577,0.0072080
2625,540.325,195.734,37.176,63.493,0.0881210
2625,152.676,228.062,16.094,31.140,0.0085910
2625,615.909,188.957,22.673,62.894,0.0060120
2625,381.565,227.721,14.587,28.001,0.0257120
2625,348.044,217.808,17.906,28.071,0.0128860
2650,49.266,203.540,25.490,56.710,0.5580920
2650,624.033,227.406,19.903,43.862,0.0092940
2650,645.245,224.171,21.367,52.096,0.0091100
2650,46.275,200.606,33.206,70.383,0.1353180
2650,357.378,230.708,16.199,31.174,0.0607930
2650,328.383,231.835,14.123,29.273,0.0060630
2675,356.873,227.097,17.733,37.991,0.4231430
2675,156.778,225.009,14.053,33.578,0.3566380
2675,647.169,224.201,23.908,49.007,0.2225550
2675,160.566,215.574,14.793,32.499,0.0257040
2675,628.459,225.619,21.428,48.295,0.0053630
2700,36.401,222.538,18.443,35.711,0.0123740
2700,139.596,228.541,18.001,30.848,0.3104560
2700,148.749,229.924,15.495,27.304,0.2511460
2700,681.359,197.325,22.314,53.683,0.0706160
2700,134.063,217.923,19.483,30.228,0.0142670
2700,151.421,218.410,16.789,27.861,0.0192940
2700,684.361,217.830,20.263,51.261,0.0556710
2700,417.308,226.654,16.231,33.871,0.1328900
2700,357.002,230.284,14.472,32.855,0.0280470
2700,657.900,223.095,21.049,45.264,0.0076060
2700,290.347,17.441,12.750,22.914,0.0074540
2700,139.596,228.541,18.001,30.848,0.0406300
2700,148.749,229.924,15.495,27.304,0.1693580
2700,134.063,217.923,19.483,30.228,0.0057050
2700,8.412,2.000,13.456,2.611,0.0051390
2725,4.671,221.550,16.907,46.227,0.1288860
2725,97.198,231.211,22.458,39.233,0.0363770
2725,128.585,231.673,16.656,29.165,0.4646560
2725,313.883,230.805,11.476,22.984,0.0079650
2725,361.115,235.170,12.368,27.298,0.0074960
2725,429.334,230.008,13.628,31.198,0.3502010
2725,528.485,255.666,17.544,39.614,0.0124800
2725,389.275,236.375,12.498,27.939,0.0119360
2725,685.671,195.439,24.283,100.305,0.0084190
2725,430.104,216.060,17.876,33.033,0.0063720
2725,4.671,221.550,16.907,46.227,0.0635150
2725,97.198,231.211,22.458,39.233,0.4192510
2725,82.405,222.654,37.537,56.763,0.0139570
2725,313.883,230.805,11.476,22.984,0.0254500
2725,2.953,212.629,27.299,76.786,0.0080470
2725,361.115,235.170,12.368,27.298,0.0066080
2750,681.127,274.289,22.384,42.781,0.0417670
2750,679.493,293.038,23.723,39.881,0.0069930
2750,369.248,234.837,11.588,24.965,0.0088710
2750,268.968,2.000,45.414,72.123,0.0084100
2750,460.128,231.115,15.669,37.127,0.4970530
2750,395.480,238.132,11.909,28.072,0.0361320
2750,429.387,231.774,14.871,33.768,0.0077390
2750,369.248,234.837,11.588,24.965,0.0088370
2750,268.968,2.000,45.414,72.123,0.0077630
2750,317.724,13.725,30.779,91.084,0.0052140
2775,98.397,221.330,19.562,39.825,0.1018500
2775,124.408,219.930,15.858,38.251,0.6431420
2775,500.836,221.537,14.509,38.982,0.2687060
2775,428.548,225.210,12.825,33.275,0.0152330
2775,199.633,224.322,13.447,30.969,0.0072330
2775,401.057,226.993,11.644,28.201,0.0066000
2775,300.104,2.000,49.015,75.993,0.0052410
2800,534.179,226.334,14.451,39.599,0.0453730
2800,91.978,223.018,19.398,40.055,0.1633890
2800,155.688,226.575,18.466,40.104,0.2263790
2800,443.116,227.457,12.725,34.093,0.1812780
2800,461.104,228.250,14.363,35.715,0.0862360
2800,109.393,221.034,18.936,40.419,0.0679010
2800,233.343,234.818,12.824,26.572,0.0200590
2800,157.779,212.336,18.217,40.497,0.0089540
2800,91.978,223.018,19.398,40.055,0.0101940
2800,155.688,226.575,18.466,40.104,0.1244210
2800,359.471,231.809,10.789,24.774,0.0146170
2825,444.552,225.390,16.335,31.355,0.0081490
2825,571.467,221.704,17.685,41.603,0.4940860
2825,356.711,228.766,14.845,26.779,0.1098580
2825,467.316,227.715,16.538,36.165,0.6811390
2825,56.368,159.533,16.130,41.015,0.0245460
2825,17.233,152.189,16.348,46.751,0.0154380
2825,555.120,222.394,18.190,43.810,0.0056260
2825,356.711,228.766,14.845,26.779,0.0258030
2825,397.396,232.192,15.404,29.877,0.0196630
2850,444.319,222.760,18.515,33.768,0.0057820
2850,349.061,227.214,13.576,28.669,0.0103120
2850,472.256,225.467,17.095,39.020,0.6645780
2850,20.308,217.076,17.750,49.853,0.3136220
2850,127.032,200.385,15.284,32.808,0.0154420
2850,36.934,219.926,17.785,42.449,0.0084910
2850,349.061,227.214,13.576,28.669,0.0437650
2850,238.217,236.984,12.717,28.795,0.0197950
2850,394.997,231.749,14.650,29.984,0.0056960
2875,436.649,220.183,19.893,37.938,0.0793630
2875,471.221,222.721,18.650,38.696,0.7108750
