25,366.882477,188.200134,14.493591,31.498474,0.967382
25,351.542084,187.868149,14.114197,30.627670,0.904653
25,344.378387,187.978317,14.198364,31.395218,0.436341
25,687.433228,187.819305,14.676758,31.283585,0.046103
25,534.650330,143.665161,31.855469,72.895081,0.002818
25,362.540894,181.410187,21.591125,45.827499,0.002318
25,688.468689,177.109421,14.762939,31.135315,0.001885
25,382.270203,189.986404,12.082397,25.407104,0.001643
25,562.339783,196.032913,10.802368,24.087555,0.001042
25,680.483032,173.755661,26.763733,58.241699,0.001019
25,549.769775,193.696762,11.118286,25.569870,0.000555
25,698.732727,175.420486,19.148071,53.520218,0.000518
25,704.855164,195.291702,14.968201,34.965591,0.000370
25,703.971436,181.760834,16.028564,36.467133,0.000338
25,678.622314,187.734238,12.272705,26.617752,0.000334
25,557.320557,182.159210,17.754517,36.714310,0.000322
25,327.165894,188.410446,11.491455,23.622208,0.000258
25,577.822021,198.843704,10.163330,21.965698,0.000193
25,340.110168,177.959656,22.580292,48.311523,0.000176
25,704.299683,168.095901,15.700317,37.315491,0.000155
25,548.374390,155.167786,29.382935,65.919632,0.000133
25,548.113281,181.060974,13.606384,30.768692,0.000091
25,161.206619,168.492294,14.521927,30.808929,0.000082
25,671.877808,39.094936,42.032288,178.614456,0.000067
25,576.868591,190.968552,10.658203,22.582718,0.000045
25,674.399902,115.003227,41.334900,166.957977,0.000040
25,671.987488,288.546448,45.968750,203.664886,0.000032
25,402.674927,190.123230,10.294434,21.139847,0.000024
25,337.208954,164.577286,46.504364,93.321640,0.000010
50,336.311768,185.471146,17.649017,38.451172,0.987565
50,355.161560,185.908066,16.661163,36.587875,0.870775
50,329.403381,187.574661,14.874176,33.515030,0.460929
50,360.805023,186.592728,16.985474,36.412674,0.436678
50,549.044556,143.382965,32.988831,72.757812,0.030557
50,536.681763,138.971588,33.344849,69.954453,0.002363
50,561.904053,150.485580,30.827271,68.572708,0.001936
50,559.074036,170.638138,21.703552,46.113846,0.001409
50,543.683350,138.515671,21.009705,46.133926,0.000800
50,570.318481,175.966385,19.689453,40.756409,0.000771
50,574.980896,185.657394,13.421631,28.558228,0.000553
50,577.115479,195.455994,11.239868,24.623062,0.000550
50,563.535889,181.279984,14.052734,30.235687,0.000448
50,420.387695,191.886719,9.925079,21.228943,0.000380
50,551.266174,137.956635,23.972717,49.169174,0.000358
50,547.386475,133.707184,14.313721,31.865509,0.000346
50,112.108490,172.239227,13.357414,28.745651,0.000255
50,101.585922,172.422989,13.030556,28.925140,0.000238
50,557.695251,140.665894,16.138306,33.186432,0.000151
50,127.332352,172.220917,12.512329,26.291687,0.000132
50,658.876038,195.856094,12.557251,28.069687,0.000075
50,538.007324,117.666527,56.881592,118.196648,0.000047
50,592.676086,188.859070,10.598633,22.770050,0.000039
50,385.721863,190.243881,10.726013,22.308182,0.000035
50,404.225525,190.935211,10.107605,21.420288,0.000034
50,645.796387,196.562988,11.430481,25.756485,0.000029
50,335.995239,167.523285,45.077911,88.333984,0.000014
75,322.253235,181.188477,17.554321,38.264709,0.975728
75,345.742218,179.009430,18.317169,40.580811,0.943384
75,335.955994,181.193176,16.500183,36.172989,0.879128
75,312.390289,181.824036,17.067871,36.160049,0.436826
75,41.937962,162.998840,17.094448,36.704971,0.022166
75,32.905422,161.303329,18.602074,40.055389,0.005985
75,19.561127,160.866333,17.829681,38.791931,0.002490
75,549.485168,137.216797,31.297791,72.420151,0.001240
75,452.169373,190.034698,10.097382,21.561905,0.001122
75,420.240936,190.130997,10.463013,22.322723,0.000665
75,580.657410,183.217789,12.932800,28.701691,0.000635
75,569.882446,149.574814,28.724670,66.223038,0.000614
75,593.057678,186.189056,11.506592,24.550156,0.000405
75,685.390686,178.051727,18.739197,39.512314,0.000375
75,435.870972,190.110779,10.283600,21.836411,0.000274
75,704.872620,180.387665,15.127380,36.872162,0.000191
75,403.887115,189.805878,10.217041,21.651993,0.000171
75,693.100525,148.053833,24.860840,82.860107,0.000159
75,704.876831,165.340210,15.123169,37.659943,0.000127
75,369.267334,187.920273,10.784485,21.813705,0.000104
75,387.558655,189.939346,10.360962,21.579208,0.000068
75,14.256621,146.512558,47.682903,97.156631,0.000054
75,2.685602,167.268021,14.028852,28.315536,0.000037
75,2.892516,157.285904,13.348193,27.426849,0.000035
75,670.716248,235.744583,47.619385,213.408768,0.000032
75,672.937683,83.818619,44.754761,190.122116,0.000029
75,320.928131,161.799652,43.391571,84.765854,0.000020
75,609.395630,187.458542,10.214233,21.874252,0.000019
75,669.103821,352.419006,48.758850,213.393127,0.000006
75,8.339672,107.856705,43.991604,155.658920,0.000004
100,300.358246,166.943253,22.399048,48.599930,0.985367
100,319.761841,168.791046,19.407562,42.143784,0.930414
100,327.223083,172.437210,18.272766,40.259506,0.395422
100,294.187103,173.151535,17.797302,35.146912,0.004900
100,610.215942,184.179871,10.296204,22.708771,0.001014
100,598.669434,183.804779,10.184631,22.995941,0.000408
100,705.428162,179.713394,14.571838,37.521408,0.000173
100,705.518066,164.792496,14.481934,37.361160,0.000153
100,306.256958,156.047653,38.139893,75.188019,0.000152
100,700.032593,172.168823,19.271790,56.514069,0.000146
100,705.480530,195.198669,14.519470,37.206650,0.000125
100,693.375305,146.867279,25.446533,85.679611,0.000110
100,705.626648,149.659912,14.373352,36.899185,0.000098
100,604.995300,171.623856,18.257568,37.694138,0.000077
100,387.908600,186.831238,10.602478,22.235931,0.000066
100,277.547455,173.981430,11.504852,23.771408,0.000064
100,691.881470,335.271973,27.779053,93.532013,0.000055
100,691.873291,366.770264,27.784424,93.683807,0.000055
100,692.054321,398.955078,27.421753,92.336090,0.000050
100,372.164001,185.287140,10.721771,21.944473,0.000042
100,671.078491,269.534668,47.341003,207.833527,0.000037
100,353.847961,181.841553,11.054840,24.735870,0.000029
100,371.418427,174.588654,11.280762,24.004013,0.000027
100,671.168274,181.183838,47.859375,218.488068,0.000026
100,353.189880,174.088974,11.099396,23.908112,0.000021
100,674.003479,94.258102,43.436462,187.048965,0.000014
100,625.983032,184.136917,9.666687,20.948517,0.000007
100,669.279175,344.527527,49.603271,219.385986,0.000007
100,5.471194,31.245142,60.548916,203.088470,0.000003
100,283.751495,155.228058,54.325623,109.865906,0.000002
125,271.397644,177.748917,23.587860,50.846512,0.995236
125,297.819519,175.984009,23.076050,50.519653,0.954834
125,281.933685,173.707489,25.299957,54.844955,0.922225
125,264.830414,184.992477,17.408386,37.270035,0.015887
125,306.661072,173.238449,23.303345,53.537216,0.006529
125,609.851135,180.032318,18.349060,38.096481,0.000638
125,618.503601,181.758774,17.839355,36.827240,0.000470
125,605.410583,159.031052,26.437195,60.444046,0.000352
125,316.823303,185.190292,13.674957,29.435059,0.000271
125,624.670959,194.731033,11.074890,24.275940,0.000181
125,75.830673,172.210648,21.423279,47.546219,0.000163
125,706.248169,196.395721,13.751831,36.396713,0.000159
125,614.206482,196.194443,10.459290,22.995804,0.000156
125,623.394592,187.332260,11.453979,25.112686,0.000131
125,706.330872,181.260345,13.669128,35.978683,0.000128
125,706.206299,165.660812,13.793701,36.012360,0.000087
125,319.110870,177.279770,13.176697,27.750473,0.000069
125,672.272583,269.680878,46.153992,207.485321,0.000028
125,672.879944,35.888004,43.177429,193.880096,0.000028
125,673.166016,184.021088,45.166260,211.897919,0.000025
125,677.407227,119.162582,40.300110,189.745743,0.000022
125,659.902527,186.793564,9.971191,22.067780,0.000009
125,669.868042,341.888336,49.049072,222.170563,0.000008
125,642.504150,189.609329,9.918335,20.330780,0.000004
125,50.613605,93.173172,80.448486,164.898117,0.000002
125,250.591248,137.918976,78.033997,151.915649,0.000001
150,228.252258,171.767319,27.049713,58.511414,0.992738
150,250.552444,169.236710,28.729630,63.597412,0.877554
150,261.892853,175.568970,22.920990,51.613556,0.531616
150,624.790039,192.775879,11.178467,24.318588,0.057253
150,269.002808,189.715775,16.754761,34.308197,0.025542
150,623.945007,183.228210,13.725708,28.682816,0.004407
150,615.165894,196.763641,11.340820,24.049942,0.000918
150,616.277771,190.094879,11.403564,24.024414,0.000900
150,534.870239,133.489624,32.269470,76.204346,0.000313
150,452.382996,190.410828,10.128296,21.727905,0.000286
150,545.939636,123.806168,15.556702,31.828491,0.000224
150,467.853363,190.616882,10.178009,21.857285,0.000212
150,615.805298,164.448868,25.567017,56.625687,0.000182
150,705.817688,181.241989,14.182312,35.587631,0.000143
150,705.641663,166.303436,14.358337,36.451691,0.000111
150,640.567383,190.116379,10.145264,21.211929,0.000102
150,700.059387,159.333099,19.203430,56.118637,0.000093
150,288.460846,186.632751,11.319885,25.433044,0.000092
150,693.138123,147.355545,25.676147,86.438309,0.000080
150,705.589355,150.140884,14.410645,36.820389,0.000073
150,659.381104,188.105637,10.654846,22.095734,0.000061
150,692.425903,383.874664,27.149353,91.571350,0.000054
150,671.399658,40.748272,43.850647,191.215637,0.000054
150,692.468445,415.236237,27.129395,91.569183,0.000040
150,672.668396,198.677734,45.772888,210.794861,0.000033
150,673.746643,104.497444,43.654053,192.281952,0.000025
150,671.213257,344.200684,47.967224,217.340027,0.000009
150,208.778427,144.573593,68.368301,133.069901,0.000007
150,194.047104,184.898682,13.346344,26.801208,0.000003
150,601.128540,147.245956,55.718262,114.987869,0.000002
175,164.184845,166.311646,28.501038,61.850052,0.997060
175,197.864853,164.166245,29.334351,63.652588,0.988409
175,622.594666,185.362808,12.347107,26.450195,0.148949
175,211.676407,172.123688,23.793060,51.369553,0.035895
175,191.634918,163.493393,22.683319,50.853836,0.003752
175,221.283768,174.432968,15.301544,31.370987,0.003145
175,242.658890,185.518448,10.785965,25.084198,0.002980
175,616.084656,184.467865,11.839294,27.162979,0.001613
175,154.025757,152.627213,48.410980,96.185562,0.000821
175,614.640442,163.237595,24.178223,53.896927,0.000395
175,242.057175,178.047791,10.693893,23.556961,0.000271
175,705.579956,180.278061,14.420044,36.061966,0.000218
175,531.675659,117.756775,16.582886,34.417038,0.000190
175,543.683289,113.100716,15.247498,32.048729,0.000175
175,705.512329,166.270889,14.487671,36.445450,0.000162
175,700.161682,159.971619,19.039368,55.470596,0.000127
175,640.197998,185.915817,9.928711,20.857574,0.000122
175,693.377197,147.598175,25.325073,85.149139,0.000106
175,258.322815,188.530014,10.569122,23.068176,0.000081
175,671.943604,239.644989,46.509827,207.834747,0.000036
175,673.326294,76.273369,43.563293,188.156067,0.000018
175,669.065918,346.848450,49.695374,220.997375,0.000011
200,112.261093,167.694122,37.238464,82.083344,0.995564
200,75.179901,173.130325,33.845856,74.834915,0.995473
200,612.528259,186.479187,14.645874,31.772064,0.491244
200,107.234673,182.720398,29.995384,63.105331,0.439875
200,129.127991,177.252411,28.337784,61.867096,0.074147
200,602.524353,157.235260,30.041443,63.503006,0.008892
200,621.082092,194.194855,12.964294,28.008835,0.003153
200,211.497955,203.788651,11.234772,23.808243,0.000854
200,140.138321,183.744492,17.782257,36.757599,0.000851
200,505.985046,121.087822,35.744934,82.062920,0.000809
200,516.027344,120.994133,16.880188,35.607170,0.000483
200,705.536560,180.892380,14.463440,36.362747,0.000261
200,95.325737,155.005905,58.785484,113.084854,0.000216
200,525.682861,121.768852,15.381165,31.559517,0.000148
200,124.170227,170.852325,22.963211,44.510757,0.000145
200,705.534729,166.426254,14.465271,36.779297,0.000124
200,676.169556,185.166595,12.266418,26.545349,0.000121
200,91.530075,183.344498,20.892593,40.829803,0.000108
200,600.911377,187.160477,10.958923,24.905716,0.000039
200,595.454651,157.039917,45.398682,93.887787,0.000019
200,675.184570,88.086845,43.000610,188.735657,0.000017
225,598.479553,179.664200,15.002136,33.658905,0.698746
225,592.509155,181.296539,17.571411,37.852188,0.205039
225,1.000000,157.834946,32.683205,93.917252,0.204235
225,597.403870,189.189972,11.596313,25.916748,0.123347
225,604.553345,183.549820,12.755981,27.288361,0.028134
225,590.647827,157.447235,27.489563,57.871033,0.024154
225,495.594086,112.222069,16.559662,34.038948,0.002404
225,4.971241,197.921539,23.667576,51.188217,0.001654
225,481.685425,115.349937,33.828918,79.143349,0.000944
225,1.000000,151.882706,18.016909,45.487717,0.000699
225,607.289673,178.242447,11.899231,26.170303,0.000641
225,1.000000,181.627197,23.144520,60.504379,0.000344
225,1.121593,217.279800,17.262850,38.531372,0.000269
225,1.000000,129.735352,24.136358,94.649704,0.000239
225,705.807068,180.760315,14.192932,36.160004,0.000151
225,705.657959,165.629745,14.342041,36.721130,0.000114
225,585.089844,188.024033,11.402527,23.229813,0.000082
225,512.253052,111.250610,12.699890,26.792419,0.000052
225,2.429007,89.595764,45.003464,169.049164,0.000047
225,672.782715,285.425049,45.660217,204.210846,0.000032
225,673.179626,87.827339,44.819824,195.160461,0.000020
225,626.132629,185.011322,9.678284,20.437958,0.000019
225,660.642822,184.017181,11.117859,24.622757,0.000014
225,673.386108,161.758759,43.839661,197.523468,0.000009
250,586.862183,193.886536,15.164246,33.296631,0.636681
250,687.575684,191.763077,12.894165,27.843048,0.286962
250,578.832092,155.146500,29.734497,65.452759,0.005411
250,465.509399,118.402672,20.248352,44.643730,0.003461
250,582.389893,189.878647,14.716614,30.412720,0.003155
250,677.573059,188.196869,17.049805,35.630203,0.002946
250,467.512177,114.703049,15.693146,32.109268,0.002550
250,451.787811,126.194229,11.608643,24.562912,0.001116
250,472.774353,116.008224,20.656281,44.397537,0.001027
250,588.855103,179.138016,17.099548,35.030716,0.000987
250,680.256775,171.180450,26.690491,59.495117,0.000356
250,438.453613,126.876198,10.538391,22.136253,0.000333
250,698.404297,180.253998,17.928223,48.465561,0.000329
250,705.218933,195.075821,14.289734,33.103210,0.000323
250,479.135925,113.807846,14.881256,29.428680,0.000314
250,692.657288,171.418106,21.657288,70.111923,0.000251
250,130.027985,204.115173,11.777573,25.001831,0.000231
250,466.100922,199.886627,11.603577,24.813690,0.000193
250,660.262695,188.914993,12.161072,25.539703,0.000183
250,645.316956,198.908432,11.447144,24.167465,0.000133
250,607.604736,190.293716,10.723022,22.694992,0.000129
250,645.547119,189.652954,10.992737,24.644943,0.000086
250,704.207031,170.574310,15.792969,37.007294,0.000079
250,672.062317,254.083313,46.427124,206.386261,0.000045
250,673.302490,124.321541,41.009888,156.650818,0.000031
275,604.129578,183.311676,17.940002,39.137848,0.380433
275,601.819336,188.657379,12.220886,27.792740,0.368785
275,468.726105,105.588562,15.887695,34.378204,0.004040
275,472.859955,101.778709,22.510010,48.845390,0.001401
275,595.916260,149.101852,31.832886,69.927444,0.000977
275,451.719849,112.031075,11.981232,25.095421,0.000345
275,672.960571,192.671768,15.072144,32.421021,0.000342
275,688.070251,183.081223,14.267822,30.506165,0.000323
275,706.127808,181.003403,13.872192,36.040237,0.000154
275,706.110718,166.171402,13.889282,36.146759,0.000124
275,454.804779,93.264771,58.331451,121.211304,0.000100
275,113.547020,198.901627,13.123177,28.088455,0.000096
275,658.053223,177.598480,20.587219,44.392365,0.000088
275,665.638428,170.856934,27.616821,60.741119,0.000071
275,623.928650,189.418488,10.161133,20.780472,0.000061
275,672.435120,172.612579,15.172852,32.161087,0.000058
275,692.242554,335.707550,27.365845,92.467499,0.000053
275,661.151123,193.854568,13.437500,29.149048,0.000043
275,660.046448,174.564850,15.294006,33.078949,0.000031
275,671.867676,269.477570,46.967041,210.225037,0.000030
275,671.519226,182.434067,47.161499,214.820663,0.000028
275,674.954895,112.561256,42.711121,192.826141,0.000025
275,646.676697,185.679413,10.729187,24.007034,0.000021
275,670.123535,347.045319,48.596375,219.022797,0.000010
275,588.976929,149.598892,48.068359,100.729736,0.000003
275,641.645203,113.164124,71.677734,159.569183,0.000002
300,615.946228,181.691650,13.900085,31.472656,0.990040
300,620.642334,182.132141,14.302551,31.557129,0.635092
300,609.915222,138.740036,31.010986,70.062256,0.002958
300,681.688721,175.373764,22.521362,47.568802,0.002527
300,467.627869,99.957100,16.547791,34.562340,0.000515
300,675.331055,180.538818,15.230896,32.790527,0.000499
300,687.612427,171.534149,13.999023,29.397858,0.000372
300,676.097656,192.971954,13.337891,28.975098,0.000314
300,669.230530,162.945282,26.689941,59.822784,0.000266
300,479.558228,101.683830,15.391571,30.951454,0.000213
300,705.447144,165.650879,14.552856,37.070251,0.000206
300,705.429626,179.980469,14.570374,36.465668,0.000200
300,705.735718,194.520645,14.264282,36.372864,0.000158
300,700.213745,172.982239,19.128845,55.326782,0.000146
300,693.370178,146.740967,25.548767,85.908066,0.000121
300,663.021484,182.360779,11.751709,26.091080,0.000100
300,662.237427,175.285187,11.382202,24.894897,0.000058
300,670.823669,31.361872,44.059387,189.094803,0.000055
300,673.932617,90.846954,42.932251,185.748383,0.000030
300,670.749817,275.769440,47.915833,212.921204,0.000026
300,641.753784,186.137955,9.968628,20.119431,0.000021
300,669.146240,352.875244,49.049988,213.599792,0.000008
300,599.478821,139.745361,48.085144,99.686935,0.000005
300,671.530823,156.272110,45.209717,207.898209,0.000004
300,603.525269,109.765900,61.744507,121.975403,0.000004
300,525.339966,324.441650,118.151611,232.417725,0.000003
325,622.054993,181.701309,14.827026,32.764572,0.940979
325,614.806396,156.473877,26.457275,58.511902,0.008671
325,683.149963,176.290756,20.066711,43.617462,0.003452
325,618.063660,181.885391,13.144348,30.852493,0.002688
325,249.760330,165.557571,24.823135,56.138565,0.001611
325,672.989563,176.321152,21.287598,44.623535,0.001497
325,687.651733,191.999268,15.230225,33.037537,0.000481
325,676.698364,190.016083,14.296143,32.682449,0.000254
325,257.116516,184.604309,13.090820,29.016373,0.000239
325,691.784058,146.833466,25.410339,84.670944,0.000233
325,704.708130,179.927734,15.291870,37.002319,0.000148
325,704.651794,164.842377,15.348206,38.061737,0.000139
325,698.953247,171.738586,19.813721,56.811096,0.000135
325,671.038269,32.441200,44.953430,191.366638,0.000133
325,705.081482,194.270950,14.875916,36.445175,0.000122
325,638.977600,186.720642,10.998718,22.602859,0.000121
325,705.244934,150.018112,14.755066,37.414032,0.000096
325,675.567139,172.456833,14.653809,32.284393,0.000093
325,698.666687,143.525330,20.877686,59.833847,0.000087
325,691.975952,336.560394,27.668640,93.112244,0.000058
325,692.088013,368.581207,27.655151,93.194489,0.000055
325,661.006958,182.731918,11.047607,24.643036,0.000048
325,671.850159,276.613708,46.684509,208.817780,0.000048
325,660.424561,174.081482,10.834839,24.121262,0.000037
325,640.691101,176.571167,10.842102,22.506638,0.000032
325,670.163391,349.393005,48.513733,217.583801,0.000013
325,670.158936,182.834915,48.766602,220.379196,0.000013
325,605.262024,145.986115,46.983887,98.237900,0.000002
350,613.665649,181.190018,10.464050,23.303726,0.056905
350,611.148499,171.529755,16.319153,32.171722,0.001993
350,623.808289,180.695206,10.560181,22.638626,0.001829
350,683.074768,175.767563,21.494019,44.580780,0.000803
350,613.585205,162.731827,12.021912,27.140015,0.000377
350,687.869324,180.605042,14.252930,31.078491,0.000364
350,676.989624,151.274612,30.957825,68.091812,0.000243
350,618.503235,170.464920,16.337830,34.031021,0.000225
350,604.903503,147.939316,25.639282,57.687881,0.000184
350,669.912109,162.751175,21.695679,46.034622,0.000173
350,675.712891,178.764328,13.626587,30.088455,0.000159
350,706.089294,180.658463,13.910706,35.251617,0.000105
350,705.769592,437.457977,14.230408,36.270203,0.000080
350,705.717163,389.485596,14.282837,36.206787,0.000078
350,705.712219,373.581177,14.287781,36.138672,0.000070
350,706.023743,165.502640,13.976257,35.786423,0.000063
350,705.696716,357.544250,14.303284,36.005096,0.000060
350,700.025269,159.024551,19.445374,55.467972,0.000053
350,693.587891,147.167892,25.058105,84.779297,0.000053
350,692.310303,385.719208,27.363586,92.268097,0.000051
350,613.862793,146.685287,25.521973,58.708817,0.000051
350,705.976440,150.156189,14.023560,35.137177,0.000051
350,687.950134,170.349655,13.533630,28.775864,0.000050
350,692.238770,353.651337,27.429199,92.142700,0.000041
350,692.156677,417.175659,27.536316,92.635834,0.000039
350,674.373901,167.846954,14.326172,31.583099,0.000039
350,692.118591,320.806274,27.547180,92.247681,0.000035
350,662.104004,178.673248,10.887268,24.877670,0.000023
350,670.196716,286.979584,48.441589,216.593719,0.000023
350,624.078857,161.741638,12.359375,26.428345,0.000019
350,660.361755,156.923904,11.333008,26.029419,0.000018
350,670.499512,184.805054,47.700623,216.565552,0.000017
350,674.417480,90.670532,41.623596,185.771484,0.000014
350,661.164978,168.952896,10.869690,25.193878,0.000011
350,643.298767,171.031174,9.328857,20.731354,0.000007
375,594.790955,162.158569,16.544495,36.465912,0.650470
375,592.047485,146.077454,20.587463,44.887054,0.014382
375,582.508911,120.138084,31.814880,72.809883,0.003002
375,600.158386,155.066818,17.336609,37.277939,0.002944
375,605.899902,159.228561,12.569702,27.687775,0.000524
375,586.058960,167.309998,12.296570,28.593262,0.000375
375,684.816101,136.571182,18.802490,40.486176,0.000226
375,681.377136,141.405945,26.347839,56.982956,0.000188
375,705.017578,133.569595,14.982422,35.629074,0.000111
375,705.054565,147.910858,14.945435,36.844437,0.000108
375,698.512512,141.348190,20.557373,58.336853,0.000108
375,705.479126,163.784943,14.520874,36.936737,0.000089
375,705.596497,293.493378,14.403503,36.405426,0.000083
375,705.591614,309.447632,14.408386,36.385864,0.000081
375,705.582214,341.487671,14.417786,36.403595,0.000080
375,705.604614,325.473755,14.395386,36.372375,0.000080
375,705.580688,357.453796,14.419312,36.428711,0.000079
375,705.692139,389.434631,14.307861,36.327271,0.000078
375,705.630432,373.422241,14.369568,36.402161,0.000077
375,705.186035,119.042130,14.813965,36.361786,0.000063
375,692.218567,289.122528,27.416443,92.546722,0.000052
375,692.236511,257.303009,27.372559,92.533020,0.000051
375,692.303284,369.014038,27.393677,92.698425,0.000049
375,692.255432,337.264099,27.378418,92.348267,0.000049
375,692.193909,417.041473,27.414490,92.517273,0.000042
375,671.374695,259.278381,47.332520,212.250671,0.000040
375,672.556396,54.956814,43.102600,181.682907,0.000036
375,691.667114,83.934402,27.821106,93.627441,0.000030
375,670.628845,167.990616,48.590271,219.372086,0.000016
375,669.665588,353.059692,48.950806,217.962463,0.000012
375,579.419189,135.446335,43.311340,89.520508,0.000010
375,377.918121,70.310669,89.913757,183.221237,0.000006
375,4.245048,51.242573,55.479237,202.881058,0.000003
400,575.630249,169.957840,14.100586,30.982773,0.873449
400,567.749146,156.639359,24.093628,53.206009,0.001792
400,593.319214,165.655258,11.374939,22.800858,0.001216
400,591.749695,172.816788,10.167542,22.075806,0.001179
400,569.248108,177.539764,11.337952,27.304413,0.001103
400,587.807983,169.888733,15.127136,31.574448,0.000246
400,610.645996,172.869659,8.986755,18.877808,0.000118
400,705.785645,181.010864,14.214355,35.734451,0.000113
400,705.883362,196.161499,14.116638,35.391220,0.000111
400,689.270874,182.620544,13.734009,30.079926,0.000103
400,705.535400,134.839706,14.464600,34.214661,0.000089
400,677.182617,138.462708,33.294373,74.408722,0.000083
400,705.802246,165.478760,14.197754,36.039352,0.000083
400,683.908203,163.977585,20.058289,42.915329,0.000082
400,705.668640,149.634171,14.331360,35.274719,0.000082
400,693.176514,145.739578,25.701294,87.483749,0.000077
400,705.665100,421.426636,14.334900,36.095459,0.000074
400,705.542847,405.270569,14.457153,36.190491,0.000071
400,705.413513,119.757416,14.586487,35.150055,0.000069
400,705.492920,389.067780,14.507080,36.342834,0.000066
400,692.172424,273.859589,27.507324,93.103851,0.000052
400,691.901001,304.991333,27.623108,93.275024,0.000049
400,692.016968,400.775116,27.586975,92.402557,0.000038
400,691.846069,336.797028,27.607300,93.155121,0.000034
400,675.819031,181.799850,12.852966,28.181519,0.000032
400,670.617249,222.230164,47.517944,213.339905,0.000029
400,692.217957,103.440804,26.648987,88.446449,0.000026
400,671.393127,55.502686,43.711304,182.774963,0.000023
400,692.063232,369.073914,27.100769,90.609863,0.000021
400,672.247803,127.579720,44.813232,205.730469,0.000013
400,563.975281,109.843681,10.305969,21.165550,0.000012
400,670.480469,309.545532,46.926819,206.168030,0.000010
400,660.285156,169.533661,11.815918,26.696274,0.000010
400,660.719849,180.827667,11.486572,25.557632,0.000010
400,560.644104,142.878204,46.692749,93.971436,0.000002
425,557.622131,172.771881,13.922791,30.679871,0.962118
425,595.868347,172.931900,9.345703,20.269455,0.002640
425,678.874023,130.348572,25.070923,52.703079,0.001448
425,554.506531,170.630280,12.548889,28.940262,0.001109
425,664.088074,133.838272,33.921692,75.246323,0.000608
425,547.699341,97.802887,12.090454,25.307549,0.000506
425,576.764282,174.102478,9.843262,20.664078,0.000400
425,705.345032,133.755051,14.654968,35.526871,0.000156
425,651.797485,142.583878,29.709229,65.910065,0.000154
425,705.540161,148.489029,14.459839,36.489456,0.000131
425,657.634705,163.576019,19.037964,41.816864,0.000129
425,661.091064,179.217026,13.106201,29.434082,0.000107
425,705.419373,119.425140,14.580627,35.402603,0.000104
425,705.748718,180.190170,14.251282,36.494507,0.000102
425,692.347351,120.464211,25.432007,84.289726,0.000101
425,705.598999,164.241898,14.401001,37.261993,0.000098
425,673.322510,179.099915,14.314087,30.992661,0.000093
425,705.846924,195.640839,14.153076,36.050156,0.000090
425,688.516052,181.001968,14.300476,31.196655,0.000085
425,680.730530,156.579681,25.353577,52.328323,0.000081
425,699.673340,171.943573,19.542419,56.104889,0.000071
425,670.733459,147.064362,19.672913,42.934586,0.000065
425,692.175720,288.845184,27.441467,92.596436,0.000051
425,672.240601,164.398788,16.621155,36.816162,0.000049
425,671.310242,127.014534,44.147461,200.858765,0.000031
425,671.810303,53.018185,41.895020,176.079132,0.000030
425,534.467102,172.996658,10.313049,21.041763,0.000024
425,671.180176,226.321777,47.290405,210.826752,0.000022
425,652.287964,117.343964,59.457764,131.470779,0.000022
425,669.259277,355.598511,49.691223,217.145813,0.000011
450,543.517883,190.631973,12.802246,28.017532,0.947974
450,581.629578,186.693726,9.301331,19.924210,0.000856
450,539.103699,187.842651,11.291748,25.765030,0.000524
450,560.086487,190.168427,9.868164,20.506348,0.000524
450,161.690201,150.492493,14.285400,30.918396,0.000501
450,594.827209,185.274918,10.024414,21.387054,0.000296
450,220.534409,112.811356,22.724838,52.251282,0.000186
450,674.757202,210.717926,13.306580,29.179367,0.000112
450,705.441223,212.138184,14.558777,36.819122,0.000102
450,214.715012,91.992523,33.413498,74.740723,0.000100
450,688.500366,199.589951,14.234558,31.411697,0.000100
450,705.613953,197.034470,14.386047,36.776718,0.000093
450,673.641479,198.634262,13.849243,30.295441,0.000076
450,530.007446,111.274879,10.863220,23.424965,0.000071
450,659.861084,208.837158,12.485718,27.600052,0.000063
450,659.117188,197.765320,13.041382,29.040680,0.000062
450,692.857178,176.621704,26.025757,88.834717,0.000057
450,646.367432,197.597778,11.645630,27.015152,0.000055
450,668.864807,192.854370,21.492859,44.342087,0.000054
450,158.752365,129.473221,18.963959,40.984268,0.000052
450,655.046692,193.260178,19.699890,41.082932,0.000048
450,670.741760,61.654518,44.385010,192.263855,0.000047
450,662.698059,161.669556,32.688599,73.915436,0.000039
450,671.718201,274.158936,46.909363,208.588684,0.000030
450,671.748230,131.199875,44.737549,192.218033,0.000025
450,635.588379,48.719749,73.670959,184.968201,0.000024
450,650.283142,166.615082,29.066345,66.448959,0.000022
450,206.300400,38.360996,70.011887,146.522354,0.000022
450,518.164856,187.877670,10.263672,20.922150,0.000021
450,563.738403,109.128159,10.901855,21.537506,0.000015
450,658.059570,185.370529,15.837341,34.290268,0.000013
450,296.953308,68.986542,77.601227,167.079086,0.000013
450,669.143188,349.460388,49.525818,219.087097,0.000010
450,218.424469,24.802458,94.011963,182.460693,0.000009
450,309.287933,120.426689,34.491791,77.705544,0.000006
475,533.680481,173.630844,13.703064,30.027222,0.960165
475,539.489746,173.531815,14.376221,30.805573,0.177962
475,582.994263,176.881699,11.115540,24.156982,0.011513
475,592.891418,181.645737,11.572571,24.712341,0.001688
475,534.761963,162.704391,22.726135,49.561447,0.001510
475,112.976234,108.272888,16.397224,36.425888,0.000158
475,108.180222,113.889175,23.646805,52.646484,0.000138
475,645.519836,170.277084,11.997742,27.161743,0.000102
475,74.565643,118.175919,22.831573,48.531387,0.000087
475,195.137589,84.479691,35.681519,78.690292,0.000067
475,564.395935,174.061783,9.355530,19.534836,0.000063
475,515.433228,94.100029,11.123535,23.825394,0.000052
475,99.924355,103.806641,38.014061,85.349823,0.000035
475,646.473572,141.653595,30.860168,68.570053,0.000029
475,656.860718,170.515961,13.191833,28.007645,0.000024
475,653.120239,164.343399,18.843201,40.990784,0.000021
475,671.669617,43.562042,43.341614,184.835327,0.000021
475,68.028526,116.766510,35.426025,81.461609,0.000018
475,610.407898,173.222916,10.396973,22.307632,0.000016
475,671.892212,115.284523,44.485168,190.420074,0.000015
475,56.765030,118.600151,34.266045,79.510139,0.000011
475,165.278427,23.616627,80.175507,155.689331,0.000010
475,670.266541,352.620880,48.206604,213.286163,0.000010
475,125.844986,31.539085,96.732010,176.655121,0.000010
475,658.070129,180.207901,13.266052,29.638351,0.000009
475,89.059708,76.659721,73.373245,151.877441,0.000006
475,58.365032,84.529930,66.876633,136.510651,0.000006
475,514.505554,124.877029,55.693787,112.226959,0.000003
500,522.472900,166.071045,18.181580,39.487885,0.744530
500,519.950439,175.418869,14.311096,30.113266,0.002427
500,518.991028,163.912827,13.997498,28.565292,0.002196
500,642.680115,164.563248,12.680786,28.127960,0.001468
500,543.771240,172.148987,10.863159,21.839127,0.001428
500,114.134140,194.810638,12.047363,26.865616,0.000720
500,112.843620,183.182541,13.349274,29.592468,0.000637
500,520.388916,143.198761,25.915344,58.594299,0.000533
500,642.189819,173.640793,14.812805,31.518326,0.000123
500,19.272703,105.295433,14.930990,33.438484,0.000093
500,100.228058,182.922363,12.411652,28.091415,0.000064
500,77.835411,104.462044,20.165939,43.066383,0.000060
500,27.986153,102.320305,22.369473,47.494194,0.000055
500,48.690815,105.344940,14.740582,31.858078,0.000044
500,630.883972,170.642670,11.158569,23.344559,0.000042
500,73.852997,108.064285,27.135017,57.680923,0.000034
500,31.920731,105.658348,15.171810,32.752998,0.000033
500,502.864136,172.699387,10.732056,22.016724,0.000033
500,500.778473,90.312729,10.780273,23.386711,0.000020
500,656.635132,166.047470,13.664673,29.764572,0.000020
500,580.934875,167.907227,11.355896,25.943863,0.000019
500,54.841583,100.617165,36.760796,83.282677,0.000009
500,245.354965,48.636047,103.555252,215.815765,0.000009
500,21.421520,103.252060,35.491329,80.194351,0.000008
500,63.361034,88.313934,56.089748,121.218170,0.000007
500,404.396393,192.706329,117.334991,248.341217,0.000007
500,30.157661,67.746857,73.576614,156.046448,0.000004
500,37.637089,101.553024,36.222752,83.224457,0.000004
500,502.898224,128.042740,52.358429,108.524490,0.000001
525,485.309875,169.261459,14.927368,32.399124,0.979787
525,490.540497,166.409012,15.173279,32.450897,0.976345
525,482.169983,158.152267,22.359283,46.445557,0.050268
525,131.634109,182.150558,11.108475,24.365555,0.001483
525,1.769717,103.642647,13.714245,28.861427,0.000179
525,705.575134,196.315491,14.424866,36.547012,0.000119
525,473.406158,170.942825,11.797638,23.925186,0.000119
525,18.879070,106.601364,12.350056,27.171631,0.000107
525,704.793274,100.264420,15.206726,37.256424,0.000101
525,705.604126,180.926865,14.395874,36.907562,0.000099
525,127.470604,170.486832,17.827827,36.384109,0.000093
525,402.572693,168.286728,10.800293,22.903885,0.000089
525,145.035583,182.316940,10.574158,22.787094,0.000084
525,1.464160,93.183990,14.002191,29.905579,0.000068
525,388.668945,170.242966,10.444611,22.268463,0.000067
525,372.343109,171.685135,10.261414,21.722809,0.000061
525,454.839722,82.718445,10.576447,22.861702,0.000059
525,402.369232,159.522583,10.964325,23.138351,0.000058
525,691.212524,80.616936,27.613831,91.600777,0.000057
525,673.396362,37.690823,43.589539,186.220657,0.000055
525,671.765015,256.795563,46.732239,206.498138,0.000036
525,514.161011,168.019379,10.038513,22.068222,0.000027
525,144.455322,172.764679,10.779602,23.524445,0.000024
525,356.164978,173.183853,9.849274,20.690231,0.000023
525,32.284485,100.344467,12.396778,24.570168,0.000015
525,32.585258,108.252258,11.565845,24.738754,0.000015
525,670.726562,331.229614,47.549011,212.989136,0.000012
525,671.519897,99.266342,45.477661,194.870682,0.000009
525,6.636592,45.049175,44.596153,166.495651,0.000007
525,211.095795,166.752670,12.238464,26.929260,0.000006
525,291.725250,237.397812,129.824127,271.327637,0.000005
525,469.134644,140.666260,44.524841,91.392548,0.000003
525,31.306578,92.390182,69.966003,136.776443,0.000002
550,436.166321,170.266525,15.547241,33.869858,0.986483
550,499.140625,170.260818,13.015686,28.170242,0.020320
550,444.069427,171.951813,12.364471,25.730759,0.005472
550,544.330139,162.545059,11.556213,25.449966,0.001586
550,446.365265,166.198395,12.856903,26.585052,0.000783
550,425.566650,172.815979,11.884827,24.441162,0.000570
550,534.157410,168.279465,12.283752,25.874100,0.000448
550,164.520645,186.222900,11.057129,23.152924,0.000317
550,176.822815,180.643005,12.220123,26.055511,0.000285
550,486.827728,171.688675,10.959778,23.201645,0.000200
550,595.828918,131.199081,33.852112,81.990891,0.000138
550,514.654663,170.062958,11.755859,24.629074,0.000100
550,244.242966,87.996040,11.630371,25.445908,0.000090
550,670.956604,49.847996,44.759766,188.222565,0.000072
550,164.100555,174.671036,11.949829,25.196594,0.000061
550,515.343933,160.821609,11.662659,25.228333,0.000040
550,149.580429,189.033340,10.221802,21.326462,0.000036
550,671.563782,255.457657,46.882507,208.843765,0.000035
550,339.252045,169.834442,11.026123,23.123871,0.000035
550,589.015442,153.636444,24.111450,55.226059,0.000032
550,577.050049,101.902527,67.222778,137.696243,0.000031
550,467.353851,171.613937,9.746002,19.944443,0.000031
550,606.255676,163.097168,17.214539,38.181625,0.000031
550,584.185425,139.061523,33.864685,81.415512,0.000031
550,400.263519,83.321907,11.353149,23.112030,0.000014
550,670.674866,334.842499,47.470032,210.770111,0.000014
550,561.831421,158.080994,11.674683,25.089600,0.000011
550,33.597279,107.828827,11.693703,24.714966,0.000009
550,396.085205,81.973686,16.252747,34.385193,0.000007
550,571.473755,146.575180,30.678223,73.226837,0.000005
575,380.695404,164.091446,15.939240,35.030289,0.982440
575,376.266510,165.720169,13.817932,31.581528,0.982440
575,242.683823,169.323853,14.283371,30.326477,0.010948
575,493.761902,163.793289,15.876495,33.859161,0.008957
575,253.918518,169.698959,12.642761,26.688339,0.003246
575,480.867828,159.198471,21.406067,44.776978,0.000703
575,483.641907,157.774139,14.367798,30.174271,0.000262
575,254.702042,160.602982,12.831650,26.983841,0.000226
575,401.143799,171.271942,10.836670,22.013702,0.000221
575,672.046997,53.142052,44.678528,190.914551,0.000146
575,255.490311,179.530167,11.847488,25.526520,0.000142
575,449.720001,165.154037,13.645050,29.208878,0.000117
575,705.339783,180.975616,14.660217,37.555557,0.000090
575,705.324707,196.880356,14.675293,37.348434,0.000089
575,466.275238,164.178772,14.420441,31.459259,0.000075
575,358.597260,170.847916,11.096832,22.364899,0.000056
575,466.846069,155.821487,13.281738,28.800156,0.000051
575,691.152771,94.280479,28.402222,95.751839,0.000043
575,671.946289,288.462402,46.679199,207.831879,0.000028
575,672.988403,113.380066,44.967102,194.792786,0.000027
575,589.931030,46.494389,103.991028,211.583588,0.000018
575,337.346710,79.481720,11.182007,23.342598,0.000007
575,357.723145,127.210960,50.092377,103.919914,0.000002
575,222.682343,139.293243,51.717926,108.555191,0.000002
575,128.476425,44.431618,88.937820,184.309631,0.000001
600,365.507202,156.042969,21.450684,46.362625,0.535239
600,355.966614,166.590225,13.059052,28.778732,0.001766
600,342.846344,171.949432,11.022949,23.246292,0.000761
600,401.137634,163.638870,12.737427,27.762115,0.000517
600,356.387329,176.719559,12.007324,26.987350,0.000406
600,555.485779,178.110229,23.869080,50.151291,0.000299
600,458.129181,61.948116,83.508026,171.512512,0.000236
600,381.106445,153.140488,19.728363,41.634811,0.000219
600,385.179382,165.095016,13.393829,28.206726,0.000215
600,349.586365,150.941360,25.993744,56.627472,0.000213
600,560.872131,180.816971,15.400024,33.234680,0.000190
600,400.811340,147.539307,12.844055,27.650925,0.000160
600,493.186035,39.653511,122.801819,217.923798,0.000133
600,705.478638,100.541527,14.521362,36.920662,0.000069
600,692.663025,336.800018,27.017334,91.502136,0.000060
600,692.697571,368.446228,27.002441,91.546814,0.000056
600,691.828369,79.493462,27.830383,93.022209,0.000047
600,692.431091,416.566284,27.230530,91.914062,0.000037
600,672.827820,29.729000,44.490967,195.725296,0.000037
600,468.208740,124.680939,36.486359,85.440765,0.000032
600,671.503906,269.533356,47.141418,211.252106,0.000027
600,346.537140,129.211960,57.134216,117.790863,0.000025
600,244.947556,73.145966,10.167374,22.340691,0.000013
600,453.788330,129.288300,35.793884,83.720322,0.000011
600,671.191345,93.390831,45.529846,198.080231,0.000010
600,669.733826,349.056122,49.088013,218.757782,0.000010
600,245.656998,65.236450,10.130463,22.813507,0.000009
600,234.636505,56.305958,75.715912,152.790054,0.000005
600,590.807068,36.499523,114.725525,210.263031,0.000004
625,645.114868,108.256615,57.085388,123.712288,0.989632
625,670.741760,130.214935,35.537109,76.658966,0.000940
625,639.253235,132.992554,29.163696,68.144913,0.000769
625,687.739563,126.781326,30.615601,98.629333,0.000574
625,650.070251,124.209824,36.041016,72.205948,0.000556
625,674.331238,159.524551,30.794312,61.967773,0.000356
625,391.358093,165.254684,27.535797,60.456909,0.000349
625,705.242188,136.301422,14.757812,32.693634,0.000349
625,696.531250,139.063568,22.861145,60.958008,0.000295
625,704.956909,148.494888,15.043091,38.848984,0.000245
625,704.474365,164.388565,15.364563,37.306961,0.000236
625,704.001831,179.254639,15.837524,36.320923,0.000178
625,682.839600,161.855530,18.373474,39.565125,0.000164
625,655.479370,128.549973,25.719849,48.003006,0.000122
625,653.682861,166.688934,28.255310,64.713547,0.000120
625,682.948608,144.220795,19.381653,43.542114,0.000081
625,683.298767,131.339218,18.283264,40.292374,0.000070
625,667.016846,114.735840,23.641846,48.004974,0.000037
625,641.062378,147.948807,19.947815,39.845947,0.000033
625,670.832520,283.771149,47.902222,214.273712,0.000022
625,399.373169,48.888718,116.174805,223.334549,0.000022
625,662.684692,121.021339,32.584351,68.590324,0.000021
625,18.827333,148.990891,13.109867,28.907410,0.000015
625,19.127615,138.721054,13.101900,29.432205,0.000008
625,358.351227,57.997658,85.313477,177.249451,0.000006
625,468.917999,35.396145,123.816132,215.925629,0.000002
650,555.887390,108.211090,63.382202,137.044998,0.993177
650,674.945496,114.003319,33.569580,72.115715,0.001982
650,274.723480,173.010590,14.333038,31.565887,0.001662
650,137.226456,58.247768,81.814987,170.085526,0.001105
650,662.091675,114.834541,54.824036,128.902466,0.000618
650,268.377197,173.838913,23.703033,50.701813,0.000390
650,281.584625,174.417511,21.672272,46.797806,0.000384
650,681.625732,117.987846,22.885742,45.341499,0.000362
650,685.093994,112.590324,32.312927,96.489235,0.000326
650,703.602112,119.969673,16.397888,35.183846,0.000265
650,702.333801,130.489304,17.666199,41.824753,0.000199
650,191.703156,181.268005,15.805527,32.671310,0.000192
650,688.415344,229.182724,14.801697,31.614609,0.000183
650,607.376892,151.028412,14.972900,33.220810,0.000154
650,607.726685,167.203064,13.655090,31.409836,0.000131
650,589.953552,93.402077,82.908569,173.593109,0.000094
650,1.235752,165.494125,15.536757,33.135056,0.000087
650,132.574524,110.145287,38.078125,92.113701,0.000062
650,286.256012,57.792019,113.199646,240.830597,0.000036
650,1.146493,150.435913,15.552716,36.390198,0.000025
650,1.448367,141.301224,24.823658,83.881119,0.000019
650,11.610394,161.747925,18.817402,40.399689,0.000019
650,631.956482,64.225830,79.862366,176.577240,0.000019
650,210.087082,44.226810,109.852188,237.193542,0.000015
650,17.347567,168.184189,12.394342,26.840210,0.000013
650,15.607665,153.397903,15.083238,33.078064,0.000005
650,4.261546,98.275261,42.956749,149.523987,0.000001
675,411.048065,103.543907,78.429382,169.760071,0.990888
675,371.910553,117.355675,66.912445,144.416931,0.972156
675,429.468903,142.972275,52.801483,115.420212,0.017720
675,448.859741,173.376862,34.776154,73.689133,0.001692
675,379.098389,136.609436,45.050812,100.984863,0.001250
675,686.082153,170.254517,16.076111,33.847198,0.000828
675,681.788940,175.784088,20.606567,43.669250,0.000459
675,458.355682,188.299423,21.973877,48.541382,0.000458
675,414.604095,146.694397,19.016724,38.668076,0.000214
675,402.882843,137.272598,30.935822,67.125076,0.000187
675,423.915527,137.304367,30.858978,68.060074,0.000185
675,461.510590,178.773071,19.043671,41.455246,0.000179
675,379.797424,159.402359,28.711456,55.925034,0.000141
675,481.457123,186.392471,12.699554,27.603226,0.000125
675,676.586731,166.573715,32.540222,71.458710,0.000113
675,414.829926,160.098099,20.319855,43.261795,0.000108
675,430.576172,144.053772,22.122528,45.303131,0.000081
675,456.238068,157.877060,43.875702,95.655899,0.000074
675,431.414032,158.746307,21.127716,46.533798,0.000053
675,461.716339,163.815262,18.813721,39.006256,0.000045
675,497.034851,186.453720,12.925018,29.796768,0.000033
675,395.840668,140.614304,24.623108,51.569366,0.000020
675,258.019806,135.667084,13.233734,28.477676,0.000018
700,259.351624,101.461807,94.494812,206.119308,0.994303
700,217.188004,113.085052,88.870895,195.097229,0.990819
700,229.229691,111.812576,59.661087,138.485458,0.008252
700,332.101929,174.878403,17.198364,39.394699,0.004537
700,267.293854,166.638153,68.213013,143.576569,0.002523
700,326.496185,154.252228,26.541168,57.416489,0.001783
700,317.650421,137.508514,40.038696,86.579407,0.001352
700,333.448090,137.344147,16.096375,37.018417,0.001071
700,302.227692,120.271759,58.586243,126.799896,0.000864
700,332.360962,148.944107,18.948151,40.926941,0.000607
700,225.922668,177.222748,18.916626,43.737961,0.000471
700,230.949753,182.114182,56.370651,121.340561,0.000470
700,271.477112,177.135315,18.508362,41.914322,0.000411
700,273.631775,206.370956,46.709412,99.838638,0.000389
700,271.963470,194.373840,17.367157,41.475754,0.000246
700,270.802124,159.668503,19.498352,42.148636,0.000079
700,641.668701,185.946518,13.791443,28.829636,0.000040
700,269.832642,145.178238,18.370422,41.661896,0.000038
700,633.054565,45.736656,76.763794,197.030273,0.000026
700,259.760223,152.147110,30.808167,64.445908,0.000025
700,231.685272,224.854523,31.711121,72.141693,0.000021
700,287.328003,156.541672,21.978027,48.578171,0.000016
700,287.735596,173.761200,20.814392,48.003403,0.000012
700,287.668610,191.570938,19.700378,46.776321,0.000007
700,393.868805,92.134483,113.546875,233.969421,0.000001
725,4.059422,35.252171,140.046143,329.454865,0.992973
725,110.687607,114.797874,44.583542,98.583549,0.762460
725,1.000000,71.660217,78.456367,191.269440,0.003784
725,687.680603,134.163757,16.144409,35.116577,0.003574
725,3.999288,79.748413,41.761375,143.471024,0.001583
725,124.909286,120.844315,22.806625,42.200073,0.000343
725,114.723763,121.823540,15.824638,32.761528,0.000277
725,704.390686,132.464706,15.609314,37.250870,0.000191
725,105.380836,114.787888,25.439644,50.083267,0.000170
725,1.455096,118.093018,25.435736,68.853561,0.000159
725,2.978931,116.220978,17.741051,43.414612,0.000142
725,55.432823,84.517159,81.550621,180.902588,0.000078
725,1.966437,147.169434,16.479139,36.830505,0.000053
725,94.445351,145.120010,19.967636,42.659119,0.000052
725,674.223633,51.707565,41.444214,173.766724,0.000052
725,111.657906,132.327316,19.870491,40.159897,0.000043
725,95.082603,162.141068,19.207741,41.709412,0.000040
725,85.116203,119.637581,29.945885,64.525459,0.000039
725,94.100815,129.533386,19.893318,42.378098,0.000029
725,102.316162,103.350021,129.901733,271.367432,0.000015
725,205.437363,104.745331,103.411331,215.145660,0.000003
725,151.791412,113.596542,105.255890,225.867325,0.000002
750,511.651642,135.478409,20.659515,44.081924,0.001489
750,520.935913,127.239830,30.645813,67.750908,0.000715
750,524.474548,134.849060,20.397522,46.007828,0.000702
750,682.349976,160.281509,21.609802,46.473358,0.000490
750,539.033569,133.146011,22.099792,49.939392,0.000451
750,531.782166,124.042023,33.090698,76.311722,0.000342
750,514.789246,128.639023,14.520752,31.245789,0.000240
750,691.515442,155.540695,27.555664,91.754532,0.000179
750,704.695190,164.204330,15.304810,37.817139,0.000158
750,705.003418,148.974167,14.996582,37.505402,0.000143
750,698.633545,171.268097,21.006348,60.116760,0.000128
750,704.637085,179.698303,15.362915,37.951935,0.000124
750,677.168640,160.588211,34.334656,77.086105,0.000105
750,705.029907,195.985077,14.970093,37.174179,0.000098
750,705.457275,356.812256,14.542725,36.585846,0.000084
750,705.461792,372.805084,14.538208,36.598083,0.000080
750,705.489746,388.847809,14.510254,36.583618,0.000079
750,691.559631,114.622467,27.990723,93.834686,0.000076
750,692.356934,319.619019,27.203125,91.892273,0.000058
750,692.228394,351.221100,27.405090,92.117645,0.000052
750,692.202454,383.212036,27.488098,92.582489,0.000049
750,666.079346,160.689575,31.939148,72.344971,0.000044
750,692.315002,415.726166,27.227051,91.593536,0.000039
750,673.040588,97.334267,43.975830,188.343231,0.000035
750,671.778870,248.621521,46.988220,209.944763,0.000030
750,45.959267,227.586929,17.912701,37.490555,0.000015
750,19.451628,205.203278,40.017418,91.270721,0.000015
750,31.552122,226.307114,17.956015,38.174423,0.000012
750,671.218445,329.504303,47.187134,211.661713,0.000012
750,1.000000,128.981277,59.622295,221.438217,0.000009
750,291.582153,183.334457,12.303741,27.296341,0.000005
750,508.251678,94.843460,69.613068,145.526245,0.000004
750,291.636993,171.467529,12.265503,27.048676,0.000003
775,320.580200,200.347778,13.272278,30.033859,0.000154
775,315.880707,192.609955,20.170502,44.995758,0.000142
775,705.661743,212.481934,14.338257,36.101151,0.000135
775,267.490326,174.179520,22.777954,50.347244,0.000123
775,705.110901,132.367538,14.889099,37.065552,0.000123
775,705.597046,196.923096,14.402954,36.663895,0.000118
775,705.015503,116.926254,14.984497,37.739395,0.000108
775,272.009918,181.485138,15.887573,34.360382,0.000089
775,706.101990,261.436981,13.898010,35.796448,0.000088
775,698.870911,109.358177,20.724609,59.990852,0.000088
775,705.063721,101.155350,14.936279,37.789474,0.000086
775,691.734924,96.563461,27.403198,91.684326,0.000084
775,691.858276,157.563690,27.775696,93.316025,0.000083
775,262.798706,163.287140,33.191956,75.714767,0.000078
775,277.425110,165.495483,34.088715,78.390106,0.000065
775,295.046783,176.463196,33.830414,75.951035,0.000050
775,309.498840,169.764633,30.964081,72.260696,0.000049
775,301.349091,190.340775,22.349243,49.593704,0.000048
775,353.946625,199.632111,14.054443,30.564331,0.000043
775,692.565979,415.533142,27.060120,91.535522,0.000042
775,672.298523,35.386311,44.003052,187.392868,0.000038
775,108.059601,243.487625,20.427231,44.629410,0.000037
775,305.598328,199.130646,14.901917,32.656479,0.000035
775,304.924652,209.135956,16.273224,36.157059,0.000015
775,342.391205,171.271637,30.447052,69.582413,0.000015
775,674.638306,163.925735,44.149719,202.767166,0.000012
775,102.319756,234.238083,32.442665,73.215836,0.000010
775,670.294250,344.335388,48.921570,219.355591,0.000008
775,253.008926,128.602631,69.472305,148.187531,0.000005
775,244.465546,62.810104,91.214661,186.392807,0.000005
775,368.139252,202.943314,13.148560,28.344650,0.000004
775,43.470470,275.935486,97.551239,205.513672,0.000003
775,278.900024,131.513565,71.206482,153.624039,0.000003
775,3.456092,245.904968,57.458607,205.198212,0.000002
775,123.329613,210.542343,105.190590,223.494247,0.000002
775,83.088928,185.085587,86.681534,187.486557,0.000001
800,705.658447,212.500504,14.341553,36.301346,0.000105
800,705.785583,117.251823,14.214417,35.931801,0.000093
800,705.589600,196.885941,14.410400,36.864578,0.000092
800,705.616028,356.716461,14.383972,36.464508,0.000089
800,705.708496,340.947052,14.291504,36.238953,0.000088
800,705.781799,101.528687,14.218201,36.209091,0.000087
800,705.531311,372.594879,14.468689,36.655731,0.000086
800,705.603882,420.824127,14.396118,36.500854,0.000086
800,705.524963,404.746826,14.475037,36.710815,0.000083
800,705.490295,388.630646,14.509705,36.769073,0.000083
800,705.731506,436.908600,14.268494,36.140717,0.000083
800,705.549255,181.116882,14.450745,36.906479,0.000081
800,705.564026,164.988510,14.435974,36.728592,0.000073
800,699.725342,188.886185,19.888000,57.658432,0.000073
800,692.880371,175.655991,26.433350,89.044083,0.000073
800,692.488281,319.724640,27.146729,91.782471,0.000060
800,672.538635,33.340336,43.955872,196.265671,0.000059
800,691.941467,81.490303,27.563110,92.243187,0.000056
800,699.432007,396.112488,20.329163,59.244263,0.000056
800,692.001343,112.857956,27.459595,92.219727,0.000054
800,692.207947,382.613831,27.456543,92.460022,0.000054
800,692.177490,350.799194,27.540466,92.880463,0.000053
800,672.075012,233.140182,46.761047,212.594009,0.000036
800,1.000000,392.495117,14.200045,31.658112,0.000035
800,692.645325,415.321259,26.962341,90.881561,0.000033
800,672.236145,95.364059,45.960144,202.509232,0.000027
800,1.000000,376.908844,13.978255,31.480835,0.000026
800,1.000000,407.690125,14.182393,31.898773,0.000022
800,1.000000,372.199982,23.815666,87.843414,0.000013
800,672.389954,316.192993,46.113220,206.138123,0.000012
800,2.138930,306.655548,55.634407,206.659943,0.000007
800,127.082672,303.747162,93.431625,189.263763,0.000004
800,8.470006,318.533051,100.844261,213.938385,0.000003
800,151.937607,261.939484,108.488937,223.002289,0.000003
800,165.460617,357.789429,33.540131,78.182190,0.000002
800,69.914207,223.233536,115.118584,239.538925,0.000002
800,202.775803,295.374817,91.785446,184.194794,0.000002
800,104.604095,198.357956,112.643707,234.972458,0.000002
800,88.972649,135.785141,109.905602,225.507919,0.000001
825,706.178162,212.971512,13.821838,35.282990,0.000119
825,699.896729,189.169128,20.103271,59.704041,0.000108
825,705.937927,197.344315,14.062073,36.148727,0.000098
825,705.658936,101.413727,14.341064,36.246933,0.000090
825,705.737732,117.325386,14.262268,36.066566,0.000089
825,705.725647,181.491913,14.274353,36.525864,0.000083
825,705.765930,133.298111,14.234070,36.036957,0.000083
825,705.922302,309.351837,14.077698,36.118652,0.000080
825,705.699768,149.338348,14.300232,36.234390,0.000078
825,705.646729,165.405045,14.353271,36.559525,0.000078
825,705.945679,437.053467,14.054321,35.768982,0.000077
825,692.716064,160.457077,26.713318,89.935837,0.000077
825,706.004272,421.093414,13.995728,35.637299,0.000076
825,706.007568,356.975861,13.992432,35.470276,0.000074
825,705.795105,325.176392,14.204895,36.190033,0.000074
825,705.869385,341.046539,14.130615,35.864380,0.000073
825,706.074341,405.108215,13.925659,35.460632,0.000072
825,693.499939,192.461166,25.856506,86.900101,0.000065
825,692.064087,81.374214,27.460754,92.301445,0.000056
825,692.374634,303.387878,27.032166,91.269989,0.000055
825,692.804932,272.609650,26.764465,91.498932,0.000054
825,699.413940,157.455658,20.242859,59.085648,0.000054
825,692.002258,128.629547,27.561768,92.738998,0.000052
825,699.594238,316.675354,20.092957,58.772278,0.000049
825,692.782410,336.290894,26.546265,89.589569,0.000045
825,692.831360,383.728516,26.784546,90.610504,0.000039
825,672.749329,78.512497,45.047485,203.303909,0.000037
825,541.686340,99.068367,17.815063,39.063957,0.000035
825,692.813721,415.699524,26.835205,90.569000,0.000032
825,672.394104,231.592621,46.006165,208.628876,0.000029
825,673.538086,149.567795,44.897522,216.453049,0.000025
825,546.089417,115.516144,12.898132,28.077332,0.000022
825,533.021118,102.366310,12.712585,28.889946,0.000019
825,536.341858,89.184982,28.743713,61.679688,0.000014
825,4.182777,72.314301,55.859379,207.909607,0.000008
825,670.610840,339.976715,48.662720,223.115570,0.000006
825,1.000000,462.482941,51.013802,111.884186,0.000003
825,519.998474,29.067879,75.636292,156.226135,0.000002
825,1.000000,331.028503,59.903751,226.970947,0.000001
850,705.836975,196.875763,14.163025,35.737671,0.000107
850,705.476868,100.936592,14.523132,36.606346,0.000106
850,705.656677,116.914871,14.343323,36.267593,0.000090
850,705.556824,181.203918,14.443176,36.637070,0.000082
850,705.724121,421.153870,14.275879,36.193787,0.000081
850,705.649902,309.153107,14.350098,36.387177,0.000081
850,705.526306,325.039124,14.473694,36.620544,0.000081
850,705.477783,340.979004,14.522217,36.648987,0.000080
850,705.812622,437.136078,14.187378,35.951019,0.000080
850,705.639893,405.142212,14.360107,36.391571,0.000079
850,705.466125,356.879761,14.533875,36.662720,0.000078
850,699.914490,173.925598,19.538635,56.577469,0.000076
850,699.224854,92.572441,20.283264,59.103905,0.000075
850,705.563110,389.029114,14.436890,36.526123,0.000074
850,705.502747,372.898285,14.497253,36.622131,0.000074
850,705.626404,132.969376,14.373596,36.337036,0.000071
850,705.458496,165.287125,14.541504,36.805420,0.000067
850,705.490173,149.108429,14.509827,36.585846,0.000064
850,691.776062,79.962746,27.548035,92.664452,0.000064
850,693.142700,176.725815,26.022583,87.676987,0.000058
850,692.108582,144.305176,27.241211,90.876694,0.000058
850,672.899414,30.329302,43.682739,193.643402,0.000058
850,692.489197,272.713806,27.102539,91.555817,0.000056
850,692.112793,303.722168,27.432739,92.408661,0.000055
850,692.184265,367.570984,27.408020,92.362793,0.000051
850,692.021729,335.495605,27.531799,92.665436,0.000051
850,692.554688,400.138184,27.016296,91.317108,0.000046
850,691.758545,111.515373,27.870178,93.806618,0.000042
850,671.878052,269.189545,46.523071,207.486908,0.000036
850,241.768341,99.253166,14.595276,31.919533,0.000034
850,672.098572,186.917862,45.987061,211.697617,0.000025
850,237.091888,89.884613,22.075653,47.668228,0.000024
850,672.589600,93.266510,45.683289,202.311310,0.000021
850,232.453201,77.575928,32.530014,70.245682,0.000019
850,669.935181,342.716309,49.174438,222.238098,0.000009
850,492.226379,51.262177,105.679993,225.225922,0.000005
850,601.232910,33.032242,101.817810,195.233139,0.000005
850,239.736038,37.372318,92.275833,174.427216,0.000002
850,218.737762,32.858974,73.938049,152.718750,0.000002
875,280.954956,88.836723,28.892700,63.056374,0.000130
875,705.613770,180.485931,14.386230,36.966293,0.000108
875,705.328918,163.905411,14.671082,37.906219,0.000104
875,705.268250,147.661880,14.731750,38.001816,0.000102
875,705.298767,132.153778,14.701233,37.602753,0.000102
875,705.548645,116.970299,14.451355,37.052864,0.000100
875,289.762360,117.300949,13.862000,31.114914,0.000098
875,286.321259,100.236641,19.456940,41.466606,0.000089
875,705.539368,436.874725,14.460632,36.687988,0.000078
875,705.608704,420.809357,14.391296,36.535065,0.000077
875,691.808533,126.015228,27.615234,93.236893,0.000076
875,705.671387,404.795563,14.328613,36.344421,0.000076
875,705.731934,388.835266,14.268066,36.142853,0.000074
875,698.818176,124.104515,20.709229,59.955025,0.000073
875,492.590820,115.306076,18.858307,41.427505,0.000068
875,698.827820,155.011856,20.871582,59.873260,0.000068
875,692.437622,157.647308,27.066345,91.799179,0.000055
875,641.478333,134.879349,12.263245,27.396805,0.000052
875,692.762512,272.198914,26.838867,90.973572,0.000051
875,673.481567,65.682411,43.820007,193.696442,0.000050
875,692.667969,303.878601,26.883972,91.016235,0.000049
875,692.508789,383.283997,27.197266,91.836914,0.000046
875,692.564575,351.698425,27.012878,91.065826,0.000046
875,692.269775,415.041016,27.363464,92.231323,0.000034
875,635.413147,116.911545,22.594910,49.469727,0.000029
875,671.424988,265.524628,47.036560,211.264404,0.000026
875,671.776489,181.604477,46.813599,216.439438,0.000026
875,640.201843,123.794250,15.135864,32.625854,0.000019
875,495.250793,106.927055,16.454681,35.915001,0.000019
875,485.342163,94.083427,31.012756,68.695061,0.000013
875,290.587860,84.431480,36.258728,79.464760,0.000011
875,670.775696,344.986572,48.067139,216.299316,0.000007
875,619.255432,56.538315,76.636658,161.079834,0.000006
875,189.267380,36.356007,101.296890,205.837997,0.000006
875,271.036865,35.013546,95.642059,190.084152,0.000004
875,471.944489,45.889641,77.541107,163.600342,0.000003
875,312.602936,39.201168,102.097900,206.465576,0.000002
900,705.996826,118.568275,14.003174,35.158089,0.000133
900,705.942505,164.634598,13.946350,35.892456,0.000124
900,706.463013,179.428452,13.258118,33.527206,0.000100
900,705.629883,133.919846,14.370117,35.978256,0.000099
900,705.785828,373.077271,14.214172,35.993042,0.000091
900,705.768555,388.892151,14.231445,36.152466,0.000088
900,705.752808,404.762787,14.247192,36.307678,0.000085
900,705.512573,149.482086,14.487427,37.062851,0.000084
900,705.823669,293.218597,14.176331,35.814880,0.000080
900,705.746521,325.065033,14.253479,35.804932,0.000080
900,705.755432,420.751282,14.244568,36.404297,0.000080
900,705.709534,309.034668,14.290466,35.944000,0.000079
900,705.798096,436.810150,14.201904,36.303864,0.000076
900,692.677795,128.184372,25.468018,84.904785,0.000066
900,692.678345,336.105621,26.986511,90.984924,0.000055
900,700.076782,156.949234,18.703247,54.133575,0.000054
900,692.636353,367.796234,27.120178,91.256317,0.000053
900,692.411804,287.544098,27.135620,91.613342,0.000052
900,690.550964,180.103378,12.566895,26.421097,0.000049
900,692.413879,398.936279,27.245605,91.800934,0.000044
900,689.647095,168.270599,12.429749,26.910477,0.000043
900,685.125916,161.815247,18.629517,39.667328,0.000036
900,508.574829,99.583809,25.450500,56.016609,0.000030
900,672.067566,218.136520,45.800720,206.995071,0.000028
900,681.046448,142.498764,25.651550,58.431061,0.000027
900,336.228394,115.726128,17.635864,38.760765,0.000025
900,338.715149,130.164352,13.385590,30.270172,0.000024
900,688.269836,152.706314,15.628113,32.219116,0.000019
900,694.238159,158.279388,24.163086,80.105942,0.000015
900,671.109924,21.565670,42.369446,189.953033,0.000012
900,332.894562,120.761490,24.629761,50.857468,0.000010
900,338.353546,107.408043,14.466370,31.912514,0.000009
900,670.281250,341.704895,48.494873,218.855103,0.000008
900,351.674072,119.493835,13.350464,28.851318,0.000008
900,678.561951,99.039986,38.109619,169.341003,0.000005
900,316.527924,55.694324,69.108368,144.618256,0.000003
925,645.628906,136.780319,30.104126,65.340988,0.000863
925,671.692139,153.282227,13.675354,28.656494,0.000477
925,689.613037,153.101837,12.029175,26.375671,0.000261
925,654.496643,151.416580,18.037964,37.794128,0.000224
925,707.064758,149.635895,12.932312,34.258804,0.000207
925,663.011230,141.668213,23.884277,53.119400,0.000195
925,706.953430,135.552353,13.046570,33.884567,0.000165
925,641.908569,155.609619,20.935608,50.275421,0.000146
925,707.220520,167.485580,12.729187,29.176483,0.000126
925,703.420227,159.253357,16.483887,46.766129,0.000123
925,643.394348,175.256073,13.417114,29.755417,0.000088
925,705.812927,340.835724,14.187073,36.048920,0.000082
925,655.250488,173.430038,14.634033,30.668304,0.000080
925,705.827087,389.061707,14.172913,36.031342,0.000080
925,705.790466,372.993988,14.209534,36.090363,0.000075
925,705.779602,356.880371,14.220398,36.090790,0.000075
925,707.249695,178.529709,12.733398,34.550201,0.000066
925,693.092712,288.383148,26.537109,89.905151,0.000054
925,692.838074,319.852142,26.873596,90.746857,0.000050
925,692.450134,383.850281,27.182129,91.734222,0.000048
925,692.524719,351.438385,27.141541,91.654083,0.000047
925,686.462219,161.172852,15.700867,33.385803,0.000045
925,692.642944,415.985291,26.984924,91.036102,0.000038
925,696.614502,146.301483,22.178101,78.210205,0.000037
925,672.717285,213.213364,45.931335,212.173111,0.000025
925,322.113708,125.590935,12.271576,25.302727,0.000025
925,672.330139,295.493500,46.374023,211.663391,0.000021
925,290.495728,125.455193,12.216766,26.067192,0.000019
925,673.374268,165.909836,11.238647,25.183044,0.000014
925,621.580750,84.547401,72.475342,142.142456,0.000013
925,674.849670,88.321777,41.419495,175.147949,0.000012
925,305.890533,125.086830,11.991241,24.904060,0.000012
925,290.086639,133.895020,12.611359,27.477264,0.000010
925,178.353210,120.803108,12.734497,28.461601,0.000004
925,598.737976,38.109413,102.378906,221.332764,0.000002
950,705.224304,164.336334,14.659302,35.841995,0.000107
950,699.843384,155.518784,19.718079,57.422882,0.000100
950,705.465881,134.131577,14.534119,35.188370,0.000097
950,706.074646,179.497604,13.575317,32.928436,0.000093
950,705.774597,324.973389,14.225403,36.280640,0.000093
950,705.737549,340.886047,14.262451,36.310974,0.000091
950,705.814331,308.975098,14.185669,36.224945,0.000089
950,705.764404,356.830811,14.235596,36.207092,0.000085
950,704.969849,149.424759,15.030151,36.785538,0.000082
950,683.852173,160.464508,21.921387,44.465485,0.000072
950,692.562317,303.670410,27.075500,91.512177,0.000062
950,664.167969,135.450714,30.652100,65.419891,0.000062
950,692.508179,271.952789,27.171570,91.862976,0.000060
950,677.966980,134.664536,31.873657,69.569504,0.000060
950,669.866150,159.552536,21.472046,43.044785,0.000056
950,692.690430,128.960205,25.480835,84.357788,0.000055
950,692.706238,335.764557,26.929504,91.139984,0.000054
950,692.693726,368.118500,27.002991,91.224121,0.000052
950,692.874756,400.668243,26.828857,90.524536,0.000050
950,688.608154,166.041473,14.419250,30.027679,0.000049
950,672.608643,231.274994,45.760315,209.194153,0.000038
950,688.359924,153.641678,14.038330,29.780411,0.000022
950,129.004181,99.241119,19.779053,45.113403,0.000020
950,674.865723,165.405762,13.685974,28.597000,0.000019
950,671.711609,310.397827,46.905334,215.428040,0.000016
950,137.743500,99.275955,19.989548,44.879242,0.000015
950,132.381805,89.679749,28.866516,64.507202,0.000012
950,676.006714,86.438354,39.767090,168.736313,0.000010
950,673.567993,153.956985,13.727173,29.108810,0.000009
950,131.654343,114.256454,14.350250,33.095535,0.000008
950,658.999634,152.589050,14.029602,28.932602,0.000007
950,124.216278,95.874176,29.166290,65.297501,0.000007
950,141.698257,115.098511,16.380569,35.407959,0.000007
950,659.647949,166.061340,12.592651,26.609863,0.000006
950,122.380180,45.282482,65.740990,135.491928,0.000002
950,274.425995,122.773766,11.992188,25.820717,0.000002
975,684.505554,163.710068,20.169922,43.714737,0.000411
975,688.874817,179.485306,14.884521,32.187943,0.000273
975,670.169495,161.796143,22.564392,44.975677,0.000256
975,704.738037,179.078079,15.006592,36.804779,0.000195
975,687.940430,154.917358,16.394348,34.046082,0.000178
975,704.153625,164.873062,15.795288,39.522232,0.000162
975,679.304321,152.855438,31.091980,66.492569,0.000149
975,704.583069,150.364212,15.416931,38.548035,0.000143
975,697.884277,157.567230,20.703613,58.001617,0.000128
975,670.301331,150.730331,19.353027,41.372971,0.000125
975,705.630249,135.380859,14.369751,35.999359,0.000119
975,675.518188,166.587692,14.149536,30.968857,0.000102
975,705.576172,193.860489,14.080139,34.255646,0.000095
975,705.651855,340.825623,14.348145,36.449768,0.000089
975,705.620178,324.794739,14.379822,36.582886,0.000086
975,705.540833,308.727570,14.459167,36.701141,0.000085
975,698.004150,129.640060,21.165161,57.880493,0.000082
975,658.621704,154.215759,12.365112,26.487671,0.000080
975,676.755493,178.969498,12.989319,28.686066,0.000072
975,692.071777,286.530945,27.657288,93.499359,0.000063
975,685.855225,186.368469,18.485291,39.248367,0.000062
975,692.240356,318.821838,27.428467,92.666626,0.000059
975,692.263611,350.796600,27.455383,92.651215,0.000049
975,699.740234,185.873383,18.741516,53.209549,0.000048
975,659.888794,166.645676,11.632446,25.786072,0.000046
975,692.401672,398.508118,27.220947,92.042572,0.000043
975,672.697388,213.911331,45.999390,209.283920,0.000035
975,643.911499,154.227905,11.175598,24.489319,0.000028
975,672.594055,41.701847,40.202698,182.406036,0.000025
975,692.883362,171.825729,25.240784,83.042358,0.000022
975,680.644714,111.639465,35.062927,147.109863,0.000016
975,672.032288,324.723572,46.661194,213.174500,0.000010
975,1.000000,101.510193,13.758988,30.532944,0.000007
975,258.149475,122.521889,13.387604,29.271324,0.000007
975,14.194811,95.914650,20.291960,43.651115,0.000006
975,8.899646,84.579010,31.676178,71.173828,0.000003
975,4.354890,33.294422,54.088089,185.639114,0.000002
1000,688.560974,153.847977,14.593811,30.620514,0.000278
1000,705.000244,150.681808,14.999756,37.609802,0.000241
1000,704.727600,163.911957,15.272400,38.604950,0.000225
1000,705.404724,178.411789,14.595276,36.699722,0.000203
1000,705.612427,135.921616,14.387573,35.814926,0.000171
1000,684.297058,159.481583,23.062134,47.043518,0.000153
1000,688.615540,165.115967,15.419434,33.010712,0.000139
1000,699.357239,156.153534,19.869629,56.726578,0.000134
1000,689.567932,177.781387,14.461365,31.264084,0.000115
1000,701.989441,187.117310,17.938416,48.794418,0.000103
1000,706.463196,198.017105,13.090210,30.154144,0.000098
1000,705.765259,405.085144,14.234741,36.103485,0.000089
1000,705.776978,421.060791,14.223022,36.020477,0.000089
1000,705.577698,292.846283,14.422302,36.595551,0.000088
1000,705.757751,389.089691,14.242249,36.111938,0.000086
1000,705.506287,308.742401,14.493713,36.621735,0.000083
1000,705.744446,373.070770,14.255554,36.098938,0.000083
1000,705.599792,324.867310,14.400208,36.377014,0.000081
1000,705.721680,357.044098,14.278320,36.134521,0.000081
1000,705.684204,340.995056,14.315796,36.204712,0.000081
1000,671.085327,159.182938,22.307861,44.379898,0.000081
1000,693.059509,116.715111,25.617371,85.749992,0.000070
1000,692.059998,286.503693,27.589966,93.286774,0.000056
1000,692.484985,351.921570,27.216248,91.788788,0.000052
1000,692.594299,384.199341,27.073486,91.576050,0.000051
1000,692.223083,319.344971,27.446777,92.392303,0.000050
1000,675.135681,152.841980,13.475159,28.680618,0.000048
1000,692.672852,416.036774,26.941101,91.092102,0.000036
1000,694.213074,171.178162,25.099854,84.168732,0.000033
1000,675.886841,164.327042,13.637512,30.065079,0.000030
1000,672.687256,214.324005,46.450989,209.489441,0.000029
1000,673.689087,40.931610,39.992554,180.628174,0.000023
1000,676.617249,177.232101,12.806152,28.750275,0.000018
1000,671.685669,310.967834,47.087280,215.490662,0.000013
1000,681.079102,103.736794,35.576660,154.754456,0.000012
1000,659.831665,152.697861,12.073120,26.394241,0.000008
1000,660.858032,164.614410,11.766785,26.574768,0.000007
1000,369.989807,199.545731,11.960266,25.640030,0.000005
1025,688.904480,178.849747,15.295776,33.542664,0.000779
1025,704.415344,178.808029,15.424927,38.086548,0.000288
1025,670.792603,163.157791,22.235168,44.505447,0.000273
1025,698.103027,158.633728,20.465332,57.117584,0.000236
1025,680.490356,154.213257,30.174683,65.560120,0.000203
1025,704.848267,151.609009,15.151733,38.265884,0.000187
1025,688.573425,156.816254,15.595581,32.617416,0.000179
1025,705.382996,193.607498,14.389160,35.070862,0.000179
1025,178.426392,216.856354,11.262360,24.443802,0.000160
1025,690.048096,194.063614,12.852478,28.359726,0.000158
1025,675.721313,167.749527,13.711426,30.341721,0.000138
1025,705.839478,136.276855,14.160522,35.504745,0.000130
1025,705.551514,308.966095,14.448486,36.672607,0.000086
1025,705.541870,324.901459,14.458130,36.619751,0.000082
1025,705.826965,293.250000,14.173035,36.238586,0.000082
1025,705.616455,340.955078,14.383545,36.421814,0.000077
1025,705.769897,373.243652,14.230103,35.939331,0.000076
1025,698.727051,130.792526,20.528137,56.857620,0.000075
1025,705.708374,357.112122,14.291626,36.138245,0.000075
1025,676.830933,178.217316,13.158142,30.045578,0.000072
1025,697.584412,179.756699,21.139526,64.580154,0.000066
1025,692.337708,118.002007,26.474915,88.972206,0.000066
1025,699.488525,316.338348,20.176941,58.956299,0.000055
1025,692.315857,303.040405,27.276428,92.251190,0.000052
1025,692.539124,271.941864,27.039368,91.467072,0.000052
1025,692.689453,400.476166,26.981445,91.368164,0.000051
1025,692.570618,368.584076,27.103699,91.475708,0.000050
1025,674.606201,155.844086,14.027893,29.665405,0.000050
1025,692.507263,335.597107,27.177368,91.997742,0.000047
1025,672.667358,232.046387,46.347351,208.358521,0.000028
1025,660.474731,167.148560,11.803955,26.579285,0.000026
1025,682.128540,114.393539,33.975464,139.858841,0.000019
1025,285.143799,114.997971,20.181122,43.896606,0.000017
1025,671.410461,311.978729,47.307861,215.266693,0.000017
1025,659.622437,154.931107,12.162109,26.344833,0.000013
1050,689.223450,180.814865,14.106873,29.890793,0.000256
1050,683.469238,163.858795,22.910034,46.149612,0.000189
1050,705.650330,179.895615,14.225342,35.335281,0.000163
1050,670.115173,163.842194,21.879822,43.354294,0.000153
1050,688.109497,169.370544,15.436340,32.515671,0.000148
1050,704.734375,165.522156,15.265625,38.216995,0.000132
1050,706.344604,194.811432,13.478333,33.603424,0.000119
1050,698.744324,158.476028,20.227600,57.188583,0.000117
1050,699.995483,186.699417,19.672424,56.501068,0.000115
1050,705.084473,150.952011,14.915527,37.384079,0.000109
1050,683.906860,151.990280,19.866882,43.325089,0.000108
1050,705.975891,135.895050,14.024109,34.854935,0.000101
1050,705.981018,389.108643,14.018982,35.753876,0.000092
1050,705.953186,373.093353,14.046814,35.788483,0.000091
1050,706.013245,405.136261,13.986755,35.732086,0.000090
1050,706.067383,437.160126,13.932617,35.732391,0.000088
1050,706.042725,421.157379,13.957275,35.753143,0.000088
1050,705.906494,308.899506,14.093506,36.011597,0.000088
1050,705.949829,357.056183,14.050171,35.825531,0.000088
1050,688.873901,157.946365,13.467957,27.445099,0.000087
1050,676.501465,179.382935,12.464905,27.533829,0.000087
1050,705.947632,341.005615,14.052368,35.854767,0.000084
1050,705.929260,324.954071,14.070740,35.907074,0.000084
1050,675.435791,168.335312,13.495544,29.319534,0.000073
1050,692.808044,351.985291,26.864563,91.038483,0.000064
1050,692.671570,319.830231,27.066895,91.819122,0.000060
1050,692.899658,384.014740,26.850159,90.992432,0.000059
1050,692.605652,287.776886,27.141846,91.956573,0.000056
1050,674.343445,155.478378,14.093567,29.187225,0.000051
1050,697.073486,126.163406,22.246277,69.561417,0.000048
1050,693.169006,416.504059,26.555420,89.946625,0.000044
1050,672.257568,210.996552,46.675476,215.137817,0.000042
1050,660.510193,168.068390,11.080811,24.610107,0.000032
1050,669.783203,36.922852,44.163940,193.384781,0.000022
1050,672.515381,312.000916,46.418274,213.718262,0.000019
1050,680.259888,106.432777,36.424500,157.907166,0.000013
1050,284.004059,113.685120,19.944611,44.257919,0.000004
1075,689.453003,166.632294,13.416260,27.717194,0.000182
1075,705.695129,163.989212,14.089661,35.278641,0.000164
1075,705.011108,149.443161,14.988892,37.515671,0.000134
1075,705.228760,134.083313,14.771240,36.960022,0.000131
1075,706.016541,118.995529,13.983459,34.883224,0.000113
1075,706.408997,179.133621,13.288513,33.201584,0.000103
1075,705.896057,309.135162,14.103943,35.941223,0.000099
1075,698.995850,142.308670,19.869629,56.738907,0.000098
1075,700.269226,171.024109,19.258667,55.453445,0.000098
1075,705.889832,293.156311,14.110168,36.016876,0.000097
1075,705.922913,325.013947,14.077087,35.871796,0.000093
1075,705.843079,437.054626,14.156921,36.181732,0.000093
1075,705.847534,421.105377,14.152466,36.058136,0.000093
1075,688.240479,154.316101,15.134277,31.288300,0.000085
1075,683.580994,148.379684,22.489929,45.141830,0.000083
1075,669.475769,149.389847,22.226440,43.736374,0.000083
1075,688.275696,138.765549,15.383850,31.755341,0.000067
1075,675.789246,166.274597,12.686340,27.164536,0.000066
1075,692.595764,384.284882,27.083130,91.567505,0.000060
1075,692.852783,288.144196,26.841919,90.656464,0.000055
1075,691.751465,99.805191,27.358276,90.862152,0.000054
1075,692.765198,352.480133,26.979614,91.336609,0.000052
1075,692.879883,320.038727,26.929565,91.152405,0.000050
1075,692.654541,415.747040,26.920837,91.041199,0.000046
1075,674.104370,139.853165,14.064148,29.209488,0.000037
1075,674.889038,154.799164,13.641052,28.968948,0.000036
1075,672.720764,213.714920,46.163086,211.851578,0.000035
1075,659.635986,154.550842,11.999512,25.604568,0.000033
1075,644.402710,153.942154,10.442017,22.465149,0.000021
1075,679.692444,87.764954,36.978882,160.019012,0.000015
1075,670.987122,344.716888,48.017212,218.670746,0.000010
1075,175.926895,99.512558,18.167938,38.438599,0.000007
1075,173.585022,109.459618,20.387482,42.890495,0.000006
1075,170.503464,87.318779,27.272141,59.058815,0.000005
1075,180.030487,84.513809,33.337479,71.180679,0.000002
1075,160.903702,28.049591,87.964966,167.076569,0.000001
1075,180.072800,36.550846,107.765549,204.585785,0.000001
1100,682.438904,162.481995,23.130798,46.090530,0.000488
1100,688.179626,177.957245,14.861450,31.128586,0.000352
1100,669.640381,161.326019,23.121765,45.456940,0.000317
1100,705.680908,179.187576,13.998108,33.815933,0.000222
1100,699.552307,157.316940,19.925110,56.585205,0.000210
1100,704.793274,164.981995,15.046997,36.016403,0.000195
1100,692.402649,145.795822,24.914856,80.592377,0.000110
1100,705.090698,151.069244,14.846313,36.140854,0.000104
1100,705.965759,341.278259,14.034241,35.644836,0.000096
1100,706.029907,437.331848,13.970093,35.741089,0.000089
1100,706.080688,421.384003,13.919312,35.549988,0.000084
1100,673.347656,155.769623,15.631836,32.034485,0.000076
1100,674.892578,175.941177,14.280823,30.792389,0.000068
1100,686.946228,155.650726,16.172791,32.732819,0.000065
1100,706.100281,136.534698,13.899719,33.429657,0.000060
1100,659.550598,155.629150,13.370789,26.975113,0.000058
1100,692.985291,289.271881,26.740784,90.623260,0.000058
1100,692.961914,321.042694,26.721375,90.588318,0.000057
1100,693.002502,352.899231,26.717529,90.462769,0.000051
1100,692.908386,384.829498,26.828552,90.813904,0.000051
1100,671.719299,248.720947,46.831970,214.790955,0.000048
1100,693.020325,416.816833,26.542175,89.828735,0.000040
1100,656.407104,161.523911,17.576721,38.422989,0.000029
1100,678.679016,108.205521,37.013123,157.963730,0.000018
1100,666.243774,29.583822,47.295471,204.742310,0.000009
1100,670.806763,343.934082,48.338562,220.441772,0.000008
1100,314.896667,130.522598,19.508331,42.490585,0.000008
1100,317.666229,121.142746,17.489044,38.823486,0.000006
1100,307.891418,108.979362,31.236176,68.592918,0.000006
1100,28.782583,98.525635,19.769751,42.835510,0.000006
1100,292.046722,62.170391,78.123230,160.056778,0.000006
1100,320.107208,136.213470,13.373260,29.191116,0.000005
1100,4.097450,29.103504,55.049366,191.445572,0.000002
1100,219.189835,40.773155,93.716812,198.111572,0.000002
1100,229.734909,102.507561,34.272781,75.029671,0.000002
1125,681.995605,164.712341,23.836731,47.384293,0.000588
1125,669.683533,164.127380,23.384094,45.760757,0.000474
1125,687.373047,178.592789,16.149780,33.713821,0.000303
1125,698.476196,158.689209,20.030029,56.490738,0.000198
1125,705.131714,179.334854,14.560425,35.259125,0.000194
1125,705.954163,194.236160,13.679688,33.599701,0.000185
1125,704.372559,165.171082,15.567932,37.604691,0.000151
1125,706.025452,325.269592,13.974548,35.808777,0.000098
1125,674.047363,158.106705,13.789307,28.425522,0.000097
1125,705.986328,341.133209,14.013672,35.900940,0.000097
1125,706.084839,309.397766,13.915161,35.626129,0.000095
1125,705.019104,151.239853,14.977173,36.639755,0.000090
1125,705.968994,357.063538,14.031006,35.920288,0.000090
1125,705.961609,373.068298,14.038391,35.865479,0.000084
1125,705.957336,389.077942,14.042664,35.768982,0.000083
1125,705.970825,405.062347,14.029175,35.694794,0.000083
1125,705.980530,421.021118,14.019470,35.793274,0.000079
1125,706.012817,437.043304,13.987183,35.825165,0.000077
1125,688.420593,158.370636,13.874268,28.644791,0.000071
1125,675.008789,177.016876,15.085388,32.412140,0.000066
1125,693.034973,304.804352,26.681335,90.362457,0.000062
1125,692.815796,335.842957,26.958435,91.282654,0.000058
1125,706.126648,136.700668,13.873352,33.684052,0.000050
1125,692.824585,367.745422,26.952332,91.298920,0.000048
1125,660.595703,169.853760,12.679626,26.549179,0.000043
1125,673.107117,264.627136,45.784912,211.254486,0.000040
1125,693.021484,416.006470,26.616211,90.247772,0.000036
1125,413.491974,239.855392,115.741913,240.562637,0.000018
1125,678.680420,112.706619,36.977844,155.488693,0.000016
1125,449.086975,264.416046,115.976440,241.917603,0.000012
1125,668.525269,34.334457,45.174194,199.579376,0.000010
1125,671.166016,340.199097,48.077454,221.600098,0.000008
