25,451.756,211.107,17.786,37.844,0.9998574
50,447.066,198.907,19.352,41.697,0.9998469
75,448.159,213.089,21.341,49.486,0.9997770
100,482.563,202.709,24.981,58.217,0.9999143
125,537.393,200.981,27.913,71.055,0.9999624
150,619.036,174.404,36.715,94.496,0.9999661
200,68.516,152.091,19.346,44.833,0.1420104
650,542.491,262.835,16.831,33.298,0.1742499
650,541.875,262.920,17.079,32.493,0.5025697
700,555.378,248.680,18.243,41.219,0.9974626
725,560.581,234.536,16.246,42.426,0.6086168
775,590.912,215.731,34.376,80.313,0.9998394
800,627.975,215.514,41.924,94.019,0.9980001
800,88.394,31.094,108.028,270.335,0.2310246
825,399.109,188.897,18.126,33.878,0.9764831
1000,79.864,176.990,53.052,100.875,0.4048137
1025,655.275,198.446,16.603,30.579,0.5637158
1050,443.362,235.271,32.893,93.947,0.1478521
1350,670.482,179.575,17.879,41.027,0.3156501
1400,685.930,196.184,12.161,27.462,0.5469857
1400,509.435,180.456,16.874,33.049,0.5193239
1425,594.889,198.831,16.544,32.897,0.9898934
1425,613.215,197.943,17.102,34.590,0.4853824
1450,516.554,219.651,13.634,28.157,0.9315687
1450,603.378,193.010,19.160,47.873,0.9639121
1450,275.383,235.404,28.427,56.563,0.0744235
1475,427.979,209.598,15.591,30.234,0.9102935
1475,200.394,180.126,18.701,43.064,0.9932942
1475,536.503,195.909,15.475,39.612,0.5894220
1500,400.279,219.267,16.160,34.083,0.9436300
1500,142.493,189.249,21.158,46.611,0.8190569
1500,511.533,209.365,15.120,39.942,0.6644309
1525,536.475,191.320,25.074,58.255,0.9940166
1525,384.607,217.073,17.079,39.665,0.9755250
1525,99.867,183.943,20.836,49.841,0.0968734
1525,395.360,220.105,19.800,40.428,0.7642668
1525,168.361,178.034,25.774,67.118,0.4345119
1525,98.646,185.287,22.637,45.075,0.0641608
1525,395.674,219.811,19.341,34.115,0.3309372
1550,121.881,186.653,28.922,83.994,0.9982300
1550,463.844,190.140,28.778,75.870,0.9949883
1550,384.824,236.818,18.669,40.542,0.8675563
1550,555.276,215.752,23.534,59.487,0.6662717
1550,397.629,240.407,20.280,45.792,0.2134104
1550,566.570,206.607,28.144,70.845,0.9429811
1550,558.246,220.280,17.932,37.827,0.0840374
1550,37.832,193.871,33.346,63.113,0.9003275
1550,397.585,238.821,20.689,38.847,0.1001082
1550,384.720,236.663,19.863,39.475,0.1002006
1550,566.833,206.960,26.808,56.526,0.0565140
1575,62.376,169.244,35.337,104.951,0.9999286
1575,489.516,175.984,40.237,97.048,0.9998048
1575,399.818,235.877,22.302,48.254,0.9295549
1575,233.393,250.325,20.744,50.633,0.5294170
1575,95.345,179.379,34.389,93.555,0.4216493
1575,132.389,189.507,33.247,81.700,0.1418644
1575,414.430,239.490,21.471,43.205,0.8260836
1575,620.693,211.897,24.808,52.796,0.2741179
1575,412.843,239.101,23.699,40.177,0.0611881
1600,540.732,153.029,46.105,124.636,0.9997740
1600,86.237,166.751,36.922,99.940,0.9993375
1600,418.949,232.210,22.546,50.190,0.9918038
1600,217.172,233.738,26.848,58.725,0.9831240
1600,57.851,155.256,37.142,116.655,0.8495428
1600,4.140,138.771,25.422,144.161,0.8904043
1600,3.786,155.959,50.021,111.196,0.0909392
1600,37.334,154.100,44.886,116.937,0.4274010
1600,433.171,238.504,19.941,42.967,0.8790348
1600,4.126,181.619,21.660,74.782,0.0801164
1600,531.172,175.043,78.734,90.893,0.0629517
1600,14.992,167.052,82.363,95.088,0.2322212
1600,5.182,153.758,20.372,116.277,0.0671198
1625,625.670,114.053,53.200,197.423,0.9988189
1625,603.328,197.760,34.775,106.841,0.9924306
1625,424.703,238.891,28.585,66.728,0.9960625
1625,5.152,191.777,27.683,104.805,0.0708286
1625,436.855,245.056,22.004,57.081,0.5490937
1625,166.727,225.863,36.439,80.221,0.0909479
1625,164.254,226.905,38.191,76.291,0.9921232
1650,450.960,252.355,30.660,86.359,0.9370962
1650,162.468,301.799,20.078,41.902,0.9915500
1650,351.975,292.237,25.310,47.845,0.9884814
1650,438.354,248.733,32.841,88.216,0.8584933
1650,78.833,201.844,57.739,127.853,0.9993615
1675,359.733,307.073,26.399,67.780,0.9999381
1675,494.761,267.394,39.532,114.493,0.9998895
1675,462.865,262.043,34.414,117.168,0.9999183
1675,151.347,311.045,23.587,60.006,0.9998997
1675,276.882,313.871,23.677,51.989,0.8128740
1675,114.351,323.263,18.824,41.378,0.2890466
1700,564.695,253.341,48.441,143.482,0.9999846
1700,387.802,292.543,30.961,77.629,0.9999386
1700,502.637,242.511,46.897,157.868,0.9999498
1700,90.029,292.939,25.241,66.249,0.9992989
1700,298.183,298.569,27.004,57.670,0.9966432
1700,163.430,294.217,27.762,65.275,0.9972366
1700,73.229,290.492,28.968,69.780,0.9964233
1725,127.476,231.693,26.082,60.559,0.9999557
1725,618.483,164.551,81.521,216.469,0.9999915
1725,463.387,223.424,33.314,93.260,0.9998769
1725,347.265,227.966,29.589,65.690,0.9986396
1725,103.354,220.001,30.583,74.435,0.9975398
1725,83.941,212.216,30.338,85.077,0.9902627
1725,227.817,220.862,29.734,76.394,0.9727959
1725,226.841,220.934,31.179,76.947,0.4390050
1750,97.280,185.463,36.880,93.814,0.9998986
1750,561.285,185.860,48.610,133.719,0.9999082
1750,293.826,189.962,36.079,94.704,0.9997314
1750,397.793,199.239,34.754,76.376,0.9996074
1750,169.202,201.268,29.630,73.194,0.9904770
1750,68.441,177.475,37.880,102.212,0.9999270
1750,222.825,218.394,15.862,41.172,0.5928981
1775,188.989,189.238,31.628,75.639,0.9998503
1775,430.931,173.991,43.335,99.057,0.9999497
1775,344.778,170.982,44.977,113.657,0.9996812
1775,33.014,168.316,41.469,113.401,0.9942462
1775,66.605,178.785,35.910,93.121,0.9752043
1775,6.439,165.269,41.632,120.888,0.9980193
1775,64.773,184.497,20.372,83.954,0.2596449
1800,422.933,171.311,63.549,165.672,0.9999774
1800,5.793,178.406,39.317,123.186,0.9997223
1800,204.063,196.500,34.311,96.338,0.9999025
1800,492.258,182.149,57.798,125.776,0.9999164
1825,260.390,163.915,45.525,119.954,0.9999444
1825,651.459,103.326,55.944,264.388,0.6917002
1825,655.973,106.291,50.663,260.230,0.8821616
1850,383.367,139.829,71.721,180.232,0.9997782
1900,519.898,254.712,25.657,50.600,0.0835278
1925,200.462,178.440,38.469,46.738,0.6367525
1925,208.374,168.729,45.364,61.373,0.1826195
1925,199.501,183.297,22.293,39.859,0.0664704
1975,582.617,156.232,20.916,48.035,0.6049871
1975,582.809,158.953,19.766,40.241,0.0559133
2000,575.562,131.783,19.775,40.451,0.3325559
2000,574.878,132.197,20.870,38.267,0.0614895
2025,5.570,123.563,23.340,99.023,0.8562453
2025,3.938,116.542,28.460,167.384,0.3152584
2025,4.265,87.926,34.137,304.992,0.0560811
2375,580.731,337.185,53.062,86.218,0.0548305
2375,553.719,284.433,86.355,136.571,0.0779632
2400,74.614,178.176,37.320,95.024,0.9998808
2400,316.989,305.925,20.926,47.159,0.1077792
2400,161.182,265.765,35.192,66.617,0.1172006
