25,2.000,129.470,52.079,140.111,0.9816480
150,258.357,202.476,17.525,29.686,0.2219430
175,254.905,200.261,17.068,31.304,0.0283410
200,374.216,189.980,21.719,28.687,0.0074730
200,247.882,184.545,18.958,34.657,0.0167720
225,368.918,189.993,23.174,28.632,0.0085560
225,368.918,189.993,23.174,28.632,0.0532670
250,334.535,186.988,20.858,32.050,0.0693670
250,334.535,186.988,20.858,32.050,0.3657260
275,320.701,186.535,30.114,42.390,0.0143820
275,321.107,186.237,25.303,38.809,0.9748990
300,314.782,190.761,27.391,42.121,0.0097890
300,314.782,190.761,27.391,42.121,0.9645650
325,313.332,194.692,19.262,32.116,0.0126450
325,313.332,194.692,19.262,32.116,0.0140070
325,345.907,197.823,17.914,26.656,0.0106030
325,295.872,184.583,32.482,51.662,0.4623380
350,298.259,191.147,24.408,37.686,0.0737460
350,81.122,183.508,26.079,43.870,0.1984960
350,299.671,191.517,18.879,30.383,0.6941890
350,326.977,195.181,19.449,29.893,0.2529220
350,230.754,175.471,37.779,69.493,0.9449120
375,294.689,185.324,20.471,34.004,0.2189080
375,279.788,183.943,19.695,35.016,0.2563240
375,2.151,126.537,77.911,172.321,0.1338300
375,277.818,182.391,24.414,37.918,0.1974640
375,298.178,184.292,19.235,33.720,0.2073700
400,258.549,185.010,29.113,45.039,0.0615140
400,258.472,181.528,29.298,42.867,0.8562970
425,238.583,188.762,24.255,39.047,0.9945380
425,204.757,181.472,26.946,49.013,0.9983750
450,212.100,183.575,32.069,49.257,0.0863740
450,208.993,181.840,28.077,46.547,0.5952750
450,136.964,175.771,32.023,60.621,0.9998350
475,6.593,160.049,50.194,97.697,0.0130520
475,194.901,179.932,32.835,51.214,0.0082810
475,189.807,180.524,32.858,47.888,0.2223810
475,4.092,158.483,48.328,101.845,0.4681300
500,321.175,188.660,23.721,39.809,0.5711850
500,322.230,188.605,20.622,34.375,0.0293470
500,138.118,169.883,49.113,70.688,0.9692710
525,27.264,168.316,65.565,91.248,0.0077410
525,300.365,190.084,27.850,41.651,0.6623020
525,20.527,167.588,66.570,91.966,0.7040600
525,300.365,190.084,27.850,41.651,0.0113690
550,503.377,196.468,19.008,24.434,0.0069490
550,503.377,196.468,19.008,24.434,0.0356700
550,267.894,184.785,27.760,42.024,0.9707570
575,502.674,194.428,19.865,28.782,0.0289450
575,208.627,176.733,32.264,58.855,0.0740510
575,502.674,194.428,19.865,28.782,0.0244020
600,89.630,170.295,43.721,82.602,0.0130900
600,92.801,172.462,37.643,78.785,0.9865860
650,495.224,193.494,20.893,33.087,0.1116470
675,486.145,183.036,30.823,46.160,0.0462480
675,485.004,185.529,28.475,46.173,0.7497880
700,492.409,176.531,28.720,50.446,0.9718320
725,504.205,160.149,29.224,56.456,0.0791500
725,505.900,161.856,26.293,63.669,0.0630150
750,547.666,165.406,30.920,60.604,0.1537390
775,599.937,152.779,39.372,75.895,0.0869300
800,663.270,138.361,48.297,111.510,0.4051130
850,292.096,189.543,19.775,30.294,0.1396330
875,285.298,207.733,18.293,30.361,0.0056150
875,282.064,204.752,19.453,30.148,0.6290320
900,596.831,215.556,15.645,23.902,0.0144360
900,584.416,214.020,16.842,24.589,0.0210850
900,249.786,204.158,17.324,30.280,0.0794140
925,189.188,196.433,17.776,33.030,0.0082840
925,225.635,194.759,18.818,31.290,0.1428540
950,286.863,202.803,15.496,27.693,0.0288380
1000,36.615,199.169,28.645,47.729,0.1830880
1025,248.653,205.495,16.979,24.556,0.1469680
1075,265.233,197.314,16.002,30.418,0.0193990
1075,234.807,201.774,15.159,28.249,0.0110400
1100,327.405,198.259,27.886,37.979,0.0060190
1125,591.849,192.168,22.906,45.641,0.4403710
1125,290.996,196.046,27.572,54.563,0.0522230
1125,241.761,196.785,16.257,33.729,0.0095040
1125,290.996,196.046,27.572,54.563,0.5383440
1150,609.444,185.618,24.044,46.852,0.8954180
1150,609.808,183.290,24.443,45.596,0.0051760
1150,184.804,174.374,43.130,82.540,0.9972740
1175,629.636,180.575,29.569,56.766,0.0653500
1200,651.602,179.550,28.542,51.909,0.0268560
1200,224.438,190.051,14.381,29.782,0.0093090
1225,681.424,173.519,24.178,62.268,0.9738880
1250,447.836,197.423,15.886,21.351,0.0213530
1275,454.360,198.321,15.643,22.122,0.1118290
1275,440.371,198.006,18.403,20.844,0.0309720
1300,468.887,200.490,16.847,20.134,0.0603400
1300,468.887,200.490,16.847,20.134,0.0394560
1325,2.328,111.307,52.515,114.231,0.0180440
1350,483.454,192.115,14.612,25.693,0.1697550
1375,483.616,183.743,14.499,24.572,0.0052610
1400,485.299,199.155,14.576,23.903,0.2178710
1400,485.299,199.155,14.576,23.903,0.0380950
1425,467.253,190.835,14.587,27.624,0.0230770
1425,489.792,195.424,17.578,29.130,0.9696710
1425,463.633,190.870,15.436,28.462,0.0050490
1450,490.120,190.985,17.755,27.984,0.6463010
1475,459.258,195.978,17.381,25.224,0.2787330
1475,487.249,195.722,17.935,28.353,0.8470900
1475,459.258,195.978,17.381,25.224,0.0110030
1475,487.249,195.722,17.935,28.353,0.0645300
1500,460.293,189.998,17.626,28.662,0.7528370
1500,483.965,192.201,19.081,31.405,0.8414130
1500,484.042,189.977,18.404,30.874,0.2947030
1525,477.354,190.452,23.587,36.892,0.9465170
1525,454.947,186.705,22.211,36.399,0.9734640
1525,478.876,189.216,20.163,34.020,0.0260250
1550,469.091,186.156,24.216,36.154,0.9192220
1550,355.354,192.449,18.745,25.180,0.0212550
1550,495.761,189.248,20.797,33.261,0.8874360
1575,358.285,187.859,24.934,33.650,0.0380220
1575,492.164,186.791,20.092,32.649,0.1248090
1575,359.926,189.249,21.997,30.974,0.6216790
1575,525.646,189.533,20.685,32.590,0.9800600
1600,333.840,187.064,28.201,37.609,0.0102640
1600,486.971,183.274,29.788,44.098,0.0159340
1600,527.597,183.978,28.592,42.848,0.0934000
1600,337.032,187.259,28.020,36.825,0.9588810
1600,532.036,188.132,28.068,40.854,0.9717830
1625,499.959,184.911,31.108,43.382,0.4869710
1625,306.358,186.827,27.916,47.209,0.0184250
1625,307.573,184.919,30.370,43.670,0.7641220
1625,546.325,188.461,31.100,43.314,0.8844580
1650,512.919,177.059,34.687,56.860,0.5306910
1650,238.032,172.994,34.843,70.840,0.0118130
1650,238.179,172.561,34.201,63.076,0.9596750
1650,564.254,184.291,31.953,49.084,0.9858290
1675,559.029,167.602,44.673,81.735,0.0120780
1675,508.878,168.677,37.135,64.796,0.9993400
1675,4.333,137.303,30.561,153.206,0.0087190
1675,508.500,171.235,43.887,58.860,0.0099140
1675,562.665,174.362,38.939,55.809,0.9975230
1675,3.372,134.624,32.187,131.072,0.0075800
1700,511.666,166.257,34.681,63.230,0.9635520
1700,420.769,185.873,15.287,24.577,0.0066300
1700,273.821,187.572,17.547,24.518,0.0253710
1700,505.582,167.707,40.770,58.851,0.2577150
1700,569.720,165.616,41.328,70.747,0.9999270
1725,197.241,191.921,14.787,26.044,0.0089740
1725,533.304,161.698,59.603,80.905,0.0447500
1725,431.253,189.834,16.372,27.028,0.3742530
1725,197.241,191.921,14.787,26.044,0.0054490
1725,275.294,189.035,19.153,32.253,0.9659320
1725,206.594,190.084,14.291,27.039,0.0711040
1725,618.429,166.844,47.196,85.321,0.9998210
1725,537.822,166.202,55.346,83.863,0.9995180
1750,442.945,195.008,16.949,26.650,0.7355430
1750,264.964,194.982,19.924,29.452,0.8963750
1750,673.745,163.431,35.774,109.236,0.9903790
1750,590.348,157.839,55.916,109.742,0.9999660
1775,449.280,191.609,16.716,27.094,0.1181610
1775,249.326,190.438,22.979,37.041,0.9858100
1775,656.723,143.914,58.220,137.028,0.9999570
1800,224.522,187.947,23.750,39.714,0.9314990
1800,453.699,188.898,18.372,27.921,0.9168690
1800,229.241,187.254,18.967,34.381,0.0406230
1825,465.396,185.531,18.731,30.437,0.8999960
1825,182.047,183.144,29.267,43.004,0.5240360
1850,470.703,185.200,19.040,31.444,0.9798250
1850,68.239,172.885,39.098,61.689,0.9993730
1875,481.652,187.081,19.308,35.448,0.9917690
1875,222.383,198.470,18.012,22.578,0.0069910
1900,490.658,185.445,18.008,37.365,0.9313710
1925,502.162,185.013,22.616,36.453,0.0696900
1925,182.730,190.369,15.508,25.182,0.0117550
1925,182.730,190.369,15.508,25.182,0.1463610
1950,524.361,176.249,23.976,40.388,0.0754720
1950,179.567,184.887,15.546,26.527,0.0154540
1975,549.844,174.923,25.414,48.696,0.2787280
1975,172.162,190.852,14.815,22.535,0.0128990
2000,163.460,187.081,15.435,25.912,0.6381090
2000,586.124,170.330,27.373,52.530,0.9257750
2000,163.460,187.081,15.435,25.912,0.0165820
2000,175.806,184.547,23.601,37.751,0.0988190
2025,617.747,167.253,29.776,59.780,0.9234070
2025,631.026,166.329,25.057,52.617,0.0661150
2025,146.024,185.576,26.126,36.212,0.9491660
2050,133.993,181.699,17.898,29.567,0.0827380
2050,664.037,157.895,29.669,66.647,0.2278370
2050,98.056,176.684,28.531,46.091,0.9994730
2075,114.347,181.177,19.447,30.746,0.9827790
2075,2.610,162.713,32.166,71.215,0.8425630
2100,86.980,181.776,19.575,31.800,0.1230390
2100,86.980,181.776,19.575,31.800,0.6602830
2125,50.875,188.339,26.511,40.036,0.4345470
2125,411.289,195.702,18.500,34.129,0.0075010
2125,379.679,194.683,18.006,34.931,0.0098440
2150,6.063,178.881,15.752,38.266,0.0261700
2175,262.722,183.993,17.096,21.820,0.0051930
2325,352.869,162.303,18.045,27.608,0.0130400
2350,245.088,165.916,15.648,24.906,0.0124550
2375,255.884,178.834,15.938,25.478,0.0597310
2375,261.462,178.179,16.727,25.137,0.1802240
2400,356.391,177.334,16.900,23.297,0.0220340
2400,257.872,185.846,17.727,20.638,0.1869890
2425,256.644,186.804,15.343,21.845,0.0332910
2450,155.222,179.128,17.416,32.370,0.0076600
2500,227.247,195.102,18.719,27.399,0.2424860
2500,89.750,182.209,17.524,32.919,0.0255290
2500,252.168,192.604,16.323,22.130,0.0083340
2550,89.673,183.103,17.603,33.111,0.0691100
2550,199.679,195.816,18.525,28.241,0.0115850
2550,229.907,188.032,17.407,29.451,0.0306980
2575,213.937,193.080,24.178,36.632,0.0094730
2575,184.356,195.748,21.446,29.667,0.0331230
2575,215.182,194.836,21.417,32.268,0.0207820
2650,191.215,194.574,27.980,32.367,0.0271600
2650,159.542,196.514,20.799,33.256,0.0130880
2650,192.628,198.464,24.216,27.341,0.0063090
2675,188.883,181.951,27.794,41.559,0.0126180
2875,61.341,186.425,16.682,31.810,0.0211780
2875,687.215,191.911,23.149,47.727,0.0064880
