25,275.338287,184.482498,12.362335,26.893204,0.923739
25,277.056274,181.125488,11.717621,25.648849,0.791246
25,273.006195,177.529053,18.263458,38.963043,0.311686
25,274.857697,188.740433,13.170197,28.688705,0.215936
25,276.317383,192.545547,10.228363,24.146835,0.215936
50,246.088394,185.651474,12.226242,26.771942,0.802081
50,247.504272,179.482178,12.200195,26.560181,0.532082
50,246.324814,179.113907,10.558182,24.184341,0.532082
50,251.309189,182.346497,14.744339,31.286087,0.408604
50,255.598114,177.988770,12.089783,26.297043,0.408604
50,252.210724,176.138611,14.865082,32.212738,0.408604
50,254.038147,184.299072,12.304596,26.273117,0.364926
50,245.375320,182.414825,15.430710,32.528976,0.172275
50,243.689621,177.558548,18.938797,39.630264,0.172275
50,245.465149,190.855698,12.015900,25.176437,0.118923
50,242.569870,183.822861,15.498642,34.556412,0.118923
50,250.284729,174.499054,19.231140,41.686966,0.059390
75,213.854385,190.221741,11.619568,25.499695,0.917308
75,213.227478,184.318893,13.724594,29.450195,0.580517
75,211.431595,188.821869,14.421158,31.619217,0.580517
75,210.221252,185.322113,18.138321,40.239853,0.580517
75,223.693100,189.100769,11.140472,23.682968,0.232925
75,214.629837,183.337341,10.749146,23.181931,0.127085
75,213.835678,181.609497,9.211136,21.669006,0.127085
100,226.844162,202.728394,11.243057,24.050385,0.294706
100,225.438080,201.781830,13.607529,29.184738,0.102359
100,228.450409,194.960724,11.181137,24.347107,0.102359
100,225.127838,193.381668,14.251968,31.695816,0.102359
100,223.067154,188.969666,18.996048,41.748901,0.102359
125,238.063049,205.197021,11.359512,24.209579,0.379555
125,234.690552,200.580566,14.059479,30.212158,0.379555
125,238.225784,209.428360,11.447571,25.206955,0.379555
125,240.557983,212.688675,10.446152,23.553879,0.379555
125,435.523163,201.994858,11.641449,25.156998,0.201256
125,235.515076,203.074417,15.162506,32.633560,0.193522
125,233.917725,199.063126,18.357697,40.263702,0.193522
125,234.946365,191.791580,16.802429,37.483566,0.193522
125,232.170868,205.767990,11.337418,24.800308,0.125142
125,231.485474,211.816315,10.729324,23.947388,0.125142
125,231.898987,201.940125,14.310593,30.950882,0.125142
125,230.232376,206.692642,14.511444,31.824326,0.125142
125,228.973602,202.200821,18.508011,40.567291,0.125142
125,240.246567,196.959549,11.499191,25.491547,0.106006
150,436.036194,202.556229,12.448639,26.701767,0.095794
175,224.523895,207.004059,11.541855,24.796997,0.767342
175,225.048492,212.658478,10.987686,23.939346,0.767342
175,221.977707,202.489059,14.236633,31.363022,0.767342
175,220.382278,202.041214,18.438263,39.807465,0.286068
175,221.712357,192.620148,16.732407,37.711166,0.286068
175,256.848846,200.311752,12.384399,26.730728,0.172137
175,257.729767,196.284866,11.947815,26.032730,0.120448
175,255.491089,196.852921,15.056946,32.697098,0.049732
175,253.428635,192.791656,18.606339,39.958893,0.049732
175,451.442627,203.594421,10.597107,23.215302,0.048625
175,226.253922,198.373978,11.726639,25.374146,0.044742
175,371.103912,203.389648,11.393616,24.720490,0.036354
200,208.128220,199.048737,10.811768,23.369965,0.838964
200,207.751297,193.859192,11.547089,24.850220,0.838964
200,204.965271,190.177200,13.765533,30.480682,0.838964
200,204.076080,186.835831,16.955688,36.510452,0.838964
200,372.340424,188.929123,11.742645,25.952286,0.684340
200,371.515320,183.469803,13.435974,28.959534,0.328350
200,369.976807,186.006790,15.042572,32.930191,0.328350
200,368.714661,182.477081,18.399719,42.211044,0.328350
200,205.455307,178.931107,16.179764,35.816666,0.202923
200,451.548553,187.063553,11.792084,25.434006,0.142962
200,246.973862,184.482590,14.817184,31.645340,0.068794
200,247.105209,179.819061,12.648911,27.489685,0.068794
200,246.099655,179.063431,10.834061,24.612503,0.068794
200,244.429031,174.755066,19.195084,41.380280,0.068794
200,384.279907,189.601151,10.727875,22.839432,0.041408
200,380.918884,185.864532,13.495544,29.580200,0.041408
200,206.470322,200.043091,12.779022,28.144638,0.036154
200,205.911911,198.560394,16.150452,36.327362,0.036154
200,369.326843,175.820068,16.555817,36.391693,0.033346
225,369.970642,189.553787,11.644257,25.502411,0.833746
225,370.801331,193.808731,11.267151,25.587326,0.833746
225,368.068604,188.136963,14.869171,32.150208,0.833746
225,366.845612,185.456039,17.506439,40.262634,0.833746
225,180.616989,201.210739,11.786194,25.139908,0.532683
225,179.553619,196.792542,14.301895,31.692032,0.532683
225,180.967819,191.779419,12.828598,27.560196,0.532683
225,450.972961,186.943741,11.716156,24.881546,0.316542
225,367.913208,179.904572,15.665741,34.514725,0.228309
225,438.539337,187.195908,11.937164,24.867966,0.085900
225,437.857300,189.159698,9.822723,22.178314,0.085900
225,450.694855,194.564743,11.911407,24.285004,0.067710
225,446.529724,187.131973,15.541595,35.981628,0.067710
225,177.414047,188.357193,18.258392,38.992981,0.054723
225,177.209290,199.067276,17.165970,38.198608,0.054723
225,372.145966,183.002747,9.311005,22.042099,0.049272
250,337.450897,188.771088,12.208008,26.849030,0.970240
250,333.989716,182.788040,18.137299,41.832489,0.937350
250,114.439713,196.968567,13.855179,29.781204,0.923977
250,114.112762,189.525635,14.215378,30.761826,0.923977
250,194.469330,185.461990,13.557800,29.203339,0.923346
250,194.416794,178.074280,15.075638,32.263870,0.923346
250,191.825882,184.933365,17.472717,38.748016,0.770906
250,339.640808,184.393478,10.919586,22.989975,0.568451
250,111.259247,191.900574,16.947937,35.277466,0.416283
250,109.883972,179.168549,22.185043,48.643768,0.062403
250,113.602577,202.021362,14.358231,31.016068,0.036640
250,115.653671,205.710251,11.058655,26.473175,0.036640
275,323.551697,189.391144,14.056915,30.456055,0.992007
275,321.979187,187.017609,16.942719,37.707092,0.992007
275,324.693298,186.336563,10.282227,24.496094,0.889011
275,313.111725,189.809891,11.151489,23.396622,0.839823
275,320.737885,192.378723,14.023438,32.771637,0.696272
275,55.150894,198.963531,14.521805,31.434616,0.600870
275,51.440018,191.454224,20.869339,44.248627,0.600870
275,51.468403,200.853088,18.865505,40.854568,0.600870
275,53.518085,190.347214,16.157825,35.626831,0.489480
275,53.261436,191.575699,12.902481,28.869324,0.489480
275,353.169373,190.299454,10.549469,23.037369,0.264610
275,53.779766,206.114227,12.455135,29.062729,0.251215
275,337.356049,191.982315,11.031555,23.761810,0.221693
275,173.063705,185.152557,13.250595,28.182938,0.186542
275,174.110794,179.480759,13.465759,29.492447,0.186542
275,334.606201,189.449951,13.120392,28.136734,0.135655
275,337.546600,195.824631,10.185852,23.533340,0.135655
275,333.583771,185.966354,17.040039,36.379333,0.135655
275,169.194580,176.277802,18.975250,41.468369,0.134319
275,170.734100,185.258026,17.541504,38.285080,0.134319
275,354.052338,193.659592,10.311432,22.284760,0.098774
275,350.958344,189.926804,12.832947,28.677994,0.098774
275,160.451340,172.949203,24.684814,53.108459,0.068950
275,321.886810,198.631622,13.773956,29.332397,0.055431
275,316.491150,185.821060,23.811035,49.748154,0.046180
300,317.579254,194.288025,16.429199,35.475418,0.994695
300,320.152527,192.047699,14.968353,32.958771,0.994695
300,313.001862,197.005646,13.840698,29.517548,0.970539
300,318.262329,183.963852,18.742004,40.489929,0.936990
300,313.061676,191.404327,18.166779,40.071518,0.924798
300,320.011627,188.684616,13.105103,26.521545,0.270526
300,322.715790,187.360153,11.837341,23.810471,0.270526
300,354.086945,193.084106,11.248749,24.543930,0.213323
300,354.882782,196.756271,11.193939,24.806839,0.213323
300,352.977966,193.932343,13.625732,29.815262,0.213323
300,351.568390,190.640732,16.737366,37.772400,0.213323
300,317.588409,189.657562,21.175507,44.410492,0.160238
300,305.159851,190.238419,23.481201,49.913330,0.160238
300,315.718811,191.668625,13.528412,29.837021,0.048036
300,314.266083,192.900284,11.855621,26.981430,0.048036
300,328.456787,181.727905,23.253906,51.489258,0.045570
325,295.309692,191.156937,18.946075,41.168655,0.968337
325,301.154541,189.027054,18.103058,39.697388,0.941568
325,296.714844,186.055939,23.060669,50.068527,0.933490
325,299.864777,199.746384,17.645538,38.632843,0.933490
325,293.201660,189.802017,23.536835,50.921982,0.926767
325,300.800873,189.930115,24.564850,52.073074,0.923373
325,292.699127,187.798264,18.203949,38.959412,0.920316
325,318.729706,193.915451,15.372253,33.707047,0.807642
325,320.564606,191.953461,13.257233,28.706543,0.807642
325,351.961731,193.958252,11.642883,25.236420,0.789906
325,352.776855,197.466019,11.531647,25.765564,0.789906
325,348.918182,193.837631,14.708252,31.085754,0.789906
325,347.932617,191.077438,17.386719,39.230194,0.789906
325,291.331299,178.102142,25.640839,54.310593,0.575654
325,300.927216,185.785355,15.842041,34.693619,0.543353
325,340.733765,192.635696,12.603058,27.847961,0.526349
325,338.827698,193.125229,15.712769,33.164200,0.526349
325,294.124420,199.059189,16.137329,36.633194,0.391531
325,466.440643,198.294861,10.868835,23.859360,0.220376
325,465.135773,193.960648,11.583893,25.662384,0.220376
325,462.947235,191.851822,16.340240,35.974152,0.220376
325,314.464447,195.929153,19.564911,42.015793,0.176933
325,315.893097,198.707062,15.241852,35.504242,0.176933
325,310.108612,189.366867,26.115997,53.865707,0.164112
325,287.336700,179.901321,24.772736,53.505264,0.127544
325,315.926270,190.402802,19.061707,40.433273,0.076715
325,317.173248,180.961212,16.369110,35.215393,0.076715
325,349.514954,179.505280,15.669891,35.294922,0.055619
350,305.007446,194.417007,12.855164,27.957642,0.936780
350,302.239777,191.255875,17.099640,36.916016,0.936780
350,323.374176,193.958786,12.004608,26.661560,0.914273
350,321.046661,189.768402,17.481354,38.856659,0.914273
350,235.644089,174.145233,31.527939,69.429260,0.815103
350,228.780289,178.817154,34.132858,73.553055,0.753144
350,228.206436,175.774078,29.591354,62.907578,0.753144
350,223.316895,164.500488,40.595001,86.182831,0.730030
350,227.048630,188.227524,25.359650,56.184769,0.556044
350,220.415329,182.071075,33.878448,73.808792,0.521944
350,235.638046,184.048904,23.592514,49.712540,0.363100
350,297.485504,192.491272,12.191620,27.206284,0.222024
350,296.756561,198.173157,11.434723,25.215652,0.222024
350,295.260315,192.448822,11.653778,24.742935,0.222024
350,296.016663,194.853821,14.579010,31.580124,0.222024
350,294.986145,190.389557,18.519745,39.284180,0.222024
350,321.768341,181.622284,14.901245,33.184280,0.165700
350,336.920715,193.597153,10.945312,23.550247,0.105274
350,337.720093,198.001740,10.491180,23.616806,0.105274
350,334.721039,191.723251,13.338257,28.568146,0.105274
350,332.117645,189.184113,17.646210,40.649460,0.105274
350,301.995209,196.973221,13.615356,30.623703,0.102748
350,82.362679,175.113510,16.690582,34.988358,0.077954
350,85.335815,184.230057,13.900635,29.933899,0.070151
350,83.024521,179.533783,18.376724,38.632324,0.070151
350,82.373909,186.307831,18.786736,40.888885,0.070151
350,237.274368,184.946136,33.811447,76.507111,0.055870
350,241.005814,182.407883,23.787918,52.027451,0.052494
350,320.474487,197.520935,14.059174,30.858414,0.045105
350,321.211823,196.697052,17.548737,38.566437,0.045105
350,241.048309,192.803101,25.387604,57.503632,0.036569
375,299.104828,179.424194,16.734894,36.787140,0.975798
375,302.879974,181.423752,13.744446,28.871689,0.975594
375,3.212162,129.607147,72.636093,159.079529,0.963816
375,278.954041,185.806442,15.324066,33.009781,0.920210
375,278.729828,180.673065,14.577271,31.490921,0.920210
375,277.554047,178.529312,13.529449,29.726974,0.920210
375,287.803406,180.453522,17.294739,37.989502,0.898127
375,286.909851,171.560669,20.329834,45.034485,0.898127
375,290.570984,180.541046,13.564087,29.803223,0.898040
375,276.931030,178.028275,19.630524,41.103149,0.884768
375,273.007111,173.961945,24.844116,52.200348,0.880456
375,278.403870,187.035004,12.316681,28.544052,0.718247
375,463.222748,186.117828,11.344360,24.447800,0.373340
375,7.826400,132.685104,56.239761,126.424728,0.134173
375,17.232645,157.526978,47.152512,113.525970,0.093207
375,273.770538,166.558258,19.950256,40.889145,0.061844
375,455.603088,185.891388,10.348572,22.767441,0.048901
400,262.679993,183.152908,17.997345,39.353897,0.993951
400,259.970001,182.955933,17.022980,37.023849,0.993951
400,259.177582,173.815781,22.207275,49.093201,0.993951
400,265.901031,174.323883,21.535034,45.947845,0.890169
400,268.046783,180.054016,14.605591,31.250549,0.732629
400,257.082489,168.514359,21.677216,45.617691,0.602904
400,464.119995,190.134796,10.536346,22.990509,0.449858
400,461.317291,186.463470,13.025513,27.824142,0.449858
400,257.913696,182.463043,21.087616,46.476013,0.387148
400,339.391907,190.575073,11.619171,24.621826,0.117270
400,465.585907,192.274506,10.585785,22.914215,0.084368
400,466.968048,196.784683,9.097656,21.484756,0.084368
400,460.751404,185.720825,16.860443,38.505005,0.084368
400,337.210602,187.865692,14.970581,32.964584,0.054808
400,336.071960,184.670975,18.352783,40.998856,0.054808
400,265.633301,184.990417,19.655365,46.742874,0.036986
425,205.243851,178.955200,22.857437,49.257065,0.995476
425,206.728149,180.668518,18.627274,40.492752,0.995050
425,238.666122,184.626328,18.485733,40.472122,0.993417
425,208.060425,193.117859,16.841187,36.538147,0.992652
425,239.499878,183.465668,15.769287,33.094070,0.990689
425,216.416382,180.081985,25.165665,51.693329,0.806767
425,201.322205,187.474060,21.067917,42.432388,0.706420
425,197.867981,180.496567,26.462692,56.796722,0.706420
425,455.428925,190.227905,11.556061,25.429810,0.481663
425,203.791550,172.114914,23.861084,47.232300,0.446954
425,461.571442,191.004715,11.085175,23.805145,0.396623
425,458.354523,187.363403,13.420227,28.749619,0.396623
425,462.217621,193.158981,11.652771,25.555847,0.396623
425,464.388885,196.774231,10.435242,23.831177,0.396623
425,455.655731,194.517487,10.270966,23.764175,0.293241
425,453.581573,189.367218,14.532349,31.600906,0.293241
425,225.332367,187.931808,14.960785,32.456940,0.208073
425,223.209183,189.467865,17.792755,39.869431,0.208073
425,225.233871,193.422623,13.963043,31.011169,0.208073
425,239.960770,195.057663,15.041382,32.468750,0.183666
425,241.816711,198.982101,11.138306,27.697189,0.183666
425,222.482758,177.536270,18.206314,42.829117,0.173227
425,196.564667,178.582169,23.132370,50.160660,0.163749
425,324.292267,191.624207,11.088959,23.870575,0.103873
425,324.525604,195.197983,11.780792,25.821869,0.103873
425,323.241394,188.226913,13.839874,29.422379,0.103873
425,322.086304,191.846085,15.064819,32.447815,0.103873
425,459.499512,190.033279,13.931213,30.082474,0.053896
425,458.084198,186.715454,17.127960,37.622620,0.053896
425,459.130737,179.587189,15.539948,34.443512,0.053896
425,203.169556,174.761658,32.564560,71.256668,0.045871
425,452.431519,183.348541,18.078094,37.917068,0.038739
425,451.438812,176.506546,16.773376,36.189484,0.038739
450,218.032028,181.167999,21.921448,47.869736,0.989276
450,213.327789,182.187729,20.918564,45.507660,0.988589
450,211.879303,184.752945,17.106842,36.770782,0.988589
450,212.393356,176.598923,19.258377,42.915634,0.988589
450,134.596222,168.804352,30.816620,71.710052,0.987627
450,138.269821,180.733841,25.382156,51.538193,0.987627
450,132.156921,174.542664,27.422180,59.793808,0.971479
450,131.682129,182.691864,29.470016,62.279404,0.954761
450,219.862595,179.742142,18.311493,38.954834,0.945423
450,211.804550,178.795822,15.834885,35.424057,0.868605
450,324.874908,191.706390,11.011871,23.960236,0.684719
450,324.902374,196.183533,10.710938,24.118011,0.684719
450,323.909424,187.982803,13.511841,29.207336,0.684719
450,142.195984,182.364578,24.664337,55.093704,0.646115
450,467.253693,191.080139,11.003510,24.231842,0.613374
450,209.317368,183.566727,20.911865,46.413620,0.493378
450,219.646515,189.947540,16.955261,38.319641,0.439532
450,143.047226,170.090103,25.738342,61.395111,0.399034
450,468.708038,196.681442,9.689453,22.031723,0.326850
450,465.902588,188.888321,13.730560,30.036530,0.326850
450,464.793610,186.419968,16.806000,37.909546,0.326850
450,220.576019,167.881561,20.975891,45.112213,0.139063
450,208.166061,168.220093,22.906372,46.795273,0.115380
450,142.300385,190.887497,20.216202,47.779022,0.093402
450,321.617523,186.119339,17.672577,38.073608,0.085602
450,321.782288,178.488739,16.352631,35.362930,0.085602
475,7.282834,156.807404,40.355595,85.491440,0.995108
475,7.858684,162.792603,35.387466,97.150299,0.989347
475,192.700897,174.133255,26.480560,58.234863,0.979942
475,193.089401,179.859238,20.114914,43.530319,0.979942
475,188.145401,172.119339,26.347443,56.714676,0.964748
475,199.631058,183.021042,21.715714,47.772003,0.964748
475,198.272400,172.604874,25.586685,55.008530,0.964748
475,483.818909,188.946594,11.647186,25.331360,0.924606
475,484.863068,193.236588,10.849579,24.771576,0.924606
475,326.405640,191.471954,11.817108,25.804718,0.645019
475,325.903137,188.014954,14.301636,31.355560,0.645019
475,325.663696,196.655640,11.411621,24.928024,0.645019
475,13.950347,168.966507,36.122898,80.071167,0.582669
475,335.062775,190.781891,11.147614,24.020813,0.462015
475,334.776886,194.097595,11.854340,26.136765,0.462015
475,332.060181,187.144089,14.054932,30.233200,0.462015
475,481.418304,188.723709,15.877869,33.672836,0.426829
475,481.438904,182.334915,14.847351,32.100403,0.426829
475,4.066164,153.137817,29.063784,89.297668,0.238621
475,12.091967,174.081421,29.772982,56.800812,0.145534
475,484.767242,183.766739,9.342957,22.053375,0.107302
475,323.344147,185.556747,18.524078,39.770035,0.103384
475,323.427399,178.343918,16.549866,36.346878,0.103384
475,17.054432,156.627792,34.034248,74.714325,0.086166
475,182.822647,181.558853,24.073975,50.116074,0.086005
475,9.125170,148.601730,33.610481,74.635895,0.083876
475,201.812134,176.623047,18.867920,39.730804,0.078429
475,332.600464,189.322128,15.402802,33.160522,0.055986
475,330.981262,184.424347,18.838776,41.119125,0.055986
475,10.935112,149.459488,39.353111,131.790024,0.051243
500,142.372665,170.679535,31.763931,69.064728,0.989486
500,146.537704,172.206451,33.484100,73.408707,0.989486
500,152.583984,174.902039,26.533279,57.557800,0.989486
500,142.633011,182.312775,25.081558,57.575455,0.988980
500,323.193481,191.593857,13.249695,28.680725,0.986533
500,321.440674,185.428238,17.671722,37.868332,0.986533
500,496.503448,191.430252,12.012238,25.934860,0.955549
500,498.031403,194.613907,11.782349,25.775375,0.955549
500,144.039322,168.406784,26.752853,59.301270,0.871362
500,321.604034,180.946915,16.113983,35.548843,0.840141
500,151.527908,183.769516,25.720764,58.357773,0.651237
500,494.639740,191.719620,15.527954,33.546646,0.453514
500,494.897827,183.406738,14.626556,32.223831,0.453514
500,320.500031,192.867828,18.032990,39.762909,0.383387
500,321.022430,195.250854,14.550598,33.083862,0.383387
500,323.254852,186.500809,12.735779,27.162979,0.275472
500,324.679779,183.916656,9.890533,23.474991,0.275472
500,139.537079,180.154816,31.247116,67.148560,0.262340
500,144.502930,174.190216,22.435669,47.417282,0.189190
500,152.507751,171.710403,35.402054,75.377548,0.162499
500,498.711182,186.929657,11.089661,23.322021,0.072950
500,499.719147,184.447998,9.260956,21.936447,0.072950
500,135.412781,167.906021,28.975403,63.793900,0.056599
500,133.546829,179.658005,31.808167,67.374329,0.055717
500,157.797531,176.067001,27.238617,59.110474,0.039208
500,154.070480,175.487228,20.626450,42.487122,0.036289
525,33.900494,167.353134,42.476597,91.855972,0.993631
525,304.491425,195.269272,14.247223,30.914627,0.993520
525,303.367096,190.344360,17.435486,37.746521,0.993520
525,27.289316,165.242722,40.468674,89.619553,0.980300
525,43.129639,173.786438,40.209579,88.845612,0.967084
525,501.343414,191.790222,12.820038,27.857376,0.936597
525,500.035400,186.218857,17.287231,36.942062,0.936597
525,304.396881,183.216476,16.057648,35.056976,0.875821
525,45.652687,166.686646,33.909386,79.101761,0.846337
525,306.420380,199.782806,11.391876,28.284744,0.583329
525,662.505798,140.073029,41.066589,90.667130,0.465505
525,29.039997,165.719055,31.863159,69.246796,0.253503
525,305.955292,187.862350,12.859161,26.039886,0.235975
525,308.423187,184.643707,9.422089,22.992599,0.235975
525,300.413818,188.503479,22.097656,45.728973,0.196554
525,42.101887,178.941498,27.689548,53.581741,0.142347
525,295.042938,188.728348,17.613464,37.577591,0.126630
525,672.979858,149.641525,30.687317,68.527756,0.096322
525,45.898956,187.787552,23.063751,50.913544,0.075110
525,498.760010,197.263245,14.373901,32.325912,0.074993
525,498.180206,195.024353,17.775055,39.074768,0.074993
525,21.916113,177.370392,31.938116,70.252670,0.064921
525,31.710449,179.369629,30.060207,61.602493,0.061599
525,33.282482,191.170776,21.321716,47.127457,0.061599
525,49.287563,177.487411,34.042507,71.192871,0.049406
525,55.533009,187.045059,26.263577,52.541183,0.049406
525,57.078968,171.620590,35.737171,79.110367,0.037405
525,664.068726,134.240692,33.050476,73.647049,0.033561
525,19.513405,165.354996,33.025780,75.085068,0.033176
550,270.985107,186.370026,18.263550,39.186981,0.996794
550,272.647705,184.952194,15.106354,32.837540,0.979648
550,268.214203,183.122543,22.729309,49.788345,0.917440
550,503.132751,188.679535,12.792786,27.790100,0.885057
550,502.017548,188.356354,15.679840,33.805801,0.885057
550,502.236572,195.026443,11.804016,25.997192,0.885057
550,277.904663,176.071350,22.166840,47.762665,0.365240
550,500.391632,180.118576,16.188507,34.370407,0.362517
550,274.048767,197.119873,12.481293,30.394897,0.310809
550,260.824677,178.575409,23.868835,49.022079,0.246617
550,508.348602,190.358231,12.476776,26.614990,0.230864
550,505.257782,186.190018,14.337189,30.999023,0.224175
550,508.021423,194.081848,13.116516,28.420212,0.224175
550,511.879639,197.003006,10.810974,24.840515,0.224175
550,264.268677,184.535492,19.580109,40.013885,0.122412
550,256.417145,175.051498,24.562073,53.303192,0.051932
550,501.624481,184.284836,12.783905,26.755997,0.045652
550,502.037140,182.396118,9.924438,22.884445,0.045652
550,504.967102,185.669586,18.075745,39.942017,0.044881
550,505.713226,178.409286,16.537018,36.261719,0.044881
575,214.148132,181.244186,22.306854,49.365585,0.994175
575,205.716492,171.944122,26.538040,57.163803,0.994175
575,212.739365,169.270950,28.193756,59.176773,0.994175
575,208.453217,183.234360,26.367523,58.456512,0.993146
575,502.566437,187.992050,15.369904,32.963531,0.979161
575,501.875275,192.975586,14.263397,31.045029,0.979161
575,211.052536,169.118164,23.121277,53.605057,0.815836
575,499.196716,179.379883,18.626404,40.082047,0.782199
575,507.432495,189.414078,13.535400,29.338943,0.324301
575,506.319183,193.863525,14.870453,32.018814,0.324301
575,510.582062,196.615479,12.193512,27.610901,0.324301
575,216.931076,180.519394,19.020401,39.948441,0.316656
575,498.878906,194.187607,18.739807,40.937363,0.296240
575,499.521729,196.868469,15.113159,34.307037,0.296240
575,499.246887,186.466583,15.401611,35.944656,0.110340
575,501.809784,185.564102,12.413849,26.356552,0.110340
575,200.849503,172.710724,28.855103,62.037079,0.102022
575,202.960114,185.560257,23.028915,48.426834,0.102022
575,220.063324,175.181885,15.824799,35.412460,0.074693
575,505.180817,177.588974,17.227509,37.953354,0.067294
575,210.592987,194.987015,17.813431,39.751801,0.063595
600,502.674866,190.055725,16.185425,35.844009,0.989826
600,500.640747,189.830399,14.891357,32.504410,0.989826
600,90.534302,172.716461,32.824265,71.821274,0.988305
600,87.311081,179.986359,33.413277,75.206451,0.983596
600,95.734444,179.820892,33.794289,74.532990,0.983596
600,500.291931,184.302673,13.523865,31.420883,0.848196
600,499.132599,181.587189,18.742950,40.294067,0.848196
600,100.594093,170.075394,27.496346,65.169830,0.842601
600,93.277740,170.876907,27.715927,61.803421,0.720262
600,499.942780,193.892273,17.630646,38.073486,0.705561
600,98.520126,163.135513,34.880249,77.204071,0.587766
600,505.104706,195.343567,14.840057,32.294846,0.512469
600,506.909851,191.315979,13.666138,29.780090,0.512469
600,509.520172,197.254944,12.702362,28.146332,0.512469
600,85.528809,162.251282,43.974197,91.731232,0.448069
600,96.270432,185.418167,23.446373,51.498505,0.399495
600,83.539322,163.088852,35.338318,77.753174,0.211145
600,501.020935,184.302994,10.670105,24.662262,0.123464
600,78.513962,183.056183,35.472092,75.434418,0.110292
600,501.362854,201.650421,11.237549,27.127823,0.082903
600,505.213348,179.068497,17.059967,37.175354,0.079823
600,506.265961,182.483459,21.514740,46.697464,0.057108
600,504.542328,199.309021,19.074860,39.657410,0.033370
625,503.689178,190.613983,19.015411,41.732971,0.987114
625,506.571594,188.453308,16.967224,37.671982,0.987114
625,503.762939,188.394394,16.224426,34.705704,0.931680
625,502.525726,196.738953,13.930328,31.232727,0.931680
625,502.081665,189.084564,14.218933,31.163513,0.931680
625,507.283997,182.205276,15.174438,35.060898,0.890299
625,507.083771,185.748032,21.372589,45.333191,0.609361
625,497.235046,183.223511,22.548889,48.649017,0.609361
625,502.323914,199.136124,16.155334,36.597260,0.433447
625,501.947479,194.562256,19.725555,44.051285,0.433447
625,506.460785,196.012451,17.845245,36.742188,0.222713
625,510.381744,200.864822,13.413177,31.517136,0.222713
625,509.339386,184.812164,15.033112,30.719696,0.123723
625,511.750153,183.228745,11.910797,26.419250,0.123723
625,493.242584,185.398117,25.534515,53.782135,0.088855
650,493.378052,189.743546,20.069397,44.240234,0.996824
650,494.797150,187.743179,17.731232,37.910828,0.996824
650,496.240479,196.760468,15.069244,35.736084,0.926396
650,497.369141,185.774109,15.116455,31.585175,0.721132
650,486.508667,186.916931,21.179871,45.070511,0.610425
650,481.984528,180.101532,25.336182,53.212341,0.318330
650,36.774448,209.733719,13.467484,28.390930,0.166120
650,33.826202,203.873657,17.148487,37.629120,0.166120
650,36.489548,203.242065,13.664959,29.412277,0.166061
650,34.869572,198.000656,18.040630,37.798676,0.094898
675,488.021332,183.275742,21.694122,47.457626,0.996521
675,485.836578,184.250122,19.614319,43.460327,0.996521
675,481.946930,179.891281,25.782837,55.948914,0.993029
675,480.580658,187.694504,23.256287,51.283859,0.988566
675,485.006866,172.758072,26.150604,56.587906,0.962926
675,490.306793,178.935379,18.468475,39.939896,0.822127
675,485.047760,178.627548,15.982147,35.662262,0.378235
675,489.199249,169.672729,25.784149,57.331650,0.148115
675,478.856720,170.568604,34.399994,71.196014,0.040567
700,492.967285,173.141632,24.581421,53.644501,0.997550
700,494.467865,176.866699,20.418243,44.359726,0.997550
700,495.901306,170.463943,17.462402,39.638824,0.950407
700,497.944183,174.929718,22.941742,50.497711,0.930481
700,488.350006,174.795715,20.399506,45.969620,0.889343
700,501.971405,179.201645,21.102570,48.759140,0.791503
700,485.154144,176.779236,25.114532,51.048050,0.282750
700,488.824829,164.265793,31.720398,67.741180,0.144685
700,498.538757,169.570419,12.778961,26.665833,0.049976
700,502.119690,165.887253,23.853638,53.535034,0.048128
700,494.523651,188.311890,19.556000,43.126648,0.033225
700,497.705322,197.038986,14.575317,34.058823,0.033225
725,503.189514,161.558578,26.252380,56.759781,0.996142
725,497.428162,154.392685,32.698792,70.186249,0.996059
725,493.686035,159.710800,30.333801,64.581375,0.985723
725,506.336456,157.820999,22.242035,48.366348,0.890588
725,501.566986,165.502777,18.917206,41.093643,0.652210
725,500.635315,151.063339,26.666687,58.109344,0.652210
725,502.690735,151.357651,35.855591,76.869339,0.271622
725,511.052582,160.814026,26.260468,60.308014,0.271622
725,495.140625,154.007477,24.530396,49.739838,0.263626
725,499.217896,167.424377,25.632507,59.628555,0.243694
725,500.929474,169.345383,20.708160,47.183167,0.150397
725,500.771484,167.902802,31.819885,66.919174,0.086780
725,501.854034,158.931335,17.531525,37.548462,0.073074
750,541.470032,158.569885,29.977112,64.240112,0.997686
750,550.710510,158.969406,27.805908,60.262970,0.997686
750,542.288269,162.739838,33.397278,71.489807,0.978738
750,545.363586,158.029129,37.911560,82.157425,0.962242
750,551.438171,169.315201,29.851929,67.813126,0.962242
750,533.179260,168.531555,34.035339,73.823639,0.133650
750,534.579407,154.509949,34.979553,74.767731,0.118101
750,534.946838,164.504181,28.454956,61.764984,0.118101
750,532.188538,153.960876,29.414001,65.240677,0.106193
750,544.994507,162.437790,23.166077,49.589264,0.101467
750,545.893188,173.283493,23.011353,51.131973,0.101467
750,550.653137,153.980392,35.823120,76.857803,0.092633
750,535.464050,151.758301,40.927368,89.734787,0.048372
775,598.092407,148.682480,40.793030,87.314285,0.997761
775,595.210327,163.536621,36.629761,78.934586,0.972235
775,606.978210,163.610809,31.843079,70.798126,0.819997
775,601.405823,153.816315,30.898071,68.425400,0.752320
775,605.240967,150.737823,37.616455,79.844574,0.708102
775,610.112610,142.773834,34.869568,76.960464,0.688453
775,591.944641,158.693253,33.400818,77.392654,0.663933
775,605.575989,169.212219,25.033997,54.356934,0.155862
800,667.495728,140.637146,44.266113,98.783493,0.990880
800,657.888611,128.259155,55.397217,116.853470,0.915009
800,658.576355,146.304688,41.824768,89.192627,0.900709
800,671.707886,135.624100,37.575195,86.682373,0.330685
800,660.578064,155.374573,44.321777,96.820541,0.287728
800,676.721130,138.280716,38.784485,115.571274,0.218925
800,668.860779,110.954971,42.045593,154.767197,0.087506
800,686.149292,141.331146,30.965820,95.680664,0.078611
850,302.290833,184.312958,14.905701,32.286987,0.507885
850,306.222260,195.115723,12.072845,26.823730,0.507885
850,302.423004,190.074112,16.040070,35.704666,0.507885
850,305.241913,188.646500,12.477692,27.841904,0.452775
850,300.699219,173.881531,18.018982,40.530396,0.190070
850,291.220276,193.109406,13.654602,29.776398,0.125391
850,287.540771,186.668320,17.970337,40.229233,0.125391
850,290.952209,184.978867,14.202789,31.955505,0.105338
850,81.878143,194.751129,14.415573,31.074310,0.035707
850,79.632919,189.550171,16.854736,38.778961,0.035707
850,80.689796,184.624786,15.545258,33.771591,0.035707
850,243.493042,184.107346,14.138367,30.782883,0.035292
850,305.846375,179.486389,11.417297,24.773224,0.033620
875,306.412689,194.686615,11.477570,24.859314,0.049891
875,302.141052,192.844482,14.582031,33.227295,0.049891
900,242.559875,204.220703,12.284775,26.203476,0.066379
900,242.850281,209.755234,12.272324,26.792648,0.042089
900,239.034378,203.158630,16.540619,36.033218,0.042089
925,268.807373,185.905594,18.530762,39.660477,0.165058
925,267.259705,173.886505,18.576904,41.211105,0.165058
925,627.930481,60.005646,10.278748,20.653137,0.122768
925,623.686157,55.761044,13.514282,29.480526,0.122768
925,272.556793,188.319916,13.712280,29.573883,0.106876
925,274.224365,196.875839,12.000549,26.518707,0.106876
950,253.858017,183.182861,17.965866,39.522308,0.506625
950,249.827576,174.425537,25.605377,55.818863,0.506625
950,255.917816,179.787155,16.879089,36.711792,0.282499
950,257.852234,191.770370,15.340851,32.376465,0.282499
950,252.114624,175.335373,18.994019,44.110550,0.078097
950,255.899307,178.108307,14.943314,31.235062,0.078097
975,115.256592,212.517929,13.922440,30.388519,0.045255
975,115.997849,206.828323,13.054230,28.417358,0.045255
1000,130.626877,196.527618,14.242981,31.610687,0.038432
1000,126.745316,189.625336,19.716507,42.955643,0.038432
1025,275.732880,203.354095,11.738800,25.503220,0.117173
1075,355.021729,201.719513,13.834473,29.874893,0.438759
1075,356.043427,208.660690,11.836121,26.417404,0.137914
1075,351.894287,194.085281,20.097778,43.261566,0.107530
1075,353.245056,202.977753,17.634308,39.762421,0.107530
1075,354.967865,194.794205,14.168060,30.971191,0.075754
1075,356.617218,195.091660,10.801666,24.316086,0.075754
1100,564.802002,201.269775,14.810181,31.810410,0.110208
1100,564.973816,191.913696,16.180359,35.057571,0.110208
1100,562.230530,187.422333,22.168579,48.221741,0.110208
1100,565.092224,191.826294,13.028870,29.168106,0.110208
1100,566.952087,198.578308,14.304138,31.220139,0.095860
1100,569.165466,190.084412,22.086487,49.561142,0.076345
1125,292.166840,203.656403,18.450470,39.902985,0.984213
1125,291.296112,197.200287,17.994995,38.677887,0.984213
1125,291.422394,198.289886,22.751129,48.428253,0.981464
1125,590.034241,190.055649,18.806641,40.829391,0.929550
1125,587.052490,184.733109,24.152405,51.575272,0.929550
1125,589.429321,195.330917,20.821838,46.706085,0.929550
1125,287.505798,189.139999,23.118774,48.920059,0.870329
1125,298.111908,191.673416,24.942719,54.311523,0.590557
1125,592.431702,201.331512,16.077271,35.847733,0.527624
1125,296.066071,175.837250,26.286621,59.757370,0.364528
1125,597.570801,188.894180,21.497620,45.542374,0.124604
1125,291.127411,210.264069,17.922974,38.574966,0.074548
1125,292.295654,216.127457,13.697083,31.796921,0.074548
1125,589.867676,206.378235,19.115234,43.807007,0.045962
1150,186.165512,189.956940,27.829086,61.331924,0.967956
1150,192.109222,194.008484,30.286484,66.410889,0.953321
1150,189.549194,200.361404,22.333588,48.230972,0.734091
1150,183.679153,189.743103,35.299271,75.829224,0.726671
1150,181.264206,195.753616,29.313797,62.285904,0.724696
1150,199.341705,192.914200,24.987411,54.840149,0.663097
1150,188.786926,190.830963,21.625626,45.857330,0.354426
1150,183.231873,175.251892,33.743927,73.393402,0.344509
1150,198.181274,202.548401,25.384338,58.630554,0.210543
1150,608.776733,180.776428,23.678162,50.866364,0.199241
1150,609.695801,183.754135,19.161682,41.838120,0.199241
1150,606.860352,170.439285,24.332275,53.277557,0.199241
1150,192.102798,172.269791,35.053757,77.719467,0.153302
1150,187.722092,182.058670,38.265472,82.338516,0.153118
1150,616.053894,176.029526,23.364075,51.621780,0.142378
1150,205.929581,189.543518,19.383926,39.724060,0.140483
1150,208.084641,191.284042,15.085678,33.175858,0.140483
1150,204.639984,196.707977,19.905243,40.860260,0.116769
1150,204.308929,207.572296,20.482910,43.126114,0.116769
1175,633.938843,180.502487,23.898071,51.991898,0.316005
1175,624.809509,177.867783,25.507019,54.890884,0.316005
1175,631.002808,175.917099,30.318970,64.169815,0.280261
1175,632.663025,171.470215,23.212646,52.105576,0.235698
1175,627.553772,181.747803,20.426392,43.568741,0.056048
1175,627.494385,184.723480,16.184570,35.173584,0.056048
1175,620.811340,180.978638,28.507812,61.518875,0.034313
1200,650.964661,174.836853,25.489197,55.623016,0.516672
1200,654.222717,180.545258,19.054077,41.537811,0.516672
1200,653.078003,171.330948,21.957825,48.088913,0.516672
1200,662.511719,172.622528,25.186279,54.361877,0.292737
1200,644.713257,176.092697,23.875305,51.752304,0.282883
1200,225.107605,188.085419,12.912460,28.588257,0.215047
1200,640.877869,170.817993,29.992798,62.289841,0.198328
1200,221.261215,183.235306,17.866699,40.189621,0.158851
1200,225.440521,196.000809,12.690720,27.066605,0.137986
1200,223.683456,177.055374,14.689362,29.633377,0.080156
1200,221.410767,172.960800,17.046967,38.104263,0.080156
1200,225.507629,177.128250,11.551743,25.739197,0.080156
1200,667.042358,181.397446,19.350342,41.338181,0.076809
1225,680.587097,172.101730,26.849426,58.078995,0.927791
1225,679.565002,171.239792,32.612183,69.493820,0.927791
1225,674.273132,178.183105,25.512756,56.805954,0.927791
1225,681.469788,180.125397,22.774353,46.110138,0.892200
1225,673.503418,171.702652,24.177856,52.637772,0.766564
1225,672.127319,167.435379,37.226257,77.752670,0.554053
1225,683.296509,173.841263,20.284363,42.639694,0.403992
1225,690.037964,179.459045,24.833252,64.108444,0.357022
1225,675.901611,159.776382,31.583557,66.936920,0.355499
1225,687.273254,161.065094,26.020630,75.505310,0.114986
1225,82.064125,203.711899,12.706985,27.732178,0.048285
1225,82.870216,210.450577,11.982574,25.810043,0.048285
1225,78.164108,201.473312,19.933189,42.720642,0.048285
1250,150.437698,179.453613,13.636261,29.595200,0.095621
1250,149.651627,178.327255,11.408035,25.193848,0.095621
1250,147.486893,173.735764,19.135406,42.076355,0.095621
1250,436.361755,190.593033,11.120911,23.928345,0.081858
1250,156.592911,184.301529,14.625046,30.992065,0.043808
1250,160.575592,178.658234,12.220642,26.994659,0.043808
1250,157.114395,176.641785,15.365219,33.184952,0.043808
1300,465.382843,192.103226,10.829620,23.186264,0.175482
1300,466.406403,197.632156,10.490234,23.045410,0.175482
1300,463.181641,188.885193,13.353699,28.783112,0.175482
1325,479.814880,191.133423,10.843079,23.410919,0.808384
1325,477.261475,187.703552,13.191833,28.371902,0.808384
1325,481.098938,196.091476,10.521881,23.119400,0.808384
1325,471.444641,190.997086,10.507935,22.792252,0.252914
1325,470.514832,196.525986,9.736176,21.828857,0.252914
1325,469.902069,190.587555,13.452026,29.144058,0.252914
1325,478.285400,190.449280,13.815460,30.073212,0.190428
1325,476.950470,187.588730,16.974365,36.960800,0.190428
1325,477.980194,178.932053,15.305908,34.908768,0.190428
1325,482.064178,184.584427,10.856659,22.642593,0.042710
1325,468.427307,185.448547,17.021667,36.036942,0.037965
1350,480.819733,188.362183,11.989288,25.606293,0.539168
1350,479.033203,185.521805,15.283173,32.971649,0.086039
1350,477.924469,182.734894,18.473389,41.879257,0.086039
1350,471.424652,188.136688,11.137878,23.879272,0.077256
1350,470.406403,184.602005,13.951538,29.935059,0.077256
1375,468.408844,174.106949,11.450073,24.502701,0.039183
1375,467.238037,170.857666,14.158661,30.165665,0.039183
1375,468.896240,179.774292,10.666443,23.876083,0.039183
1425,466.885803,193.174973,10.869751,23.361694,0.551218
1425,467.488678,197.650146,10.516113,23.230789,0.551218
1425,465.093048,189.796417,13.476318,29.209305,0.551218
1425,483.305481,192.288330,11.201996,23.934952,0.134099
1425,484.003998,198.101089,10.791504,23.612640,0.134099
1425,481.484283,188.647034,13.855652,30.356079,0.134099
1425,462.541931,185.958862,18.598969,40.037628,0.051293
1450,464.571411,189.463867,11.761475,25.733948,0.828681
1450,462.929932,183.957397,13.821869,29.484970,0.403242
1450,460.438293,183.119659,18.326477,42.289917,0.403242
1450,456.307526,189.722137,10.844330,23.566925,0.156274
1450,484.837158,187.707764,11.687531,25.204529,0.130955
1450,493.714447,186.797684,12.479828,26.923218,0.109117
1450,467.079193,184.396683,10.958038,22.457458,0.099091
1450,491.292480,182.405594,15.880981,34.768250,0.053130
1450,489.148621,177.796432,19.459991,42.857819,0.053130
1450,483.379395,183.877151,15.747467,34.156525,0.035756
1450,482.339325,178.416901,19.312958,42.443939,0.035756
1450,482.627045,188.218933,17.449432,39.179733,0.035756
1450,495.694458,180.822006,11.828156,25.259399,0.033992
1450,491.236542,178.395889,14.749420,32.008606,0.033992
1475,484.026276,190.177322,13.949005,30.695587,0.975783
1475,482.974915,186.193283,17.820862,38.886185,0.975783
1475,464.291656,192.182785,12.391479,27.039810,0.951010
1475,460.659851,186.977966,16.904510,37.864639,0.951010
1475,456.789673,191.324615,12.516541,27.117325,0.817623
1475,455.997925,190.548599,15.190552,32.842361,0.817623
1475,455.258392,195.467987,11.753174,26.068848,0.817623
1475,454.908112,186.829514,18.239288,40.527023,0.817623
1475,484.003021,182.093231,15.806213,34.447433,0.806307
1475,450.155762,184.227020,21.590790,44.929184,0.545713
1475,461.870911,182.264542,15.025330,33.124969,0.510942
1475,491.532013,191.648804,12.913422,28.108948,0.421194
1475,493.822296,190.447189,12.288910,27.101089,0.421194
1475,492.800385,195.399353,12.558136,27.752762,0.421194
1475,487.365601,185.968307,18.611572,40.637436,0.421194
1475,485.226440,186.736816,11.937561,25.573227,0.174530
1475,482.856262,193.815689,18.583069,38.918732,0.159930
1475,482.810211,195.052353,14.360748,32.707886,0.159930
1475,489.635040,177.742828,17.082581,38.002014,0.122453
1475,460.868103,194.613983,18.403076,39.477448,0.058028
1475,461.598053,196.609024,13.989136,31.635193,0.058028
1475,463.884552,187.687546,12.314789,24.742065,0.033484
1475,466.845428,186.807312,11.112946,22.914581,0.033484
1500,482.369781,183.662018,15.860504,34.951721,0.987564
1500,461.928253,183.033173,16.026306,34.431839,0.959373
1500,458.722382,178.278595,19.423553,41.625168,0.959373
1500,454.716705,173.187668,26.567078,54.563568,0.959373
1500,461.170074,173.813431,19.012665,41.605591,0.959373
1500,464.972595,187.843399,13.606598,28.827927,0.928674
1500,465.719604,181.335678,11.730255,26.374680,0.923768
1500,457.484741,185.632858,12.979279,28.327499,0.606738
1500,479.852905,172.874329,22.205139,46.888657,0.419313
1500,456.037964,180.786087,12.865509,27.204865,0.351116
1500,455.316803,179.421967,11.018707,24.589951,0.351116
1500,453.756836,175.300323,19.114319,41.569595,0.351116
1500,455.069031,185.493317,18.340790,41.377640,0.343596
1500,480.483215,191.389771,15.973724,37.513962,0.150615
1500,481.904663,171.213837,17.865997,37.609589,0.122590
1500,455.901031,189.904480,13.848663,29.357803,0.104514
1500,456.397461,192.214325,10.724487,25.138077,0.104514
1500,489.366272,185.173248,13.948944,30.009430,0.035728
1500,487.273346,182.327484,17.857971,39.507492,0.035728
1500,488.366180,173.605560,18.058807,41.081009,0.035728
1500,355.883423,188.349945,10.622589,22.945084,0.035512
1525,477.395233,186.903244,16.362823,35.722717,0.996834
1525,475.462250,184.106995,21.342346,46.377884,0.996834
1525,478.993835,182.735382,16.273926,35.948593,0.990294
1525,455.844025,186.171738,15.159424,32.817642,0.979029
1525,454.204865,191.833267,13.372650,29.248688,0.979029
1525,480.980408,187.121750,13.444702,28.725098,0.951621
1525,453.853851,188.167297,18.666656,39.444138,0.950110
1525,453.420380,182.476868,15.913940,33.511551,0.950110
1525,449.813782,180.818710,22.611389,47.402786,0.895073
1525,453.386932,183.820633,12.058167,27.658218,0.768372
1525,464.388184,189.281509,13.566376,29.726501,0.591435
1525,465.756622,194.815247,11.959686,26.808502,0.591435
1525,451.825195,193.101578,15.434204,36.782745,0.298500
1525,461.846405,188.419525,16.245728,36.237289,0.296538
1525,462.145050,179.651611,16.509766,36.527191,0.296538
1525,351.972229,191.442062,10.801300,23.097397,0.288627
1525,479.567871,196.343674,15.104584,31.356842,0.075737
1525,482.182190,200.537338,10.610992,27.087646,0.075737
1525,349.824066,186.557281,12.495514,26.660095,0.072399
1525,353.065704,194.075363,10.688904,23.516769,0.072399
1525,354.740417,198.125977,9.524536,21.635269,0.072399
1525,349.665802,190.224930,13.808289,29.839325,0.072399
1525,348.352814,188.530304,17.061951,38.059219,0.072399
1525,342.240631,191.443283,10.193817,22.236969,0.036525
1550,496.164246,187.327408,15.981384,35.063217,0.994857
1550,494.605865,182.016647,20.071808,45.149216,0.994857
1550,496.632416,182.487534,14.943817,33.913605,0.973727
1550,463.769745,175.626480,25.404266,52.566650,0.973415
1550,472.303680,183.761429,16.699188,36.016068,0.962423
1550,468.988220,180.524384,20.397949,42.928131,0.962423
1550,469.614685,178.121948,17.556946,37.166840,0.962423
1550,471.428772,188.027069,13.694183,30.862747,0.942640
1550,469.279602,180.105713,13.244080,30.116943,0.916041
1550,475.785431,183.098206,18.227386,40.465225,0.802567
1550,474.558594,173.118576,21.473022,45.166550,0.802567
1550,354.869293,190.928787,11.102295,24.232117,0.657519
1550,478.566895,184.764862,14.922699,32.665710,0.642293
1550,480.563141,189.451141,14.370972,31.061356,0.642293
1550,480.764130,180.465164,12.234467,26.992752,0.337606
1550,496.463989,172.689697,19.609802,40.454086,0.208241
1550,353.436462,185.176682,12.847839,27.688492,0.136542
1550,352.573730,189.043335,14.066254,30.763321,0.136542
1550,467.570984,191.870972,15.502808,36.678650,0.108483
1550,466.803131,168.103149,20.410797,39.762146,0.086584
1550,434.549164,188.804123,10.802307,22.888184,0.076401
1575,526.969788,184.591187,18.307434,39.075211,0.995972
1575,491.039215,181.299835,17.744537,38.998169,0.995601
1575,488.436035,176.748962,23.039154,50.911316,0.995601
1575,491.161499,173.325668,20.102875,44.422379,0.995601
1575,523.758057,173.983383,24.052429,50.479614,0.994645
1575,494.556793,177.329498,16.395538,37.411606,0.985273
1575,363.610260,184.367188,13.668213,29.541016,0.943916
1575,366.113251,190.326447,12.060913,27.831604,0.943916
1575,362.803345,186.149338,16.827209,37.562729,0.924873
1575,369.077545,182.563263,10.806396,24.530853,0.918186
1575,360.708679,186.696945,13.340271,29.343521,0.769423
1575,363.511261,179.586334,22.249786,46.827454,0.747314
1575,352.801758,178.846207,22.545654,47.054184,0.747314
1575,492.898102,168.757858,21.106415,43.732758,0.711047
1575,492.545959,172.078827,23.592896,49.338165,0.704968
1575,493.338562,187.761414,16.288849,39.095154,0.642754
1575,359.207306,193.717148,11.339447,24.866806,0.293229
1575,358.888367,182.227158,18.212982,37.872879,0.209360
1575,360.009064,183.939590,12.277893,26.379074,0.120533
1575,359.407410,182.321487,10.305664,22.660339,0.120533
1575,489.997406,185.064133,15.242798,33.170151,0.119043
1575,487.690063,177.396576,15.742737,33.709595,0.119043
1575,486.610687,177.571686,13.058502,28.736893,0.119043
1575,485.901001,171.653137,22.492432,48.619263,0.119043
1575,514.285217,178.511475,19.187805,44.021805,0.087493
1575,515.584045,183.412735,21.767029,46.904663,0.087493
1575,481.483276,177.455353,23.780792,47.869095,0.067019
1600,491.521881,184.664597,18.572052,38.734818,0.996668
1600,489.649628,178.987610,18.849213,41.386536,0.996668
1600,487.929230,174.147766,24.377533,52.965210,0.996668
1600,342.645264,189.329498,15.324799,33.507141,0.996528
1600,339.886383,187.432419,15.722321,34.683975,0.996528
1600,532.238708,182.912170,21.300598,45.674667,0.993517
1600,536.496216,171.708176,25.048218,52.208420,0.993517
1600,536.105896,186.517654,19.668213,43.507950,0.986851
1600,532.550476,175.975845,18.789185,42.894485,0.986739
1600,483.640442,176.861725,24.366760,50.531647,0.980866
1600,494.124512,179.471634,16.468262,37.779053,0.970636
1600,479.914246,177.762070,24.530579,53.110184,0.947763
1600,330.652710,199.348877,10.151245,20.714249,0.941291
1600,345.909485,183.064194,21.497528,45.999268,0.937411
1600,341.411957,187.154343,11.394531,26.092270,0.903515
1600,537.546387,181.546875,18.574585,39.065674,0.884164
1600,330.782135,192.540237,9.333527,20.463196,0.788149
1600,451.763641,188.949585,11.310059,24.255844,0.742610
1600,346.995544,191.341095,12.448975,27.220016,0.726186
1600,349.615997,190.614685,12.079437,26.030380,0.726186
1600,347.905518,194.427567,12.804321,27.652298,0.726186
1600,531.839539,180.474503,25.682312,58.112442,0.724873
1600,491.917175,170.999054,20.866638,43.218201,0.519014
1600,525.583374,175.889069,25.348267,56.482285,0.470496
1600,345.725525,180.923248,15.123413,34.749847,0.416256
1600,487.578796,191.663498,14.838226,32.289871,0.407714
1600,336.015656,184.075455,22.580841,47.897797,0.304619
1600,339.178406,195.974030,14.567841,30.979874,0.277245
1600,452.856567,192.559311,11.137970,22.895416,0.151662
1600,449.139160,186.349976,13.869537,31.049850,0.151662
1600,448.085571,184.992416,17.554657,38.078079,0.151662
1600,487.158875,184.696198,16.358429,34.826981,0.118867
1600,480.378082,175.527161,36.292755,75.500351,0.093136
1600,495.237000,196.005997,13.492859,31.523926,0.075860
1600,486.389771,178.961945,13.617371,30.250763,0.074663
1600,351.685333,184.561600,10.440857,22.590378,0.062711
1600,348.645569,186.049637,11.647247,22.903320,0.062711
1600,525.553101,170.543900,36.154480,79.126587,0.060534
1600,345.940643,190.605377,18.270264,44.125519,0.050064
1600,345.540375,196.904846,15.240082,33.580368,0.050064
1600,447.125824,179.530563,21.626190,46.805557,0.046864
1600,453.124054,183.972977,10.701752,21.608719,0.044157
1625,501.002655,184.652725,22.138153,47.430206,0.994871
1625,497.318756,176.307831,24.707062,53.879074,0.994871
1625,310.384155,188.568100,19.504181,42.668198,0.994745
1625,503.100372,179.104736,23.979645,51.536530,0.994536
1625,547.665588,183.272049,22.707947,49.976761,0.994256
1625,549.539124,184.060120,27.353760,57.901779,0.993284
1625,542.244263,177.660385,27.059570,57.422668,0.988644
1625,502.399811,177.985016,19.858185,45.075195,0.978302
1625,308.040161,184.663712,19.909546,42.524200,0.977292
1625,314.301727,188.256058,18.023621,38.840210,0.965259
1625,315.023132,188.299423,22.650146,46.421204,0.964348
1625,551.438416,179.936157,23.953552,52.525131,0.951690
1625,314.242645,184.853058,15.886169,35.546722,0.892287
1625,311.089233,180.992966,22.229431,46.367844,0.892287
1625,551.584229,192.335831,21.243225,44.320282,0.874351
1625,553.574158,186.011520,19.348877,41.448410,0.874351
1625,305.165039,188.177094,22.631470,48.624069,0.637067
1625,500.151245,180.204865,16.368347,37.339783,0.384199
1625,309.187866,196.070984,14.841705,34.386429,0.334552
1625,505.774445,180.372040,18.634918,37.421738,0.285709
1625,539.051636,189.969284,27.283813,60.553253,0.257141
1625,548.198303,195.393875,17.691772,41.865921,0.225098
1625,546.882202,173.674698,34.309692,73.227203,0.152868
1625,317.115234,198.811768,13.981445,31.856537,0.122877
1625,309.524567,188.028412,15.494110,33.602692,0.102564
1625,309.673859,184.433990,12.942688,29.608017,0.102564
1625,319.068420,183.975037,13.879913,28.578156,0.072959
1625,492.375824,170.641586,33.917450,70.026764,0.071240
1625,546.346741,181.140762,20.058594,45.424026,0.064290
1625,547.043823,179.877380,16.087097,36.745956,0.064290
1625,552.804382,170.066483,25.522400,54.847122,0.055806
1625,500.674042,195.444687,16.231781,37.393951,0.054238
1650,516.807739,174.614990,25.857239,56.738235,0.997364
1650,514.593994,175.246735,22.928833,50.728775,0.997364
1650,510.086395,176.624084,29.774445,66.007172,0.997098
1650,237.926147,173.099518,28.731476,62.102631,0.994912
1650,234.016922,176.005844,29.590317,65.458145,0.994912
1650,566.658752,182.008652,22.663208,49.184540,0.993368
1650,563.288391,175.658310,27.730957,58.378708,0.993368
1650,568.540405,185.384689,25.506470,57.207184,0.993368
1650,245.042206,178.246719,23.370331,50.199310,0.992137
1650,560.316101,180.321014,26.945862,58.752411,0.991095
1650,568.569519,175.890121,27.348145,57.816498,0.990206
1650,507.329529,164.137955,29.426270,66.875015,0.989750
1650,241.738510,173.442032,30.209457,68.885895,0.958576
1650,243.677292,163.714111,30.113724,65.633636,0.912789
1650,565.199097,183.346832,19.591187,40.934937,0.858580
1650,454.074158,188.018814,11.073334,24.142090,0.812165
1650,235.193924,165.072098,29.656204,62.146988,0.785666
1650,239.509445,164.655563,22.899551,50.654999,0.717984
1650,522.329651,176.080917,18.760620,41.684692,0.487549
1650,570.801453,179.026962,19.009033,40.787506,0.467159
1650,514.507751,169.610657,18.726501,40.888474,0.424805
1650,230.859024,164.600433,40.972305,84.906540,0.376961
1650,556.867859,172.705856,25.458374,56.523270,0.272417
1650,568.712219,169.399734,24.910278,52.585754,0.148542
1650,235.389114,177.296677,22.193558,48.290665,0.107814
1650,454.511627,193.035583,11.221252,22.860321,0.097390
1650,454.133423,196.765884,9.348175,21.602783,0.097390
1650,451.007233,185.649887,14.599487,33.130234,0.097390
1650,564.721741,177.727905,17.756287,37.427643,0.095757
1650,454.779572,182.639755,11.001709,22.715393,0.069734
1650,243.046677,175.076767,22.961624,46.430099,0.049534
1650,250.876144,174.283279,16.678604,37.048706,0.049534
1650,570.459045,192.398682,20.336487,44.792465,0.048582
1650,453.386841,185.135010,13.924255,29.491714,0.038928
1650,452.500061,182.905899,16.831207,36.506470,0.038928
1650,324.944275,190.945526,10.099823,21.251984,0.037463
1650,323.399475,187.588928,12.637451,27.438446,0.037463
1675,508.126801,157.589645,36.178558,79.719879,0.997440
1675,516.367126,165.497269,26.018005,57.179138,0.996582
1675,506.510590,165.921997,31.772003,68.169449,0.996582
1675,510.694824,166.644180,26.105347,57.100708,0.996457
1675,514.668884,154.121582,33.022522,73.380142,0.996457
1675,560.680176,167.087814,29.949158,63.514862,0.994041
1675,565.460571,168.705505,32.214722,69.122665,0.990313
1675,557.246582,170.929611,30.483398,67.278076,0.990290
1675,514.892944,169.175781,29.869019,65.138870,0.982549
1675,568.441833,176.987534,24.233032,49.902618,0.955061
1675,564.214966,174.746994,23.680786,52.232452,0.597824
1675,571.214355,168.725876,29.824585,63.791992,0.510545
1675,568.181213,161.111313,24.533142,54.821304,0.421722
1675,513.467041,177.009064,23.040588,51.346237,0.325199
1675,520.490723,169.630173,21.207275,45.164795,0.276118
1675,563.610535,182.660217,25.965271,60.341095,0.207130
1675,436.259247,184.380692,11.317017,24.519257,0.199445
1675,436.924011,178.848129,12.285126,25.857666,0.199445
1675,434.685608,181.194016,14.045898,30.115860,0.199445
1675,303.529297,185.303024,11.208069,23.596283,0.197007
1675,572.013977,173.860565,33.400330,76.234116,0.133993
1675,563.146667,171.194794,19.961426,41.550919,0.104042
1675,294.192688,185.101028,11.631042,25.016403,0.098338
1675,293.423065,181.116699,14.327393,31.273361,0.098338
1675,294.776978,177.612000,12.755676,27.079117,0.098338
1675,293.576599,178.170654,10.934845,24.295776,0.098338
1675,499.471039,162.459915,26.803009,59.962402,0.056867
1675,300.300995,182.524139,13.595551,30.054977,0.048426
1675,303.945557,177.607056,11.257965,24.207840,0.048426
1675,299.608032,174.096344,14.192200,32.111313,0.048426
1700,504.600800,167.454102,30.679596,65.338699,0.995915
1700,507.952637,162.320816,34.257324,74.178101,0.995157
1700,514.312561,163.869064,28.946960,63.185410,0.994534
1700,569.102966,166.701355,31.104797,68.208359,0.994472
1700,577.312622,171.417694,28.295837,65.281235,0.989525
1700,275.168213,185.410736,12.337433,26.560028,0.986457
1700,275.847626,180.358231,12.654358,27.068741,0.986457
1700,273.574524,179.138046,14.571503,32.725388,0.986457
1700,272.057098,175.870560,18.201965,40.241028,0.986457
1700,569.625732,166.732544,36.920654,82.849884,0.985001
1700,578.312500,160.001373,32.977661,72.691956,0.957662
1700,511.527710,167.628235,25.567505,54.956161,0.920803
1700,273.449707,184.692551,16.273376,37.132690,0.875395
1700,276.247589,189.365860,10.699524,25.400909,0.767124
1700,572.354980,179.292313,29.600098,68.033279,0.746189
1700,572.890686,170.325012,26.065918,55.640823,0.409459
1700,571.791077,157.240173,29.289612,65.401413,0.409459
1700,499.966248,158.982056,30.372864,66.637878,0.357885
1700,562.214355,169.226318,33.733765,74.486832,0.338394
1700,420.974182,183.735458,10.890442,23.620819,0.315926
1700,421.628601,179.778778,11.423370,24.475510,0.315926
1700,419.503052,180.810699,13.418335,28.630798,0.315926
1700,418.307434,178.495377,16.554077,35.614838,0.315926
1700,497.334534,168.189346,34.215820,72.967133,0.293612
1700,575.025635,179.881042,24.909302,55.321854,0.255130
1700,561.173584,161.251572,28.533447,62.129303,0.216010
1700,566.255676,174.277115,26.985535,59.675919,0.188669
1700,516.391846,158.204956,23.988159,56.075989,0.146492
1700,270.204834,179.534088,21.334137,45.875763,0.125208
1700,518.520996,157.085907,28.039001,62.638199,0.112020
1700,511.293427,176.722229,23.644806,53.791473,0.078561
1725,541.598816,166.256683,38.570984,83.910599,0.997837
1725,547.098938,161.605942,36.636169,81.440521,0.997837
1725,618.635803,162.841339,39.570862,86.535919,0.992967
1725,611.063538,166.016327,39.085510,83.875198,0.992300
1725,275.985260,188.312057,13.672607,29.546341,0.992266
1725,536.491455,163.730225,37.267334,81.312393,0.986270
1725,625.866150,177.213089,34.263367,71.819122,0.979485
1725,275.562744,181.693542,15.603546,34.686478,0.961573
1725,272.760193,184.028519,20.616150,44.285858,0.961573
1725,433.318298,187.348724,11.529083,25.231308,0.890356
1725,277.049255,185.047607,10.559967,24.897141,0.889646
1725,618.893372,167.625244,30.625427,67.851242,0.544990
1725,433.940460,190.149185,11.805054,26.247742,0.351434
1725,435.615479,194.814362,9.611298,21.986008,0.351434
1725,430.097809,182.212067,17.830048,40.564774,0.351434
1725,273.113068,192.998947,14.391998,33.720703,0.337719
1725,434.819916,183.162674,11.421509,23.334412,0.272075
1725,547.661621,170.677048,31.411865,60.894180,0.246709
1725,552.700439,176.809891,24.584412,52.214233,0.246709
1725,623.794373,184.308624,24.304871,52.792404,0.194187
1725,197.084473,192.185196,10.931564,24.168839,0.140681
1725,285.071625,190.060181,11.568420,24.066254,0.140000
1725,208.888641,190.973282,11.084045,23.695160,0.136351
1725,543.082703,172.190002,30.167908,58.965744,0.131400
1725,553.505493,169.050964,32.156311,70.870026,0.113228
1725,558.273865,157.157486,35.055725,78.417419,0.104715
1725,195.852036,186.962204,13.575394,29.164368,0.077833
1725,194.633881,191.005524,14.463425,31.268158,0.077833
1725,193.710861,187.576614,18.269867,41.397278,0.077833
1725,281.449890,185.970001,13.311646,28.618881,0.068090
1725,284.036926,193.580383,11.799957,25.956543,0.068090
1725,280.794373,189.709686,14.657959,30.783859,0.068090
1725,288.141174,197.110672,9.829285,22.962921,0.068090
1725,537.891602,148.414444,50.427063,106.177399,0.064965
1725,629.331299,161.577759,38.296082,80.539841,0.058982
1725,637.938477,170.023026,28.784729,64.951721,0.058982
1725,535.696350,165.106262,30.220764,62.501160,0.055637
1725,628.837219,180.691574,28.015808,57.266220,0.053961
1725,612.031555,170.009323,30.703003,65.910416,0.047822
1725,528.876648,158.202957,32.730286,72.385391,0.046792
1725,206.337143,185.302017,13.323517,28.951035,0.038564
1725,209.720703,195.707993,10.678207,23.303284,0.038564
1725,205.956131,190.677750,14.093201,30.766617,0.038564
1725,280.711792,186.893936,17.575562,41.820892,0.033965
1750,593.023926,154.492340,51.043701,110.910248,0.997949
1750,586.926025,161.319382,48.268494,104.775070,0.997738
1750,270.764984,193.683807,12.252686,27.161926,0.969612
1750,267.732941,191.468643,16.269775,36.697998,0.969612
1750,596.304993,163.080597,38.607666,82.260544,0.951046
1750,265.259644,193.118210,12.462677,27.427734,0.917214
1750,263.208374,193.363464,11.797089,25.841660,0.917214
1750,262.350891,187.129074,17.715790,38.962219,0.917214
1750,597.512817,171.645187,41.084167,93.758347,0.788149
1750,446.774841,190.372910,11.199463,24.507446,0.671776
1750,443.844696,186.410812,13.725616,29.424927,0.671776
1750,671.561829,171.285019,42.869995,93.681992,0.549719
1750,268.873535,178.164886,16.392975,37.916550,0.522330
1750,449.860809,196.850891,9.605835,21.884766,0.458642
1750,443.176392,187.197571,17.197540,39.145309,0.458642
1750,582.737000,167.756607,39.643738,87.577744,0.302259
1750,260.955475,179.010590,16.923706,36.336212,0.230304
1750,603.009460,153.784195,42.478882,95.181503,0.193118
1750,639.286987,184.782349,13.414673,28.399414,0.152388
1750,639.855347,173.454391,13.533997,28.122589,0.152388
1750,440.203522,190.563660,10.533295,22.979767,0.138153
1750,439.302002,187.164703,13.342590,28.894089,0.138153
1750,668.520325,167.405090,39.858093,86.304352,0.124293
1750,444.883179,179.893829,15.402130,33.503265,0.110639
1750,260.470642,198.415207,13.431641,31.519211,0.076641
1750,260.767212,195.707382,17.707428,39.589645,0.076641
1750,594.282166,173.115524,35.677551,88.484512,0.065958
1750,584.632935,174.721375,42.874329,93.809784,0.053050
1750,676.470032,151.092758,38.733521,130.462936,0.052028
1750,289.240662,192.828812,9.692566,20.560211,0.050906
1750,604.419067,179.771591,33.910339,73.732391,0.039890
1750,440.315887,194.561554,10.803589,22.761642,0.037367
1750,439.084930,198.184906,9.319458,21.169357,0.037367
1750,437.270538,189.808563,14.255341,31.738647,0.037367
1750,436.430908,186.108994,18.842377,42.395172,0.037367
1750,274.099976,183.864838,11.576630,24.202011,0.036359
1750,595.576843,153.524811,61.737671,123.560181,0.034101
1750,690.419861,172.301346,28.671997,87.641037,0.033426
1775,252.837463,189.885376,14.576965,32.468781,0.994179
1775,249.388977,186.425797,19.846619,43.986954,0.994179
1775,251.917343,180.858109,16.365372,37.728073,0.974123
1775,256.066162,186.499008,13.070038,27.256393,0.749554
1775,251.092758,189.102661,13.707626,30.290207,0.715052
1775,248.190079,189.400879,13.002090,27.850159,0.715052
1775,249.688171,194.990723,12.623291,27.733368,0.715052
1775,250.089355,191.169937,16.340027,35.556046,0.715052
1775,166.421326,191.276489,12.186111,26.844360,0.544809
1775,166.292709,196.065002,11.966812,26.583405,0.544809
1775,165.926910,188.246246,15.146133,32.533203,0.544809
1775,164.385040,183.796722,19.086823,39.997620,0.544809
1775,450.749908,190.403549,11.342773,24.973679,0.524971
1775,243.431198,182.787476,20.742142,42.996048,0.320927
1775,247.031967,176.832138,18.538528,39.745590,0.315802
1775,449.482025,184.743134,13.046967,27.761047,0.192186
1775,452.234314,196.431305,9.914581,22.484406,0.192186
1775,449.119690,187.784958,14.346222,31.957809,0.192186
1775,447.393768,185.395264,17.972382,40.492798,0.192186
1775,253.463593,196.138855,14.830688,31.074524,0.170075
1775,257.078400,201.015915,10.626099,26.669022,0.170075
1775,163.058212,178.479065,17.238220,36.322815,0.130243
1775,174.155670,190.940872,11.809219,24.843948,0.088080
1775,173.981140,195.976913,11.962341,26.229797,0.088080
1775,170.518784,186.864777,14.693253,31.487823,0.088080
1775,176.436050,198.567169,10.691406,24.277084,0.088080
1775,250.990005,177.798798,22.584030,50.547379,0.054123
1775,447.612213,177.887772,16.118835,35.552856,0.041568
1800,226.209564,188.586533,17.172913,37.974991,0.997636
1800,226.413071,180.139420,18.626694,41.881500,0.994806
1800,224.441910,176.397110,23.673904,51.439514,0.994806
1800,455.393402,185.567230,12.368286,27.432602,0.638456
1800,227.399780,198.626343,12.535233,29.780121,0.453520
1800,229.163620,172.394577,20.080185,45.796143,0.367076
1800,233.269180,186.174652,15.656036,33.437775,0.265723
1800,229.206131,183.655975,18.046417,39.702896,0.265723
1800,231.859161,190.541840,16.400574,35.759674,0.265723
1800,236.817490,194.473419,13.426270,30.056244,0.265723
1800,455.649628,181.114914,12.077179,25.207474,0.146365
1800,454.568085,180.239685,10.288513,23.284576,0.146365
1800,461.390137,186.176529,12.294403,26.299759,0.085797
1800,452.725952,179.103821,18.627014,39.231293,0.063961
1800,452.506622,188.477417,16.628204,37.182816,0.063961
1800,454.216309,190.027634,12.617950,27.840073,0.048056
1800,454.736053,192.760605,9.855286,23.722046,0.048056
1800,452.279053,183.758728,15.358002,34.249771,0.048056
1800,215.867416,183.330765,19.969467,42.132797,0.042484
1800,232.859161,183.116501,22.052963,46.653931,0.036613
1825,179.035934,183.106461,22.849365,49.267334,0.996604
1825,182.856400,173.041229,25.529953,54.273224,0.996604
1825,179.341248,176.172623,20.488083,45.848984,0.995807
1825,180.021835,193.070648,18.827637,40.919449,0.988625
1825,183.966980,181.274811,19.804474,40.120346,0.597468
1825,176.863647,176.006714,27.932205,64.415558,0.580724
1825,465.128754,185.284836,12.508606,27.440613,0.450192
1825,166.679413,173.298538,28.422073,56.693909,0.127377
1825,173.960205,170.455307,26.349442,56.830215,0.082275
1825,288.253479,185.774597,10.998871,23.125015,0.068137
1825,465.421143,189.247025,12.951324,28.510742,0.042147
1825,467.188538,192.831436,10.051117,24.390030,0.042147
1825,466.572021,181.703278,11.892426,25.204514,0.039385
1850,71.236076,172.186737,30.117256,65.779465,0.993948
1850,65.093323,182.750076,30.052536,64.069778,0.993948
1850,65.999458,169.916718,29.951714,65.619705,0.993540
1850,72.978119,179.003021,25.581467,52.416931,0.962799
1850,65.740219,164.629730,36.977791,78.014206,0.929839
1850,72.068512,187.429123,27.480453,56.472443,0.888140
1850,70.106705,178.784821,32.880005,73.328659,0.880974
1850,470.914154,185.867508,12.432251,27.345718,0.433596
1850,470.832642,178.662537,13.306641,28.620148,0.433596
1850,69.435280,181.475876,21.074265,44.321487,0.425482
1850,75.078445,166.005661,21.058723,49.739090,0.368740
1850,61.266312,165.429123,28.914368,58.794693,0.257282
1850,80.885849,179.368988,21.482727,48.174347,0.127972
1850,79.215485,171.472717,26.881210,57.850006,0.081992
1850,468.195557,176.579529,18.662079,39.376862,0.071923
1850,468.011230,185.796738,16.818848,37.555161,0.071923
1850,67.563972,171.402161,22.639412,50.088730,0.047036
1850,68.609688,173.872391,18.256577,39.344620,0.047036
1850,478.120575,186.564529,12.087189,25.855362,0.037558
1850,474.787476,182.836731,14.873688,32.144653,0.037558
1850,478.973358,178.831879,12.275116,26.395050,0.037558
1850,475.193756,176.570114,15.248444,32.599396,0.037558
1875,225.722321,193.378403,10.685486,22.906036,0.620627
1875,226.177841,197.934570,10.228104,22.450668,0.620627
1875,223.545303,189.140564,12.866577,28.459915,0.620627
1875,482.278381,186.061325,12.720306,27.958298,0.572955
1875,482.443176,189.649872,14.068848,30.951752,0.572955
1875,483.639862,194.365524,11.506073,25.591415,0.572955
1875,479.344727,184.617554,19.091248,42.477905,0.572955
1875,480.879150,178.695374,16.290131,35.397751,0.227284
1875,483.855621,182.504883,10.594360,24.193436,0.074995
1875,222.096527,188.963318,17.062775,36.482529,0.058368
1875,222.899780,177.885056,16.935303,36.427414,0.058368
1875,276.629517,189.369614,10.497894,22.306091,0.040842
1875,275.196136,186.424774,13.264191,28.130844,0.040842
1900,493.372162,185.443008,15.412323,33.642899,0.933768
1900,494.589172,179.273895,15.257965,32.969437,0.933768
1900,496.508820,188.696259,13.257599,29.750992,0.818538
1900,222.423782,191.243439,11.150742,23.882996,0.760986
1900,219.238251,186.454529,13.339462,29.696930,0.760986
1900,223.437958,196.061386,10.674698,23.480484,0.760986
1900,218.686508,188.022049,16.421707,36.518204,0.760986
1900,276.482880,184.183533,12.084625,25.727066,0.182484
1900,217.482925,191.020294,11.144775,24.036575,0.144984
1900,216.478729,196.173264,10.266312,22.988327,0.144984
1900,215.450790,191.296539,14.108200,30.842575,0.144984
1900,276.608124,177.259689,12.454071,26.562744,0.092856
1900,274.109711,175.791824,14.983643,33.318497,0.092856
1900,488.554596,183.283218,14.949982,32.004898,0.054385
1900,487.138000,179.594467,18.344604,39.067535,0.054385
1900,485.470978,185.455276,19.749176,43.343781,0.054385
1900,492.895935,172.892151,22.800903,50.654938,0.048417
1900,487.415588,177.096863,15.070190,32.347260,0.034836
1900,486.497345,176.948044,12.372833,27.030411,0.034836
1925,180.124802,188.511276,12.245972,26.146149,0.955080
1925,180.267563,193.929779,11.709976,24.741486,0.955080
1925,504.315521,184.837616,15.493988,33.831528,0.916182
1925,502.120392,185.850632,14.687469,31.202835,0.916182
1925,503.726807,179.787125,15.206909,33.499725,0.916182
1925,502.214172,178.091995,13.239136,29.188995,0.916182
1925,505.521118,180.572830,17.114685,37.196548,0.909032
1925,504.558990,184.959488,18.839935,41.363144,0.909032
1925,509.580322,180.016098,13.834412,30.456635,0.900190
1925,502.841583,172.114349,19.857025,44.070221,0.893533
1925,212.962585,190.953857,11.438354,24.731064,0.889494
1925,177.848328,190.898911,16.177124,34.510330,0.827253
1925,178.078827,181.235687,14.535553,31.946274,0.827253
1925,175.701523,183.587463,20.554871,43.895477,0.827253
1925,177.651871,186.378235,13.467590,30.810669,0.699949
1925,510.906616,190.499557,12.788696,28.923645,0.668817
1925,169.705292,189.782883,9.914032,21.385910,0.560070
1925,210.098190,178.715637,15.717880,34.766037,0.286527
1925,274.982758,185.699570,11.628326,24.483292,0.191796
1925,496.096741,172.558029,21.859741,45.590363,0.121138
1925,212.895142,185.132736,11.389175,24.014099,0.081042
1925,209.854187,184.379669,13.725372,31.418320,0.081042
1925,498.761108,168.207321,19.196106,40.075867,0.053400
1925,177.382080,196.552399,13.085999,29.960785,0.047780
1950,206.706940,185.410767,12.969269,28.356888,0.990809
1950,525.166443,173.533463,18.732727,40.849518,0.982132
1950,179.255630,183.234680,13.301315,28.529327,0.965718
1950,204.599335,180.438721,16.576462,36.694000,0.921142
1950,528.481628,170.023163,14.705688,32.000366,0.909096
1950,176.813354,178.098267,17.264359,37.141144,0.755153
1950,178.232849,185.757294,14.811142,34.988464,0.755153
1950,180.472290,189.067764,10.545914,24.616150,0.543232
1950,168.957367,185.265060,10.925690,23.496384,0.529569
1950,531.018188,169.126419,11.562561,27.881027,0.429463
1950,203.332336,178.215714,21.709045,46.898346,0.415979
1950,528.841797,181.628693,13.434509,33.724304,0.413637
1950,519.924133,170.631180,18.304688,40.298172,0.237457
1950,196.748840,186.657654,11.196274,24.923218,0.207388
1950,173.958969,179.561035,22.126450,46.755249,0.157523
1950,276.083008,184.376205,10.941010,23.547409,0.061499
1950,276.575012,176.155350,11.650452,25.261688,0.061499
1950,274.450653,180.237228,13.934814,30.266724,0.061499
1950,273.953033,174.493469,13.994202,30.481216,0.061499
1950,272.831207,176.655487,17.395264,37.654907,0.061499
1975,194.188629,188.802734,12.088608,26.144714,0.988035
1975,195.952011,192.966751,11.436722,24.576523,0.988035
1975,553.627991,176.476868,17.763306,38.578201,0.964960
1975,551.462524,172.248062,21.737793,47.759354,0.964960
1975,555.683716,181.318787,17.916565,38.077759,0.954075
1975,557.395142,176.088943,16.319519,35.811447,0.954075
1975,546.658813,173.438141,21.594971,45.569305,0.935455
1975,193.267883,188.932007,15.114288,33.575180,0.893908
1975,194.173187,181.881790,13.981506,31.979736,0.893908
1975,190.948883,183.386688,20.557861,43.917282,0.893908
1975,167.123444,189.001709,11.256027,24.353958,0.870051
1975,165.993271,185.246643,14.135544,30.098969,0.870051
1975,195.856186,187.539062,11.272339,24.180405,0.837964
1975,179.831451,189.997253,10.941559,23.624588,0.831886
1975,554.192322,177.029465,24.019958,49.779816,0.785911
1975,548.316772,179.485229,17.571350,38.000183,0.780236
1975,548.537170,173.845886,16.544922,35.684509,0.780236
1975,554.832947,169.651077,20.955994,44.739807,0.616047
1975,275.252899,183.844513,12.058868,25.715240,0.507301
1975,273.677551,180.477615,14.670441,31.126816,0.507301
1975,275.487732,177.132767,12.406006,26.914062,0.507301
1975,166.841965,182.940979,10.769897,22.534485,0.314975
1975,163.648041,182.061447,13.290665,29.095840,0.314975
1975,165.970078,180.802673,9.520828,21.862061,0.314975
1975,163.183868,177.692657,17.497604,38.006302,0.314975
1975,166.396591,195.127930,9.769852,22.117050,0.198826
1975,177.794006,187.076599,13.707260,29.155411,0.129981
1975,175.739822,182.395264,16.865051,36.399185,0.129981
1975,180.938477,184.284592,10.131149,22.176880,0.125503
1975,177.058365,183.964233,12.689575,27.682404,0.125503
1975,206.155960,189.762680,10.376495,21.920273,0.044793
1975,202.056046,186.396011,12.645493,27.468552,0.044793
1975,272.138702,172.063492,18.341583,39.232193,0.042590
1975,371.135712,190.039307,11.768280,25.903824,0.037953
2000,164.642426,184.603226,13.280853,28.933517,0.993563
2000,164.065582,181.940887,11.400818,25.215820,0.987008
2000,585.534912,167.461334,22.212219,47.675339,0.981340
2000,179.014053,189.381592,11.638031,26.753998,0.973595
2000,161.404434,180.455795,16.456833,34.789459,0.967076
2000,158.310287,176.210617,21.732971,45.693787,0.967076
2000,579.848083,170.078537,21.256775,45.647705,0.963226
2000,179.474762,183.378342,12.333008,27.310883,0.957875
2000,576.431946,170.286240,25.850403,55.150757,0.955934
2000,174.828491,176.085358,23.273895,50.257858,0.945362
2000,578.985168,164.048294,19.692810,42.276413,0.735505
2000,589.617676,179.685715,17.332764,40.680557,0.459446
2000,188.726624,185.718338,11.755203,24.653381,0.273512
2000,589.150757,169.216980,18.747620,37.339294,0.215020
2000,591.945740,167.715378,14.421631,30.691544,0.215020
2000,177.622314,179.181534,16.494949,36.123062,0.214154
2000,185.041138,183.132095,14.964890,32.837677,0.059397
2000,191.202148,180.562027,10.185822,22.306458,0.054961
2000,186.000458,178.532135,12.605026,28.047546,0.054961
2000,184.776886,175.996506,16.678055,37.709396,0.054961
2000,589.102356,189.443954,18.629761,42.074677,0.043830
2000,188.721909,192.328949,11.430603,24.828094,0.038362
2000,183.680099,183.491013,18.324249,40.185364,0.038362
2000,192.312546,195.658386,9.735901,22.460495,0.038362
2025,148.460236,189.221359,15.383667,33.024887,0.994293
2025,151.632233,186.730164,15.514404,34.304855,0.991117
2025,148.268723,182.481064,19.534698,41.868301,0.991117
2025,149.674194,182.850189,15.571793,35.293793,0.983627
2025,148.444107,181.058197,13.708618,30.418854,0.983627
2025,143.857269,180.377655,21.806000,47.260818,0.966075
2025,618.512329,163.724655,26.244690,56.386673,0.927253
2025,610.702332,167.776138,24.286133,53.848526,0.870502
2025,618.680420,176.011734,24.964905,53.829605,0.848064
2025,628.583008,161.017365,27.134277,58.483505,0.760323
2025,629.957764,174.678772,23.989014,55.039993,0.661186
2025,151.770004,179.558960,23.785080,49.286133,0.472664
2025,635.682678,169.709076,18.388916,40.266251,0.298689
2025,155.358398,184.125946,14.726135,32.325806,0.293493
2025,613.715149,148.567368,36.880371,78.320312,0.119653
2025,158.322220,194.356049,11.855865,27.005249,0.115561
2025,159.905258,178.531845,11.991211,26.227005,0.115289
2025,155.740372,178.350891,14.715805,33.091095,0.115289
2025,154.031921,172.918320,18.774551,43.802841,0.115289
2025,609.190125,169.235840,29.263367,63.188721,0.081213
2025,613.197632,164.897888,21.263123,46.162262,0.068643
2025,613.773132,168.350067,16.804382,37.114441,0.068643
2025,613.425659,176.280792,17.895752,39.958908,0.068643
2025,620.980835,151.260696,39.828735,83.449249,0.035511
2025,635.717834,184.875977,17.433899,38.925766,0.035331
2050,101.652084,179.856598,21.529846,46.729660,0.989765
2050,99.682755,174.947144,21.176491,45.843628,0.989765
2050,130.885391,181.826477,15.830261,34.875320,0.988850
2050,131.715408,177.313248,14.945099,32.275665,0.988850
2050,126.783638,174.200516,24.381248,50.728546,0.962760
2050,105.454926,172.198257,25.198181,52.115005,0.872706
2050,664.638672,153.827362,32.168640,68.967941,0.791484
2050,107.212318,183.262848,17.352959,37.097443,0.775735
2050,140.192398,184.607620,11.495285,25.670471,0.661445
2050,142.409332,184.935318,11.280029,24.533188,0.661445
2050,136.967667,182.982330,13.509460,29.242599,0.661445
2050,142.414490,179.539749,11.101685,24.017609,0.661445
2050,137.831635,177.925354,13.656677,29.862335,0.661445
2050,137.100342,174.214233,17.302368,39.465317,0.661445
2050,100.799156,186.561279,16.429901,38.294266,0.601794
2050,668.631531,172.546539,23.858154,53.175385,0.583146
2050,671.423218,156.041168,29.615295,65.428070,0.540455
2050,676.740051,165.307190,25.712708,59.162018,0.540455
2050,668.173401,164.866989,23.738281,50.268051,0.524005
2050,658.245972,162.475327,31.184570,64.142303,0.506181
2050,109.566162,189.543610,15.175041,33.335754,0.461763
2050,100.298981,169.471344,17.277748,38.951691,0.445529
2050,108.228989,176.316345,16.984871,35.453812,0.317137
2050,110.893570,175.877625,13.943672,29.452866,0.317137
2050,675.510437,157.393417,31.873352,72.288376,0.287248
2050,137.060562,185.161880,16.038986,35.979218,0.177183
2050,665.876404,148.113373,39.966736,85.538315,0.149805
2050,433.165558,166.206497,18.274902,38.147980,0.115184
2050,431.282349,161.134323,23.478607,52.126709,0.115184
2050,137.292648,167.714264,21.470734,47.541336,0.092907
2050,138.145020,180.010254,21.452499,43.476898,0.092907
2050,432.962555,156.535065,17.982819,38.420517,0.062054
2050,434.329620,157.456223,14.418335,32.248032,0.062054
2050,674.700623,145.527313,32.522705,70.017990,0.038441
2075,114.897888,178.812271,14.272903,30.592224,0.992758
2075,112.332893,171.019867,19.423058,42.856674,0.992758
2075,113.396507,167.543640,15.721046,35.519669,0.808977
2075,115.255638,182.414001,11.304169,27.997131,0.787118
2075,1.000000,160.750793,27.761934,81.542435,0.236174
2075,2.459450,164.395111,31.691727,68.855637,0.236174
2075,114.905708,172.533966,12.853386,25.577896,0.109956
2075,116.667114,169.375320,9.518097,23.188965,0.109956
2075,1.000000,187.198090,20.948793,49.336914,0.037042
2100,88.748032,181.389297,14.924751,32.606049,0.984683
2100,85.470367,181.424744,14.955627,32.467773,0.984683
2100,85.684998,175.377869,18.966827,41.783279,0.984683
2100,85.559013,177.911118,13.694656,30.239212,0.984683
2100,92.602570,181.799545,13.540955,29.338898,0.887562
2100,94.201286,178.404404,12.525482,26.965363,0.887562
2100,87.325485,171.100067,18.259529,39.738998,0.616750
2100,86.080597,183.977417,11.691963,28.249527,0.612681
2100,91.312393,171.453964,19.316513,43.345978,0.274513
2100,384.832855,199.618774,12.571228,27.302521,0.117748
2100,384.634247,190.095795,13.598358,29.443558,0.117748
2100,381.771027,195.073410,16.615601,35.256409,0.117748
2100,381.728485,187.083710,17.024689,36.506393,0.117748
2100,277.497375,176.514938,11.443390,24.497482,0.068390
2100,274.627991,182.045822,14.840118,32.936310,0.068390
2100,274.304901,174.621506,14.406738,32.842987,0.068390
2100,276.290710,182.837875,11.612488,25.662460,0.045357
2100,95.041039,188.321106,12.054794,27.364777,0.043183
2125,52.053558,185.238907,18.101143,39.290894,0.995982
2125,51.102203,182.649475,16.521095,35.579849,0.990262
2125,49.036827,182.633255,22.628395,49.197327,0.990262
2125,58.228607,187.963776,14.778252,31.949677,0.738132
2125,61.501686,192.730927,13.224586,29.651093,0.738132
2125,59.203758,180.213318,20.300034,43.614532,0.673038
2125,56.291298,177.835754,17.552361,39.703369,0.559830
2125,381.271698,201.118301,15.426147,33.125580,0.416792
2125,380.067139,198.180939,18.585083,39.919128,0.416792
2125,378.026184,195.131561,22.461609,49.162460,0.416792
2125,383.461670,206.974075,14.125488,30.626846,0.252981
2125,50.274658,195.271606,15.361649,32.631180,0.216987
2125,384.450592,194.575500,13.971832,30.355377,0.197603
2125,380.526428,192.153763,17.910675,38.742737,0.197603
2125,274.004883,187.726974,12.067719,26.395233,0.067942
2150,386.025696,190.268860,12.912872,28.202179,0.156485
2150,382.418304,196.317200,16.181122,35.306976,0.156485
2150,382.466644,186.470016,16.631317,36.322311,0.156485
2150,2.904426,176.591049,21.944473,60.645721,0.043737
2150,7.733345,178.096161,26.825012,61.651642,0.037172
2150,1.552792,174.449600,19.745321,50.636581,0.034241
2175,385.191193,189.373596,13.479675,29.333740,0.833854
2175,384.841492,195.499451,14.219788,31.325302,0.833854
2175,382.834229,185.149002,17.323944,36.968567,0.833854
2175,382.683777,192.446426,17.418152,37.470459,0.833854
2175,384.783325,180.880447,15.358032,31.849594,0.130342
2175,387.074921,179.918457,11.530975,26.740860,0.130342
2200,335.007965,62.388069,12.444763,26.041199,0.829598
2200,331.830536,61.008114,14.365997,30.358662,0.829598
2200,334.821503,67.825630,12.731598,25.657845,0.829598
2200,330.833405,58.395569,18.327209,41.129585,0.829598
2200,223.767410,171.817642,11.546585,24.737686,0.664450
2200,333.110016,51.105019,16.617706,39.319733,0.337955
2200,216.043335,171.646500,11.081360,24.476395,0.135594
2200,333.646942,54.220711,14.006012,31.072563,0.059829
2200,335.898560,58.888809,11.796661,22.310364,0.059829
2200,337.586060,56.512074,10.239471,20.370136,0.059829
2200,224.595688,176.227234,12.094254,26.815781,0.058540
2200,226.423630,179.719299,9.525131,22.911346,0.058540
2200,221.581390,170.159332,15.096924,33.026367,0.058540
2200,225.573456,166.514847,10.872925,22.890671,0.047360
2200,221.707153,164.776367,13.429626,29.898483,0.047360
2200,296.506989,44.195610,33.215332,72.456505,0.036554
2225,325.219147,167.411011,11.669525,25.518814,0.063021
2275,369.741943,170.307770,10.158783,22.110382,0.045004
2275,369.414429,163.261597,10.385010,21.946243,0.045004
2275,366.729889,165.832916,13.125610,28.754196,0.045004
2300,239.837494,162.200333,15.679611,33.618454,0.255919
2300,242.412994,156.459213,13.995575,30.398712,0.255919
2300,239.613403,152.683823,16.694153,38.270828,0.255919
2300,242.164169,166.149689,12.122635,25.750778,0.039334
2325,355.276428,161.880417,10.471619,22.679321,0.686742
2325,356.205261,165.496094,10.442535,22.648773,0.686742
2325,353.747070,160.243835,13.215729,28.545517,0.686742
2325,352.766785,158.130692,16.138550,36.484833,0.686742
2325,241.591644,166.998047,12.262543,26.152374,0.085319
2325,241.025284,158.786423,13.799301,29.278275,0.085319
2325,239.129211,162.438400,15.420761,32.752441,0.085319
2325,238.146606,154.096527,16.468140,37.120377,0.085319
2325,353.386597,151.125687,14.661926,32.709152,0.052251
2350,354.540497,160.051056,10.583496,23.074310,0.767695
2350,355.659607,164.115021,10.268524,23.475922,0.767695
2350,352.602997,158.666031,13.757477,29.901581,0.767695
2350,351.423553,156.721008,16.901245,38.571594,0.767695
2350,353.000275,151.143280,14.600189,32.601715,0.120114
2350,351.258179,168.140579,13.517090,31.455338,0.043881
2375,356.711823,173.650299,11.526215,25.398926,0.463444
2375,355.469696,170.680145,14.268982,30.454269,0.463444
2375,353.466675,169.284134,18.023773,41.374985,0.134494
2375,354.754669,162.537506,15.456696,33.988403,0.042384
2400,358.437469,174.637192,10.812958,23.972794,0.774530
2400,357.281952,171.564285,13.455017,28.463730,0.774530
2400,358.583282,180.555725,9.406342,21.027679,0.318821
2400,355.562378,169.690430,17.358185,39.540985,0.318821
2400,367.597351,174.777740,10.760498,22.613205,0.037623
2400,364.451416,170.806839,13.275574,28.778168,0.037623
2425,358.751221,176.627808,10.942200,24.291626,0.531870
2425,356.009644,171.712402,17.792084,40.435822,0.493957
2425,357.668915,174.483307,13.767639,28.924347,0.053215
2425,356.223114,165.195847,14.880310,33.266251,0.053215
2450,359.466888,177.789246,10.360840,22.774628,0.238124
2450,358.771729,182.926559,10.066742,22.225021,0.238124
2450,359.832947,179.596756,11.862213,26.680435,0.238124
2450,357.171082,170.328186,17.066223,36.586838,0.238124
2450,272.103180,187.795471,11.535461,24.631332,0.054624
2450,367.708527,177.418945,10.448212,22.241943,0.053298
2450,367.942719,181.215912,10.881317,23.793274,0.053298
2450,364.689270,174.170685,13.201416,28.086044,0.053298
2475,367.293518,178.862549,11.216400,24.110291,0.817102
2475,368.817810,181.465683,11.030151,23.930481,0.817102
2475,363.947845,172.377151,16.609222,35.647232,0.817102
2475,361.797729,178.679504,10.032928,21.935593,0.123417
2475,361.490631,182.415649,9.845123,21.910950,0.123417
2475,361.500031,176.305603,12.754242,27.544037,0.123417
2475,360.000519,170.643707,17.268677,37.815811,0.123417
2475,364.984924,184.387955,13.085754,29.665054,0.076958
2475,364.677368,183.647476,16.976166,37.162216,0.076958
2475,258.671814,191.028473,11.239197,24.332047,0.069653
2475,365.077820,177.558273,16.244629,34.880661,0.056835
2475,366.172363,165.735672,15.070099,34.295868,0.056835
2500,368.488403,178.154480,11.537903,24.645203,0.792790
2500,369.586639,181.741226,11.318573,24.445938,0.792790
2500,366.293823,177.250870,14.124664,30.289627,0.792790
2500,364.957733,175.177017,16.996277,37.713440,0.792790
2500,229.861160,191.932602,11.813950,25.887207,0.400816
2500,229.136887,196.845688,11.072754,23.658997,0.400816
2500,226.923859,181.150787,15.589798,33.761429,0.133773
2500,255.959579,191.130066,10.714066,23.526337,0.122284
2500,253.206223,186.883698,13.346146,28.702606,0.122284
2500,257.464172,197.010849,9.998627,22.105301,0.122284
2500,366.724518,164.477158,15.733795,35.452118,0.078267
2500,366.307068,184.371948,13.614716,31.202805,0.060684
2500,253.679718,189.960495,14.334991,30.403870,0.044144
2500,252.431549,188.459808,17.413361,37.874893,0.044144
2500,224.916107,198.401276,13.314346,30.373474,0.039333
2500,224.926453,196.157547,17.334747,39.126938,0.039333
2525,370.152710,178.495422,11.203735,23.887161,0.362963
2525,371.050018,183.388916,10.743591,23.360580,0.362963
2525,368.407043,175.703857,13.420258,29.146713,0.362963
2525,367.252960,171.731308,16.889160,36.437683,0.362963
2525,241.386993,189.738815,12.299774,26.847000,0.289696
2525,242.393417,194.747604,11.537582,25.264679,0.289696
2525,240.215256,189.739319,15.040482,32.081177,0.152249
2525,238.748901,187.976532,17.993683,38.947327,0.152249
2525,215.068268,192.639938,12.702759,27.693298,0.124247
2525,214.146622,196.762726,11.910339,25.258621,0.124247
2525,214.188339,187.123734,17.168030,36.199677,0.124247
2525,242.632965,182.195923,12.045135,25.641022,0.056039
2525,239.334427,180.623016,14.918198,32.999542,0.056039
2550,371.613190,178.860825,11.349731,24.477859,0.662069
2550,369.344360,172.405060,16.488342,35.321457,0.662069
2550,201.157806,195.662918,12.495773,27.353485,0.110073
2550,198.536697,197.137543,12.615265,26.857300,0.110073
2550,199.372696,191.621857,16.666809,35.287781,0.110073
2550,369.163696,165.975021,15.294556,34.430710,0.046004
2550,368.093231,183.613998,13.480438,31.071640,0.038177
2550,367.747070,181.854477,17.558044,38.532471,0.038177
2550,227.456619,188.502243,14.332047,31.618423,0.033888
2550,227.512207,194.584625,12.606415,27.501190,0.033888
2575,374.097656,179.614700,11.042633,23.981918,0.889178
2575,372.452362,172.883926,16.239258,34.911041,0.889178
2575,222.340744,185.797485,13.711655,30.136795,0.154762
2575,221.790314,191.250443,13.599854,30.116776,0.154762
2575,224.442657,193.819412,12.509109,27.071457,0.154762
2575,218.891342,184.430862,19.404694,42.635513,0.138794
2575,221.211197,174.715317,17.996475,39.472855,0.138794
2575,184.843399,196.656052,12.413086,26.848343,0.106740
2575,370.980682,167.389481,14.891815,32.980453,0.081904
2575,225.358871,179.545105,12.539581,27.017075,0.072300
2575,369.926697,183.733398,13.168152,30.412964,0.066177
2575,369.920868,181.471924,17.298218,38.603058,0.066177
2575,183.595062,192.196548,12.484756,26.642258,0.041603
2575,184.530014,188.685196,18.311234,39.128555,0.041603
2600,373.976959,179.245941,11.248505,24.450211,0.758442
2600,372.334534,172.615585,16.563965,35.443207,0.758442
2600,211.042969,185.398605,16.092056,34.979431,0.216049
2600,211.298050,192.227676,13.948715,30.867783,0.216049
2600,176.469650,197.382401,12.980591,28.433319,0.182630
2600,177.334854,192.811127,12.869247,27.539459,0.182630
2600,173.854309,191.488068,16.088791,34.840134,0.182630
2600,209.346603,177.669556,18.287094,40.313614,0.160890
2600,169.764938,199.920227,11.507370,25.014633,0.119827
2600,212.499802,182.136810,13.207565,28.119797,0.063768
2600,211.912277,181.283783,11.184540,24.746262,0.063768
2600,175.007477,198.481567,16.563217,37.011032,0.061234
2600,370.878082,166.855576,15.192963,33.354065,0.047766
2600,369.958984,183.791306,13.541473,31.168640,0.037984
2600,369.861359,181.518936,17.701263,39.252609,0.037984
2600,207.429565,194.071365,18.630966,40.205399,0.037975
2600,208.888779,196.306976,15.033157,34.115753,0.037975
2625,374.148315,179.014862,11.216492,24.458527,0.829323
2625,373.065033,178.037643,13.752411,29.360245,0.829323
2625,372.469177,172.067368,16.645782,35.817719,0.829323
2625,371.008362,166.367004,15.346008,33.884628,0.049445
2625,370.046234,184.327515,13.338837,30.758911,0.046348
2625,370.056396,181.928192,17.460022,38.931213,0.046348
2625,383.184143,178.006989,10.584778,22.239975,0.033823
2625,383.971375,184.376251,10.268372,22.587494,0.033823
2625,379.927826,174.867188,13.154236,28.271683,0.033823
2625,378.579742,171.547897,17.738464,38.093735,0.033823
2650,373.904266,178.780548,11.379822,24.723389,0.819265
2650,372.250244,172.158005,16.726288,35.794037,0.819265
2650,369.988800,183.816803,13.520599,31.201950,0.064243
2650,370.020477,181.670044,17.675751,39.293579,0.064243
2650,371.082367,166.919998,15.255737,33.648453,0.060171
2675,373.800293,179.486465,11.472900,24.983643,0.815072
2675,372.137451,172.919159,16.920959,36.402359,0.815072
2675,194.136673,187.450699,16.007324,34.817184,0.126962
2675,194.424850,194.947739,14.158325,31.139252,0.126962
2675,192.767853,189.932434,18.276215,38.867905,0.061951
2675,191.939102,176.519150,19.236008,42.469391,0.061951
2675,370.059601,184.093140,13.357880,30.756882,0.059921
2675,369.941956,182.028290,17.322174,38.695099,0.059921
2675,191.150055,196.343796,18.628632,40.319366,0.038197
2675,157.098282,196.626877,14.161026,31.235352,0.036527
2675,156.397263,189.653824,15.272263,33.253082,0.036527
2675,370.605408,166.573334,15.553650,34.228745,0.035222
2700,374.016418,179.288254,11.316284,24.692734,0.731104
2700,372.986633,179.048798,13.973022,29.750549,0.731104
2700,372.266632,172.612640,17.002167,36.722900,0.731104
2700,191.656143,187.782639,14.858551,32.348602,0.052514
2700,189.062622,184.011581,19.883972,43.098480,0.052514
2700,194.178101,177.767578,13.575989,29.523636,0.042786
2700,191.017380,176.828354,17.223083,38.680557,0.042786
2700,370.205139,184.651764,13.551697,31.137451,0.039108
2700,370.104065,182.543320,17.544983,39.050751,0.039108
2725,374.048218,178.934525,11.289551,24.507812,0.688384
2725,372.979980,178.687759,14.000763,29.950439,0.688384
2725,372.284241,172.062042,17.022919,36.780518,0.688384
2750,374.047699,178.642670,11.452332,24.816025,0.644867
2750,373.667633,183.077560,11.101929,23.847656,0.644867
2750,373.102417,178.752625,14.054626,29.921143,0.644867
2750,372.249908,171.849167,17.203613,37.195297,0.644867
2775,373.940582,179.754303,11.531281,25.072983,0.887137
2775,372.121063,177.180878,16.649292,36.140457,0.887137
2775,370.372162,183.804733,13.338470,30.486282,0.082587
2775,370.156738,181.778900,17.128204,38.000763,0.082587
2775,370.751953,166.870773,15.260010,33.743713,0.056048
2775,383.259888,178.684158,10.595215,22.421295,0.042228
2775,383.540680,184.565353,10.511475,22.754196,0.042228
2775,380.018677,175.737061,13.155182,28.180634,0.042228
2775,378.842682,172.947083,17.513184,37.644302,0.042228
2800,373.839294,179.447113,11.189209,24.236786,0.778952
2800,372.793488,178.980377,13.717529,29.252060,0.778952
2800,372.032532,172.442154,16.778015,36.461746,0.778952
2800,369.999359,184.705597,13.303162,30.614288,0.042013
2800,369.967621,182.623367,17.331207,38.711700,0.042013
2825,374.095978,179.186417,11.308533,24.657471,0.746115
2825,373.072388,178.717712,13.879852,29.553680,0.746115
2825,372.400024,172.367218,16.865997,36.402695,0.746115
2825,173.446930,185.309219,19.938644,43.320251,0.036055
2825,370.130127,184.534531,13.472290,31.066605,0.035344
2825,370.014465,182.400467,17.595734,38.928131,0.035344
2825,383.366272,178.138214,10.675201,22.550797,0.033472
2825,383.973846,184.579666,10.452484,22.784882,0.033472
2825,380.200104,175.039139,13.319153,28.586731,0.033472
2825,378.888794,172.038345,17.772949,38.193008,0.033472
2850,373.978027,179.772476,11.343811,24.661224,0.708755
2850,372.325867,173.148636,16.916260,36.499405,0.708755
2850,370.225830,184.715775,13.423401,30.690704,0.036418
2850,370.140503,182.593124,17.375916,38.687057,0.036418
2875,374.372223,183.731033,11.145660,24.368561,0.664814
2875,374.959290,179.482941,11.769257,25.474213,0.664814
2875,372.167145,178.914871,16.834259,36.197464,0.664814
2875,383.708191,186.115097,10.548981,22.563919,0.056214
2875,383.350006,179.480972,11.027954,23.470261,0.056214
2875,379.974579,181.475418,13.336487,28.817627,0.056214
2875,380.161652,175.624573,13.518158,29.299118,0.056214
2875,370.820251,185.540100,13.189301,30.172012,0.047420
2875,370.603119,183.630859,17.019348,38.045853,0.047420
2900,374.096375,184.133530,11.149475,24.390884,0.479907
2900,374.769409,179.784607,11.804199,25.478592,0.479907
2900,371.859589,179.279587,16.810028,36.201920,0.479907
2900,129.329071,194.923798,17.300110,35.998886,0.047858
2900,128.123856,200.039673,18.188858,39.569626,0.047858
2925,127.901222,199.090393,17.296333,37.607651,0.615204
2925,127.727951,191.644638,20.199051,41.698746,0.528587
2925,129.920425,192.973969,14.625900,30.352448,0.528587
2925,374.091095,183.318115,11.475098,25.046173,0.432241
2925,374.571594,178.867249,12.094238,26.082321,0.432241
2925,372.894501,180.305527,14.205750,30.196915,0.432241
2925,371.779541,178.219452,17.349304,37.486710,0.432241
2925,173.566101,194.439774,16.422714,35.690063,0.034271
2925,175.003662,188.213699,16.168839,36.020996,0.034271
2925,176.487122,197.525864,14.136993,30.403961,0.034271
2950,373.414490,185.793289,11.374969,24.902618,0.551496
2950,373.882294,180.531906,12.005066,25.776505,0.551496
2950,371.995667,182.856857,14.127747,30.099365,0.551496
2950,370.347626,174.872208,18.155548,38.584869,0.050925
2950,370.002960,185.672195,17.068298,38.266434,0.050925
2950,130.880707,195.887665,15.575424,33.531418,0.038531
2950,127.616432,190.517410,21.127327,45.012436,0.038531
2950,128.386246,199.090485,18.741562,40.442398,0.038531
2950,382.934540,185.188782,11.614777,24.830658,0.034724
