25,472.012,191.501,16.351,27.376,0.0085540
25,233.072,187.399,23.223,42.129,0.0493870
25,211.139,191.696,19.131,30.439,0.0098040
25,623.414,94.352,81.510,245.232,0.0056930
25,472.012,191.501,16.351,27.376,0.0174030
25,233.072,187.399,23.223,42.129,0.0972550
25,227.987,186.008,37.191,59.896,0.0254070
25,336.268,176.847,36.095,61.791,0.8180840
25,210.903,93.151,79.906,252.948,0.0085000
50,203.981,181.303,22.437,42.650,0.0079720
50,177.426,183.722,21.742,44.354,0.7486650
50,163.009,179.152,37.865,61.550,0.0121470
50,334.064,178.116,26.002,42.920,0.0591960
50,203.981,181.303,22.437,42.650,0.4310210
50,191.149,174.909,37.078,62.793,0.0494190
50,322.520,172.316,33.367,64.239,0.8143470
50,456.842,184.710,19.254,31.602,0.2435960
50,453.680,178.817,17.190,31.739,0.1901640
50,200.582,181.426,17.712,27.499,0.0051200
75,132.276,181.554,24.449,48.393,0.5748660
75,174.343,183.707,22.345,42.451,0.5031630
75,237.649,188.203,23.965,33.102,0.0067160
75,132.276,181.554,24.449,48.393,0.1544470
75,174.343,183.707,22.345,42.451,0.1040120
75,319.879,173.050,32.035,60.098,0.7404370
75,453.244,187.694,18.132,29.698,0.0148000
100,144.572,181.958,25.000,42.462,0.0051480
100,454.500,183.345,17.643,31.543,0.2324730
100,614.134,151.063,18.283,37.503,0.0493790
100,684.395,124.736,20.366,50.536,0.0187770
100,617.308,139.860,16.772,30.557,0.0127760
100,578.984,154.547,17.410,42.295,0.0108820
100,681.961,104.839,25.897,87.429,0.0077650
100,8.990,159.611,15.117,42.081,0.0052090
100,231.944,186.492,24.595,31.349,0.0052470
100,135.612,181.505,29.713,45.282,0.4003250
100,321.534,175.197,33.961,61.355,0.7123660
100,85.245,174.691,41.942,63.959,0.7364920
100,454.500,183.345,17.643,31.543,0.4901510
100,141.133,186.685,37.111,48.691,0.0941870
125,472.048,176.248,22.747,36.898,0.0052090
125,476.247,183.970,22.233,42.532,0.0080650
125,431.088,188.396,16.795,31.044,0.0154990
125,620.199,165.828,18.506,36.337,0.0105670
125,230.968,187.245,24.704,33.608,0.0052820
125,472.048,176.248,22.747,36.898,0.0488290
125,334.182,175.696,38.570,60.354,0.7939720
125,476.247,183.970,22.233,42.532,0.6909450
125,51.539,174.311,23.465,40.632,0.0052120
125,49.644,169.782,35.222,72.987,0.8377790
125,102.349,175.783,34.344,58.265,0.6648610
125,108.390,175.167,23.959,38.558,0.0232470
125,98.782,173.370,24.402,40.076,0.0080850
150,495.854,176.393,24.419,54.290,0.4070140
150,430.367,190.088,16.443,32.102,0.0736960
150,50.615,186.396,23.591,45.606,0.0055000
150,546.646,186.683,21.421,46.142,0.0111540
150,457.081,172.814,17.855,35.869,0.0072130
150,235.840,185.999,23.780,32.026,0.0354320
150,493.382,172.403,29.076,69.477,0.1955510
150,154.981,178.986,19.967,27.614,0.0210960
150,44.981,169.973,39.059,71.358,0.7702140
150,353.268,173.027,37.410,63.139,0.6198550
150,50.615,186.396,23.591,45.606,0.0283330
150,13.020,168.004,40.223,81.631,0.0120050
150,2.000,2.000,322.115,566.670,0.0066710
175,380.420,189.127,27.731,51.989,0.0071030
175,625.582,99.871,69.910,171.829,0.0112990
175,524.468,186.151,24.437,55.250,0.7104840
175,518.440,196.400,17.782,39.727,0.0913310
175,465.222,196.833,16.138,32.835,0.0354240
175,675.720,129.198,34.771,93.219,0.0310340
175,652.528,128.034,45.556,109.369,0.0241620
175,436.695,203.941,14.270,30.669,0.0173730
175,608.384,149.536,39.490,114.953,0.0147730
175,685.381,144.710,23.891,57.774,0.0105700
175,6.351,223.375,18.563,44.047,0.0086000
175,207.128,202.788,17.311,26.922,0.0054650
175,372.323,189.614,35.037,60.173,0.7905780
175,625.582,99.871,69.910,171.829,0.0097600
200,415.516,177.149,23.340,52.071,0.0254880
200,400.654,184.067,32.499,51.012,0.1187260
200,571.608,172.984,26.919,52.593,0.8272220
200,551.697,183.989,18.500,35.792,0.0434010
200,470.666,191.964,16.284,34.583,0.0143810
200,500.204,189.841,17.304,31.122,0.0098670
200,233.362,182.340,26.334,44.363,0.0558560
200,398.368,184.297,23.960,45.850,0.0213870
200,203.767,183.818,21.931,33.069,0.0074610
200,404.926,168.395,38.522,68.435,0.7603550
225,424.633,164.454,26.486,48.055,0.0157640
225,581.770,159.069,17.849,38.812,0.0083240
225,166.231,166.041,20.546,31.762,0.0477470
225,210.073,165.210,26.611,42.964,0.0194390
225,224.840,168.947,35.191,56.812,0.0080890
225,613.679,157.548,24.268,48.938,0.7536310
225,501.410,168.366,18.029,37.425,0.1686390
225,499.005,180.273,17.967,35.722,0.0143280
225,229.167,167.061,25.980,41.361,0.1063150
225,210.073,165.210,26.611,42.964,0.4390400
225,421.996,157.927,38.650,61.822,0.7711450
225,645.552,152.756,38.950,70.800,0.5943610
225,627.369,136.794,80.534,107.540,0.0050400
250,648.550,161.728,33.804,56.866,0.0055820
250,175.489,175.214,27.812,48.743,0.3200340
250,191.293,174.681,27.493,50.208,0.0292530
250,623.542,159.846,26.517,60.679,0.8158930
250,499.076,187.686,18.810,37.349,0.0946200
250,506.356,170.396,17.709,38.751,0.0326190
250,465.580,188.798,17.779,31.170,0.0232210
250,494.169,173.345,37.417,64.447,0.0192010
250,525.845,168.672,41.035,67.903,0.0073060
250,191.706,176.149,22.898,36.802,0.0843680
250,185.877,174.940,37.247,56.211,0.6477160
250,171.098,176.029,35.597,52.024,0.1060420
250,404.983,164.425,42.264,74.470,0.7777710
250,420.014,177.047,25.252,50.463,0.0437700
250,174.957,175.338,22.121,36.469,0.0330470
250,397.308,97.517,77.930,188.057,0.0103570
275,157.471,173.442,28.438,55.143,0.0313840
275,417.426,179.787,24.826,49.218,0.0230660
275,652.595,159.542,26.018,66.235,0.7961040
275,503.691,189.615,18.970,41.244,0.0701100
275,465.625,192.690,17.260,33.373,0.0159090
275,495.072,173.779,40.159,67.502,0.0127280
275,505.668,172.616,17.261,36.950,0.0097400
275,616.503,162.427,23.804,53.513,0.0095760
275,394.902,176.920,42.146,56.628,0.0074550
275,675.051,142.804,35.260,84.386,0.0058750
275,148.928,172.115,36.703,61.908,0.7068640
275,407.735,170.310,38.084,66.718,0.7106590
275,127.831,169.837,40.939,69.700,0.8584360
275,160.209,176.125,22.950,37.267,0.0179710
275,129.380,173.220,23.757,41.313,0.0144990
300,424.648,177.095,23.947,53.539,0.0542270
300,84.673,167.020,42.950,75.715,0.0103590
300,106.649,179.951,26.364,53.068,0.0199120
300,686.858,172.376,17.629,62.115,0.3765110
300,24.145,173.447,17.570,35.187,0.0874470
300,690.545,160.160,19.608,63.530,0.0856450
300,96.035,180.449,26.503,50.437,0.0826380
300,17.698,182.267,18.961,40.203,0.0725750
300,513.564,194.477,18.170,40.867,0.0309120
300,690.388,157.108,28.411,96.842,0.0289060
300,528.326,193.549,20.601,43.590,0.0196630
300,522.871,183.960,38.969,67.129,0.0139070
300,469.904,193.400,16.025,35.483,0.0100940
300,501.723,173.377,39.802,76.879,0.0071950
300,12.160,159.587,37.773,88.613,0.0051580
300,416.812,170.658,36.652,69.898,0.6608740
300,47.829,157.257,48.558,91.305,0.8363490
300,98.051,172.098,41.414,72.093,0.8234110
300,33.037,134.597,71.612,151.429,0.0102550
325,425.487,174.144,24.625,54.391,0.0254450
325,2.000,156.235,28.035,102.955,0.1780970
325,539.506,190.406,22.521,50.410,0.1121990
325,535.389,149.954,39.900,81.530,0.0084690
325,514.501,100.662,58.268,178.267,0.0073790
325,467.050,188.228,18.395,38.964,0.0070120
325,450.157,152.121,52.329,68.713,0.0059960
325,542.731,167.708,19.773,41.605,0.0055930
325,362.568,66.735,16.707,21.151,0.0053450
325,414.040,165.499,38.117,76.099,0.7802870
325,2.000,156.235,28.035,102.955,0.4213550
325,396.773,108.343,88.223,162.315,0.0077710
325,2.000,131.297,51.990,170.792,0.0054960
350,60.324,173.640,21.371,35.052,0.0619710
350,70.809,180.800,27.131,39.490,0.0527230
350,427.141,176.237,24.002,52.572,0.0701750
350,565.900,142.862,42.783,91.407,0.0255930
350,553.783,119.479,70.039,138.261,0.0251750
350,502.074,152.911,41.844,68.149,0.0188670
350,60.834,184.843,24.626,34.171,0.0187590
350,571.559,156.033,21.570,43.662,0.0172280
350,537.249,156.731,18.319,38.950,0.0109880
350,461.498,183.336,19.708,43.189,0.0108460
350,510.804,161.678,19.126,38.976,0.0104490
350,533.964,136.774,14.240,30.694,0.0099560
350,622.665,48.997,73.960,273.013,0.0090640
350,448.550,173.194,34.947,60.168,0.0068870
350,576.025,184.441,20.956,47.303,0.0064600
350,515.162,118.255,74.771,143.275,0.0063140
350,586.602,107.605,77.940,159.482,0.0060320
350,530.949,142.564,40.287,86.981,0.0057610
350,423.666,165.184,39.605,79.013,0.7190910
350,427.141,176.237,24.002,52.572,0.0294430
350,389.840,108.759,107.351,164.145,0.0088870
375,197.823,193.948,17.146,29.082,0.0356150
375,455.742,177.255,24.433,53.107,0.0927560
375,59.518,182.963,28.127,42.154,0.1924080
375,444.681,165.877,39.012,74.990,0.0250840
375,71.468,176.280,28.475,49.237,0.0664540
375,611.336,176.211,41.910,70.288,0.0558200
375,575.426,83.123,100.533,197.502,0.0374140
375,62.559,172.388,21.373,39.383,0.0238630
375,567.131,176.590,42.169,66.965,0.0128320
375,499.180,192.838,20.016,41.513,0.0115970
375,17.585,162.733,16.393,40.071,0.0115800
375,491.584,175.737,35.730,61.334,0.0108750
375,123.001,172.964,20.908,36.617,0.0061540
375,158.256,173.478,18.996,34.103,0.0057780
375,168.121,187.777,17.800,34.801,0.0052090
375,616.422,185.724,24.153,49.721,0.0051160
375,533.459,174.339,42.777,67.936,0.0050930
375,345.805,187.581,18.206,24.535,0.0180310
375,349.414,179.260,19.133,22.843,0.0056250
375,455.742,177.255,24.433,53.107,0.0323760
375,444.681,165.877,39.012,74.990,0.7359120
375,436.690,172.638,31.886,59.869,0.0061580
400,196.704,176.200,18.255,33.915,0.0104650
400,189.369,177.288,38.657,63.539,0.1542350
400,485.100,160.722,39.710,83.984,0.0073150
400,499.397,176.183,22.452,54.159,0.0620010
400,199.545,184.423,21.949,43.198,0.2536040
400,56.929,182.570,24.763,42.378,0.2457130
400,679.159,154.726,30.885,132.754,0.1510810
400,619.553,43.627,84.818,274.650,0.1133650
400,170.342,189.160,20.183,39.633,0.0712190
400,659.479,43.918,58.856,279.146,0.0311770
400,688.923,197.617,19.849,79.786,0.0280930
400,161.106,176.579,37.003,71.480,0.0091210
400,574.155,149.539,47.373,77.353,0.0086310
400,164.016,176.409,16.616,28.528,0.0059460
400,354.225,191.215,18.041,25.122,0.0127920
400,485.100,160.722,39.710,83.984,0.7115580
400,499.397,176.183,22.452,54.159,0.0116760
400,481.326,105.036,71.094,224.697,0.0089130
400,606.881,42.935,108.577,219.679,0.0074740
400,460.393,127.278,106.031,129.521,0.0066080
425,504.680,186.368,19.468,45.605,0.0186520
425,205.344,189.830,19.479,42.592,0.3854340
425,194.737,179.818,35.560,63.758,0.0599990
425,520.799,169.073,37.494,75.914,0.4656780
425,161.811,193.277,21.215,45.594,0.2163270
425,534.192,183.408,23.178,56.251,0.1828730
425,159.448,182.089,32.925,65.273,0.0237650
425,504.680,186.368,19.468,45.605,0.0074100
425,520.799,169.073,37.494,75.914,0.2025860
425,42.948,184.748,29.626,50.254,0.0991520
425,616.305,55.474,81.072,184.227,0.0098580
425,502.985,149.330,44.812,85.191,0.0077900
425,577.923,173.357,16.448,32.793,0.0073020
425,583.200,2.000,94.575,279.818,0.0063490
425,504.905,109.929,93.017,163.672,0.0052160
450,508.042,179.441,23.472,53.986,0.0106760
450,197.566,176.184,15.567,35.126,0.0125410
450,179.995,177.591,39.959,66.201,0.1420300
450,528.160,180.725,24.630,62.452,0.0721690
450,193.351,186.098,19.824,45.308,0.4065690
450,157.057,188.528,21.736,47.766,0.2603350
450,152.675,179.622,39.766,70.549,0.1274760
450,133.298,188.949,21.551,49.108,0.0496600
450,121.048,188.407,42.992,60.662,0.0395420
450,567.169,164.398,40.097,80.976,0.0171270
450,581.807,168.520,19.749,39.122,0.0063840
450,608.096,169.071,33.535,81.553,0.0052390
450,508.042,179.441,23.472,53.986,0.1042310
450,515.372,168.832,41.708,78.091,0.7463140
450,51.397,171.501,20.118,36.292,0.2252020
450,505.376,154.022,42.128,78.447,0.0368200
450,48.188,181.980,21.016,43.965,0.0075200
450,517.266,129.140,67.900,172.576,0.0069910
450,486.529,144.004,56.779,142.522,0.0053880
475,110.054,151.689,39.509,74.215,0.0439260
475,120.199,167.428,22.980,40.267,0.1152620
475,512.973,167.413,19.519,47.555,0.0275590
475,169.253,166.479,15.337,31.398,0.1263940
475,529.258,167.583,18.441,46.740,0.1131320
475,521.316,159.765,29.468,80.340,0.0614350
475,569.206,153.107,43.752,70.153,0.0184090
475,13.730,159.964,17.096,34.378,0.0143510
475,581.662,163.583,19.876,40.999,0.0103570
475,92.396,165.774,22.414,38.365,0.0087470
475,83.571,151.682,38.454,71.964,0.0066820
475,345.364,176.041,16.683,27.253,0.0133300
475,505.589,149.097,42.691,89.604,0.7922380
475,478.474,97.540,81.822,193.489,0.0185010
475,110.054,151.689,39.509,74.215,0.0150770
475,120.199,167.428,22.980,40.267,0.0080420
475,512.973,167.413,19.519,47.555,0.0066670
500,506.733,158.640,45.280,88.854,0.0254860
500,121.024,171.085,38.106,78.937,0.0486720
500,168.961,176.705,12.048,26.989,0.0432420
500,534.308,184.432,21.850,52.634,0.0424630
500,90.095,195.110,24.990,44.191,0.0301640
500,128.893,187.726,22.253,47.360,0.0247860
500,132.484,174.638,17.111,35.114,0.0154440
500,91.118,219.412,19.710,32.415,0.0141450
500,159.938,187.289,15.350,39.337,0.0135570
500,613.098,168.144,39.540,94.736,0.0108910
500,620.211,165.634,16.710,36.852,0.0082540
500,618.695,191.810,18.045,40.984,0.0071540
500,35.143,174.570,35.634,70.741,0.0063610
500,92.053,169.211,22.122,44.229,0.0056980
500,515.755,167.706,43.740,83.615,0.8308230
500,502.986,146.428,46.444,93.782,0.0348640
500,22.924,2.000,699.076,494.464,0.0061720
500,516.017,140.504,62.370,143.292,0.0057830
500,428.854,175.407,17.054,28.952,0.0051310
525,332.055,190.464,17.526,25.236,0.0099980
525,534.470,179.803,23.341,54.061,0.1052360
525,169.077,167.631,11.827,26.139,0.0547130
525,126.383,165.086,14.986,33.009,0.0281220
525,559.563,167.057,42.090,77.370,0.0133090
525,570.168,188.665,23.073,49.315,0.0078220
525,570.710,148.137,41.699,85.302,0.0054000
525,514.853,163.792,43.737,85.708,0.8134690
525,502.144,156.773,45.974,74.493,0.0736480
525,506.825,174.704,26.021,55.451,0.0326960
525,54.968,164.180,20.804,36.325,0.0165390
525,513.950,134.916,68.819,143.896,0.0159300
525,9.378,131.441,33.592,100.147,0.0068710
525,2.479,154.880,18.421,45.787,0.0057620
525,48.232,148.460,28.277,71.769,0.0056500
525,534.470,179.803,23.341,54.061,0.0054820
525,176.983,2.000,545.017,511.471,0.0053740
550,331.586,194.158,15.854,23.153,0.0085440
550,508.035,169.539,19.626,39.204,0.0123770
550,518.476,171.028,34.641,79.778,0.1605240
550,503.810,178.401,21.891,50.237,0.0186320
550,570.786,193.807,25.114,58.649,0.1612310
550,93.590,185.080,20.387,48.283,0.0373010
550,652.899,114.390,42.485,132.561,0.0292450
550,581.150,141.385,38.099,103.188,0.0265440
550,576.772,211.317,21.423,48.396,0.0194470
550,528.794,170.324,17.860,38.540,0.0165840
550,92.158,168.635,17.021,36.670,0.0140470
550,609.457,126.726,42.378,119.463,0.0134690
550,629.002,82.411,62.944,202.864,0.0125350
550,593.069,88.090,77.513,203.749,0.0075150
550,618.263,133.326,16.123,31.138,0.0066380
550,583.415,161.821,19.134,50.480,0.0062470
550,81.561,171.970,33.922,81.137,0.0057720
550,336.875,193.040,22.457,27.294,0.0251420
550,508.035,169.539,19.626,39.204,0.0219050
550,503.394,154.225,46.846,95.319,0.7664220
550,483.829,129.099,78.419,162.761,0.0209450
550,503.810,178.401,21.891,50.237,0.0118710
550,522.558,154.094,35.253,78.588,0.0101390
575,330.912,191.069,17.224,22.815,0.0078950
575,518.958,159.721,33.696,88.842,0.3834340
575,496.229,168.939,18.139,39.263,0.0732120
575,532.784,171.993,22.818,65.377,0.0560520
575,534.565,166.621,17.108,42.281,0.0298770
575,620.903,131.730,33.560,110.409,0.0271470
575,500.536,176.486,19.688,49.933,0.0233980
575,648.893,123.535,43.964,112.450,0.0179770
575,635.888,99.893,48.211,172.554,0.0167200
575,624.143,153.344,18.372,41.390,0.0165700
575,579.155,163.064,17.057,38.302,0.0098230
575,15.357,194.329,16.271,44.200,0.0096760
575,602.051,96.511,54.718,188.171,0.0089430
575,47.456,192.775,18.637,43.655,0.0065200
575,657.117,154.714,20.354,36.988,0.0063500
575,663.616,71.001,52.596,222.381,0.0055660
575,504.466,154.692,44.170,95.076,0.8812820
575,496.229,168.939,18.139,39.263,0.0200220
575,484.656,118.627,74.401,174.280,0.0156010
575,680.600,119.616,29.467,124.196,0.0053740
600,329.237,187.194,18.010,26.769,0.0057360
600,688.873,211.225,15.902,59.462,0.0207810
600,516.361,149.427,42.844,103.704,0.0092290
600,499.315,164.474,20.426,41.015,0.1729360
600,571.749,167.226,16.121,41.476,0.0512230
600,680.439,140.446,29.687,146.251,0.0286460
600,565.259,178.383,19.532,50.625,0.0251050
600,538.249,170.812,21.251,63.732,0.0207810
600,616.806,160.772,16.825,39.790,0.0186300
600,689.361,186.254,18.737,68.968,0.0155650
600,501.747,170.854,22.249,56.947,0.0114180
600,660.494,134.205,14.763,29.406,0.0110340
600,475.305,172.031,28.696,61.314,0.0077330
600,643.118,26.664,46.788,315.569,0.0071820
600,538.729,163.339,17.215,46.219,0.0064090
600,657.140,153.691,17.294,39.036,0.0058740
600,467.401,157.223,37.702,55.275,0.0053950
600,516.361,149.427,42.844,103.704,0.8584470
600,506.213,154.036,38.451,78.064,0.1394530
600,512.790,77.375,62.560,228.468,0.0872220
600,499.315,164.474,20.426,41.015,0.0076690
625,332.069,195.783,14.826,23.045,0.1804120
625,340.430,198.188,16.664,24.091,0.0430910
625,534.743,178.989,21.834,55.665,0.0263010
625,502.687,176.197,22.888,57.221,0.0186490
625,571.255,171.302,41.292,78.362,0.0135120
625,601.711,179.076,34.812,82.716,0.0108640
625,473.547,174.177,32.314,63.608,0.0089280
625,605.164,191.251,21.021,51.568,0.0074920
625,581.962,188.310,21.070,53.407,0.0074050
625,332.069,195.783,14.826,23.045,0.0315670
625,340.430,198.188,16.664,24.091,0.2040990
625,512.360,155.973,49.531,106.859,0.8042560
625,495.824,99.417,92.156,187.595,0.0101430
650,329.543,196.514,14.940,25.025,0.1068230
650,516.644,163.429,42.177,100.394,0.0619610
650,473.326,182.416,33.545,60.728,0.0181790
650,500.574,184.787,19.786,55.348,0.0166590
650,570.609,192.568,19.324,53.284,0.0072000
650,531.009,184.397,20.249,58.226,0.0070720
650,653.567,215.271,19.179,56.234,0.0070460
650,329.543,196.514,14.940,25.025,0.1425820
650,342.048,196.000,16.696,26.213,0.0248600
650,501.689,148.033,49.116,124.922,0.8040960
650,520.104,147.434,44.924,93.316,0.0067200
650,491.848,163.219,99.773,104.331,0.0051540
675,320.099,177.981,16.307,24.641,0.0145930
675,175.348,169.584,18.519,28.175,0.0231000
675,492.696,141.285,52.899,100.849,0.0055520
675,606.238,184.524,39.252,69.836,0.0532510
675,502.219,163.884,22.213,42.511,0.0341620
675,320.099,177.981,16.307,24.641,0.3160030
675,175.348,169.584,18.519,28.175,0.1484210
675,492.080,149.126,48.855,100.639,0.7844930
675,475.908,121.651,87.098,158.544,0.0181070
675,349.983,175.157,15.555,23.532,0.0085130
675,193.306,2.000,528.694,456.279,0.0067300
700,311.359,188.418,15.737,26.579,0.1909380
700,465.571,171.976,17.700,31.515,0.0060640
700,659.700,204.879,37.566,92.368,0.0165620
700,121.971,168.369,16.482,28.804,0.0113910
700,475.575,161.455,31.210,85.016,0.0098400
700,579.128,151.168,20.362,44.794,0.0093410
700,539.993,153.668,22.592,45.649,0.0093380
700,311.359,188.418,15.737,26.579,0.1563030
700,477.960,142.138,56.019,123.195,0.8196270
700,104.120,63.696,617.880,312.361,0.0110120
700,453.964,4.689,98.784,299.503,0.0056140
725,316.165,182.098,18.793,30.179,0.1841480
725,575.256,144.512,23.158,50.126,0.0079560
725,577.008,131.517,19.911,41.780,0.0578230
725,470.872,154.823,45.266,98.475,0.0290360
725,621.407,2.726,82.129,355.071,0.0065600
725,521.280,145.162,43.537,85.807,0.0184130
725,2.000,122.534,15.001,51.451,0.0467340
725,531.128,153.138,23.030,52.908,0.0290260
725,467.558,177.426,21.419,47.772,0.0187690
725,618.456,132.330,17.534,41.686,0.0067420
725,529.936,180.551,26.771,55.531,0.0057840
725,501.406,176.445,18.059,49.547,0.0051290
725,314.468,179.626,18.851,29.906,0.1485700
725,362.061,177.718,15.711,27.451,0.0136660
725,468.611,139.781,62.276,125.029,0.8663980
725,79.621,90.035,642.379,263.956,0.0138900
725,654.967,151.797,20.587,43.055,0.0134790
725,621.407,2.726,82.129,355.071,0.0078200
725,521.280,145.162,43.537,85.807,0.0070620
725,476.263,257.970,18.484,38.008,0.0060230
725,44.392,135.039,23.102,32.674,0.0055800
750,322.459,190.466,16.463,26.985,0.0652580
750,501.916,181.301,20.282,47.659,0.0279340
750,121.147,171.182,15.053,24.402,0.0119890
750,533.952,164.528,33.497,85.088,0.0062260
750,131.440,192.449,13.943,24.745,0.0059200
750,692.571,86.445,20.002,50.140,0.0050890
750,322.459,190.466,16.463,26.985,0.0955760
750,477.243,144.967,54.681,131.649,0.8718420
750,476.580,71.406,66.340,240.522,0.0149830
750,140.967,28.245,581.033,380.566,0.0077810
750,610.504,165.504,35.006,93.562,0.0053820
775,331.350,188.994,14.425,24.629,0.1523660
775,206.811,190.889,16.815,27.296,0.0052340
775,341.257,189.250,16.113,28.480,0.3541630
775,580.314,157.600,20.228,45.432,0.0302410
775,522.254,159.774,34.865,109.778,0.0159490
775,536.448,180.252,19.603,51.345,0.0157420
775,503.718,177.922,18.691,49.082,0.0143410
775,535.110,162.357,19.798,44.654,0.0096040
775,117.172,172.214,14.593,24.651,0.0057350
775,341.257,189.250,16.113,28.480,0.2440290
775,500.452,145.176,49.154,129.510,0.8188870
775,650.358,162.557,37.154,92.715,0.0152540
800,348.816,188.474,16.249,26.956,0.1733640
800,166.750,171.159,14.439,29.792,0.0168930
800,175.620,191.402,12.492,25.950,0.0077860
800,118.981,164.704,16.978,34.205,0.0325600
800,123.353,190.443,16.215,32.186,0.0136690
800,559.336,163.060,35.002,95.890,0.0094390
800,543.553,179.020,18.814,48.992,0.0074310
800,348.816,188.474,16.249,26.956,0.0094480
800,530.741,142.573,53.270,136.258,0.8286310
800,38.526,51.168,56.252,107.670,0.0109540
800,494.140,2.000,102.135,434.537,0.0068910
800,319.417,50.244,402.583,333.808,0.0060670
825,344.357,186.679,16.164,24.898,0.2633430
825,196.408,178.526,43.929,47.370,0.0060340
825,556.874,151.082,37.824,112.430,0.0250610
825,134.637,165.812,16.678,33.235,0.0415640
825,542.407,178.364,18.453,49.315,0.0086490
825,568.031,176.474,24.392,56.146,0.0072730
825,344.357,186.679,16.164,24.898,0.0100350
825,525.463,132.184,64.475,148.829,0.8772270
825,556.874,151.082,37.824,112.430,0.0232340
825,429.301,175.885,14.115,27.137,0.0210320
825,171.546,36.033,550.454,364.036,0.0078690
825,167.901,65.467,84.722,162.974,0.0068340
825,530.845,64.033,86.320,249.864,0.0065370
825,541.337,259.034,17.594,34.356,0.0057630
850,347.280,186.188,16.368,26.533,0.3729360
850,212.402,183.551,21.666,37.741,0.1537950
850,532.366,126.598,55.484,135.127,0.1207250
850,7.359,151.395,17.733,49.127,0.0170170
850,541.869,158.422,20.516,50.539,0.0083640
850,6.504,138.053,37.028,77.583,0.0079090
850,51.244,159.073,19.640,39.695,0.0071090
850,571.107,152.459,21.824,50.632,0.0056240
850,8.581,130.180,15.589,45.509,0.0051120
850,347.280,186.188,16.368,26.533,0.0179870
850,527.377,122.272,65.531,162.903,0.8311650
850,519.250,73.623,109.880,228.635,0.0153220
850,189.220,75.639,532.780,282.573,0.0072430
850,431.289,176.656,14.032,26.112,0.0052970
875,214.517,177.102,21.902,40.463,0.0697770
875,350.653,178.511,16.855,28.516,0.1072360
875,545.079,157.883,21.531,49.091,0.0079720
875,542.427,143.300,48.799,88.857,0.0107270
875,120.807,135.404,19.320,36.944,0.0148400
875,129.272,158.073,16.682,33.750,0.0543410
875,92.797,132.092,20.257,41.170,0.0098130
875,90.413,265.149,19.849,40.718,0.0079220
875,202.143,156.055,33.372,60.796,0.0069450
875,583.084,155.321,19.494,46.185,0.0053390
875,350.653,178.511,16.855,28.516,0.2416960
875,543.956,109.257,69.398,182.818,0.8181780
875,445.479,173.384,15.772,31.425,0.0850930
875,542.427,143.300,48.799,88.857,0.0757690
875,126.670,82.018,595.330,272.328,0.0108970
875,120.807,135.404,19.320,36.944,0.0103870
875,357.166,61.512,364.834,249.517,0.0097750
875,523.966,2.000,114.564,332.601,0.0064330
875,441.537,179.583,18.056,36.330,0.0059550
900,346.901,192.224,15.933,26.388,0.1082950
900,204.414,188.403,19.792,39.504,0.1666050
900,159.443,173.796,14.396,30.494,0.0106880
900,91.849,159.252,20.144,45.021,0.0248640
900,125.318,166.453,15.583,36.158,0.0071780
900,610.436,164.835,20.335,39.580,0.0063090
900,550.168,123.159,81.790,159.863,0.8414150
900,2.000,42.755,720.000,352.918,0.0091500
900,523.980,2.000,127.206,309.183,0.0083910
925,346.740,186.871,18.376,29.808,0.2932180
925,197.714,182.672,21.170,42.312,0.0165840
925,223.417,185.132,15.788,32.553,0.1465180
925,182.226,177.703,38.427,59.247,0.0074280
925,80.998,160.585,21.710,45.909,0.0150260
925,118.364,165.798,16.727,34.434,0.0109770
925,176.050,183.767,19.582,40.148,0.0077840
925,89.328,186.070,19.159,40.968,0.0076920
925,175.837,172.291,17.438,33.418,0.0068130
925,346.740,186.871,18.376,29.808,0.0336810
925,197.714,182.672,21.170,42.312,0.0159830
925,182.226,177.703,38.427,59.247,0.0052300
925,536.962,114.067,105.680,169.730,0.7841310
925,611.913,161.764,20.423,40.435,0.0185840
925,260.343,100.904,461.657,232.144,0.0155950
925,466.473,172.915,17.457,31.256,0.0085600
925,472.290,111.197,227.821,142.130,0.0073760
925,504.910,172.011,18.235,30.930,0.0051230
950,342.899,193.759,16.422,27.636,0.2623940
950,216.823,189.200,18.469,33.807,0.4165330
950,681.631,176.337,20.118,53.733,0.0225250
950,677.616,162.098,28.029,84.025,0.0145460
950,153.570,189.398,27.367,50.663,0.5092960
950,653.847,151.967,42.225,78.810,0.0134500
950,535.945,177.225,20.833,45.936,0.0265050
950,82.140,167.445,21.225,45.051,0.0210990
950,50.206,185.264,21.519,48.187,0.0146540
950,87.454,188.990,20.792,41.593,0.0096300
950,659.582,164.970,22.362,46.906,0.0089670
950,541.529,158.685,38.133,99.498,0.0068060
950,132.479,194.932,19.753,35.444,0.0061710
950,196.671,185.944,42.022,47.065,0.0054980
950,342.899,193.759,16.422,27.636,0.0404670
950,216.823,189.200,18.469,33.807,0.1430260
950,153.570,189.398,27.367,50.663,0.1689220
950,543.793,115.807,85.234,182.091,0.9065860
950,576.912,104.271,70.974,170.072,0.0127680
950,659.497,177.279,20.595,45.713,0.0127230
950,248.126,121.902,473.874,201.087,0.0106170
950,617.274,164.001,21.143,41.505,0.0052940
975,213.349,188.110,17.582,31.158,0.0237620
975,345.949,187.079,16.902,29.634,0.4677530
975,120.231,177.291,35.396,64.046,0.7937340
975,114.846,169.152,32.113,51.986,0.0110070
975,53.850,161.967,19.574,41.487,0.0097390
975,199.890,182.768,31.337,43.440,0.0086610
975,593.564,125.821,44.387,161.788,0.0077180
975,579.195,181.646,15.752,44.892,0.0065370
975,213.349,188.110,17.582,31.158,0.0178390
975,554.430,100.291,88.450,209.554,0.8836980
975,232.719,141.292,489.281,151.575,0.0118640
1000,351.540,184.685,18.222,28.470,0.1545900
1000,223.150,184.653,18.458,32.177,0.2822340
1000,75.640,169.160,45.052,65.836,0.2862340
1000,679.480,96.408,24.000,105.988,0.0056020
1000,582.263,114.859,66.061,154.599,0.0339790
1000,85.361,177.758,27.891,48.166,0.0639530
1000,516.619,186.967,16.831,35.178,0.0144610
1000,218.578,182.316,34.773,44.487,0.0135620
1000,170.134,175.801,13.215,23.788,0.0077150
1000,207.254,179.567,32.111,48.288,0.0061150
1000,351.540,184.685,18.222,28.470,0.0102540
1000,75.640,169.160,45.052,65.836,0.3606720
1000,551.363,95.914,104.453,206.383,0.8083270
1000,85.361,177.758,27.891,48.166,0.0113690
1025,365.007,183.906,18.391,29.470,0.1943910
1025,228.556,180.260,19.581,36.757,0.5272960
1025,25.319,163.441,48.576,78.166,0.0086310
1025,12.320,150.758,45.233,80.477,0.0068130
1025,589.805,105.159,60.832,178.844,0.0121440
1025,225.095,174.940,35.602,50.018,0.0562090
1025,549.551,189.098,20.789,45.790,0.0422180
1025,541.951,168.485,39.403,83.702,0.0203310
1025,650.437,159.216,19.912,48.145,0.0199440
1025,511.587,191.212,14.872,30.879,0.0103990
1025,322.664,57.018,70.511,311.169,0.0088870
1025,350.963,175.627,37.891,53.512,0.0087460
1025,571.504,180.501,21.936,49.839,0.0084840
1025,653.866,144.771,34.449,88.580,0.0059840
1025,514.811,175.041,13.341,31.553,0.0053540
1025,365.007,183.906,18.391,29.470,0.0562590
1025,469.991,61.610,12.657,20.326,0.0136220
1025,25.414,159.502,47.355,71.367,0.0063760
1025,568.151,114.173,86.429,174.604,0.8409850
1050,360.059,187.226,17.917,27.839,0.2380540
1050,208.676,186.604,14.314,27.132,0.0350690
1050,200.222,180.416,14.048,25.043,0.0098240
1050,589.110,112.898,69.814,163.967,0.0125990
1050,223.086,181.825,22.981,39.686,0.7469840
1050,568.461,178.609,22.797,48.978,0.0333760
1050,538.148,188.983,21.504,39.215,0.0094320
1050,330.040,21.968,57.242,393.050,0.0055420
1050,360.059,187.226,17.917,27.839,0.0115230
1050,563.665,113.999,101.693,180.375,0.8838930
1050,250.619,132.079,471.381,172.343,0.0102570
1050,580.226,147.116,42.962,122.789,0.0091230
1075,351.864,182.339,17.310,32.943,0.1522480
1075,572.241,140.051,56.511,132.843,0.1462390
1075,646.032,152.279,22.499,53.729,0.0246770
1075,205.921,181.817,17.764,38.823,0.4448440
1075,193.795,176.445,37.623,51.920,0.0806050
1075,569.216,179.223,22.272,51.761,0.0958800
1075,615.842,181.798,21.459,45.362,0.0119240
1075,642.488,142.146,42.299,93.759,0.0103440
1075,545.939,186.556,22.345,42.578,0.0091670
1075,351.864,182.339,17.310,32.943,0.0134960
1075,572.241,140.051,56.511,132.843,0.0670440
1075,557.156,106.507,111.642,198.492,0.8616140
1075,492.169,156.942,229.831,114.506,0.0128480
1075,592.326,118.622,64.127,151.668,0.0061460
1075,620.439,83.126,62.707,210.802,0.0057060
1100,351.298,183.710,16.751,30.585,0.1578230
1100,549.000,183.144,23.032,45.968,0.0650570
1100,554.244,169.078,18.515,46.662,0.0215760
1100,566.309,134.345,65.510,154.882,0.0157700
1100,198.413,180.643,20.138,39.684,0.6323430
1100,192.449,173.751,37.299,55.134,0.0331670
1100,232.188,178.043,12.567,24.760,0.0206500
1100,567.944,178.173,20.444,51.831,0.0168100
1100,164.663,175.202,14.148,25.791,0.0102300
1100,227.410,183.758,14.661,29.297,0.0101340
1100,338.522,46.914,51.149,335.900,0.0078260
1100,494.762,26.081,11.120,19.500,0.0076480
1100,616.618,179.534,19.413,52.829,0.0070860
1100,4.155,165.442,40.357,81.208,0.0067610
1100,655.040,157.075,21.346,46.661,0.0063320
1100,351.298,183.710,16.751,30.585,0.0388690
1100,566.693,110.844,88.116,200.583,0.7785710
1100,570.081,134.016,58.282,120.686,0.0136830
1100,481.961,172.866,240.039,94.392,0.0060550
1125,355.710,184.661,16.153,27.637,0.0723060
1125,230.402,177.314,16.636,30.983,0.3048080
1125,193.943,179.750,20.834,40.966,0.5036160
1125,184.398,177.254,38.244,55.777,0.0226480
1125,574.648,146.037,55.079,133.056,0.0762280
1125,573.857,180.473,22.500,52.425,0.0528450
1125,506.952,21.791,10.600,20.638,0.0090930
1125,617.201,182.355,19.596,50.919,0.0090540
1125,380.402,184.465,12.826,28.538,0.0075830
1125,469.396,174.282,12.366,31.834,0.0070040
1125,543.797,192.038,20.679,38.538,0.0051630
1125,355.710,184.661,16.153,27.637,0.0108000
1125,230.402,177.314,16.636,30.983,0.1082930
1125,193.943,179.750,20.834,40.966,0.0236560
1125,568.416,119.873,86.631,190.546,0.8491090
1125,574.648,146.037,55.079,133.056,0.1052350
1125,414.993,171.767,307.007,98.220,0.0109160
1125,596.935,129.150,50.618,132.014,0.0052490
1150,238.667,164.265,15.587,25.521,0.2139560
1150,365.574,170.613,14.322,26.865,0.1271570
1150,378.381,167.148,13.788,25.527,0.1357290
1150,197.493,160.499,20.335,37.631,0.0878910
1150,182.287,149.704,37.669,59.425,0.0095360
1150,577.615,120.870,48.156,134.093,0.0286590
1150,571.142,148.352,25.330,59.134,0.0238300
1150,128.931,151.523,17.783,39.203,0.0070930
1150,265.337,57.037,49.852,89.633,0.0056250
1150,238.667,164.265,15.587,25.521,0.0070020
1150,365.574,170.613,14.322,26.865,0.0309550
1150,197.493,160.499,20.335,37.631,0.0085930
1150,182.287,149.704,37.669,59.425,0.0083990
1150,563.768,101.326,101.491,174.815,0.8722660
1150,409.099,147.303,312.901,123.274,0.0101120
1175,359.846,189.727,15.075,24.454,0.1835770
1175,214.754,186.230,15.584,29.703,0.2546270
1175,212.041,181.292,13.333,25.919,0.1027100
1175,241.840,186.086,16.120,30.997,0.4630420
1175,152.345,169.605,32.388,49.951,0.0133910
1175,238.279,179.606,12.893,27.645,0.0155760
1175,163.215,174.557,27.149,59.552,0.7405210
1175,163.470,177.390,17.057,35.161,0.0458990
1175,134.472,172.355,15.779,34.796,0.0303640
1175,579.156,137.367,46.475,136.318,0.0233280
1175,381.564,187.216,13.324,26.115,0.0086280
1175,652.802,157.611,20.628,46.529,0.0084530
1175,134.781,185.012,18.538,37.136,0.0079220
1175,359.310,182.972,13.009,20.725,0.0064150
1175,224.549,179.509,41.356,48.165,0.0060780
1175,575.714,174.146,23.787,58.718,0.0059610
1175,160.383,174.288,33.122,61.144,0.1097480
1175,569.070,126.758,91.430,165.691,0.9134690
1175,241.840,186.086,16.120,30.997,0.0217510
1175,152.345,169.605,32.388,49.951,0.0189740
1175,238.279,179.606,12.893,27.645,0.0088780
1175,616.916,69.930,66.364,235.521,0.0078050
1175,402.245,128.512,319.755,178.217,0.0062840
1200,351.132,178.758,16.642,26.896,0.2199630
1200,284.267,169.647,15.191,21.648,0.0137620
1200,205.370,181.814,15.391,28.745,0.0237020
1200,200.800,176.848,14.636,27.653,0.4770700
1200,120.679,167.036,26.861,52.178,0.1207290
1200,91.866,163.068,27.363,46.157,0.0368440
1200,578.567,128.668,46.849,124.044,0.0118000
1200,574.578,150.616,23.213,63.927,0.0226250
1200,156.561,168.995,15.773,34.080,0.0192500
1200,544.472,162.619,19.617,48.048,0.0099980
1200,570.989,173.406,23.031,54.393,0.0086580
1200,159.384,178.609,19.186,38.057,0.0078600
1200,351.132,178.758,16.642,26.896,0.0242650
1200,237.187,175.831,15.621,28.609,0.3186710
1200,244.572,182.603,15.191,27.969,0.0871320
1200,121.057,160.544,36.663,67.344,0.6201150
1200,567.896,107.119,89.454,188.285,0.8353830
1200,578.567,128.668,46.849,124.044,0.0185510
1200,416.353,156.335,305.647,120.709,0.0072980
1200,223.505,59.472,53.833,249.732,0.0068650
1200,556.678,2.000,113.034,339.862,0.0059190
1225,277.341,178.020,15.703,25.625,0.1663930
1225,193.434,184.165,16.968,33.860,0.4829840
1225,281.043,184.554,17.339,26.766,0.0075530
1225,346.499,187.342,17.353,30.411,0.1885450
1225,331.392,186.729,16.098,29.663,0.0263560
1225,169.708,176.914,14.839,30.266,0.0183100
1225,33.844,164.329,47.461,80.897,0.4712560
1225,594.640,133.619,41.057,151.935,0.1234560
1225,228.490,180.739,19.627,39.009,0.4298870
1225,575.574,182.648,16.555,48.784,0.0143770
1225,612.794,177.800,18.250,57.991,0.0091600
1225,16.058,163.161,39.539,85.187,0.0085690
1225,132.527,190.446,19.730,37.064,0.0070250
1225,46.611,186.573,23.687,43.837,0.0069130
1225,348.320,179.345,15.342,27.386,0.0060170
1225,219.153,174.781,41.006,54.532,0.0059490
1225,81.080,186.408,20.960,40.871,0.0054730
1225,277.341,178.020,15.703,25.625,0.0207070
1225,346.499,187.342,17.353,30.411,0.0150820
1225,28.897,166.705,42.782,57.262,0.0536170
1225,558.187,116.119,84.754,184.698,0.8299200
1225,228.490,180.739,19.627,39.009,0.3451090
1225,322.440,122.893,399.560,184.150,0.0060430
1250,340.920,186.964,16.917,31.563,0.4478990
1250,331.988,185.500,18.103,31.093,0.3797530
1250,202.396,183.663,17.376,34.890,0.0740210
1250,536.354,155.083,49.688,109.886,0.0322690
1250,220.986,181.384,19.879,41.344,0.5356750
1250,111.567,181.657,24.588,43.903,0.0566780
1250,670.891,9.533,12.949,27.189,0.0201650
1250,280.402,178.443,14.568,26.436,0.2865830
1250,283.253,185.290,15.555,27.146,0.0397930
1250,537.036,177.795,23.671,53.765,0.0283850
1250,196.375,178.510,15.556,30.368,0.0155120
1250,328.414,180.308,15.853,27.352,0.0061880
1250,215.476,174.061,33.650,58.575,0.0056600
1250,340.920,186.964,16.917,31.563,0.0250580
1250,331.988,185.500,18.103,31.093,0.0057520
1250,202.396,183.663,17.376,34.890,0.0054630
1250,538.557,128.993,79.582,170.590,0.5216000
1250,220.986,181.384,19.879,41.344,0.0264960
1250,111.567,181.657,24.588,43.903,0.0159250
1250,670.891,9.533,12.949,27.189,0.0124250
1250,405.734,132.669,316.266,150.522,0.0096730
1275,228.291,176.453,14.846,23.978,0.0112750
1275,338.534,183.221,17.141,32.838,0.2317120
1275,195.848,182.928,23.442,39.802,0.2294870
1275,102.269,177.865,23.952,46.832,0.6799480
1275,332.722,185.643,16.181,29.222,0.2964370
1275,285.565,177.210,13.739,23.133,0.1667930
1275,535.057,176.444,24.950,57.463,0.0226400
1275,287.042,186.490,14.057,26.401,0.0179490
1275,538.134,154.757,44.855,107.310,0.0164300
1275,598.317,150.501,38.748,114.933,0.0055950
1275,109.428,174.672,21.287,36.031,0.0050520
1275,338.534,183.221,17.141,32.838,0.0352040
1275,540.551,113.042,78.192,199.313,0.9472990
1275,283.443,134.632,438.557,161.854,0.0111540
1300,229.128,163.108,16.327,22.227,0.0200690
1300,338.207,177.397,17.137,28.067,0.3603720
1300,546.444,126.771,63.911,161.626,0.0405350
1300,535.409,146.149,51.159,111.662,0.1715260
1300,178.638,159.986,37.824,57.573,0.0070280
1300,188.391,170.186,21.024,38.408,0.5090930
1300,175.576,174.635,23.596,46.326,0.2822010
1300,92.341,159.706,21.793,45.226,0.0780720
1300,533.284,173.506,23.407,56.141,0.0368340
1300,328.803,178.536,14.016,23.056,0.0286110
1300,581.635,179.848,19.637,50.200,0.0128080
1300,282.874,172.496,12.739,18.191,0.0095940
1300,39.872,156.990,20.274,42.563,0.0084790
1300,541.009,154.819,23.960,69.130,0.0079420
1300,91.166,178.726,22.230,42.405,0.0057070
1300,259.684,76.242,49.640,55.452,0.0056610
1300,338.207,177.397,17.137,28.067,0.0744600
1300,535.409,146.149,51.159,111.662,0.0143450
1300,553.766,126.629,51.548,137.275,0.0323290
1300,178.638,159.986,37.824,57.573,0.0091820
1300,188.391,170.186,21.024,38.408,0.0086490
1300,534.633,89.395,83.487,235.065,0.8621630
1300,157.496,150.676,564.504,122.586,0.0116520
1300,164.164,165.690,34.765,64.911,0.0095700
1325,528.088,123.401,67.939,137.830,0.0920320
1325,200.274,175.392,18.810,31.779,0.3899460
1325,193.512,177.723,21.035,37.649,0.1240760
1325,172.500,173.922,23.803,47.797,0.6517930
1325,347.349,174.758,18.396,28.122,0.6271820
1325,308.274,169.830,15.031,24.863,0.1185610
1325,97.858,166.251,20.549,39.733,0.0906050
1325,536.885,153.960,22.519,60.661,0.0086280
1325,354.415,179.973,17.447,31.912,0.0067310
1325,96.575,180.719,19.327,35.632,0.0061600
1325,532.328,133.064,66.052,135.246,0.1898100
1325,524.071,95.900,99.047,207.307,0.8007390
1325,170.165,173.189,22.257,41.500,0.1710510
1325,162.458,168.351,36.794,58.291,0.0382070
1325,347.349,174.758,18.396,28.122,0.0165300
1325,279.906,161.069,442.094,95.585,0.0080190
1350,95.983,182.271,21.853,37.413,0.0879580
1350,553.384,137.936,63.568,161.078,0.0080700
1350,91.089,178.095,19.974,28.625,0.0686750
1350,201.337,185.753,18.669,34.359,0.4662170
1350,538.867,163.313,46.484,98.441,0.0767340
1350,136.246,179.080,27.761,58.745,0.5633780
1350,317.258,179.340,13.354,21.730,0.0058540
1350,536.002,178.213,24.277,54.549,0.1785920
1350,358.683,188.942,14.235,25.645,0.1100580
1350,147.970,185.010,19.984,36.005,0.0890010
1350,152.922,177.135,16.988,32.038,0.0686100
1350,202.825,181.092,15.071,26.306,0.0215910
1350,583.734,186.169,18.826,46.101,0.0192640
1350,139.488,179.949,16.744,29.884,0.0063250
1350,544.705,104.839,68.578,225.406,0.8397050
1350,132.299,176.788,32.004,62.960,0.6554990
1350,188.148,135.674,533.852,156.866,0.0142020
1350,317.258,179.340,13.354,21.730,0.0105980
1375,268.411,160.871,16.088,22.317,0.0439480
1375,224.900,170.282,18.200,28.639,0.0229290
1375,326.548,168.181,14.836,22.981,0.0116770
1375,561.243,112.164,68.577,165.050,0.0161980
1375,210.306,172.636,19.814,33.471,0.5172420
1375,64.552,153.065,44.382,82.903,0.1210150
1375,358.706,175.191,16.960,26.484,0.4380020
1375,365.624,182.238,15.762,28.120,0.0065920
1375,378.310,175.415,16.888,27.487,0.5753300
1375,85.893,169.592,17.242,41.817,0.0151630
1375,545.224,151.956,41.125,104.037,0.0111490
1375,164.990,165.591,18.116,30.834,0.0102250
1375,544.136,160.073,24.047,57.637,0.0091920
1375,612.556,181.126,21.797,45.539,0.0085210
1375,15.216,157.609,15.802,42.400,0.0068500
1375,602.511,157.853,24.991,52.605,0.0067130
1375,120.116,162.052,16.609,35.973,0.0054700
1375,268.411,160.871,16.088,22.317,0.0237150
1375,326.548,168.181,14.836,22.981,0.0192290
1375,548.953,97.016,86.195,212.029,0.9223210
1375,65.665,151.509,44.348,92.674,0.7908110
1375,358.706,175.191,16.960,26.484,0.0694730
1375,244.565,147.506,477.435,136.379,0.0130720
1375,56.837,120.537,70.732,142.845,0.0063280
1375,365.624,182.238,15.762,28.120,0.0050870
1400,223.547,186.608,18.973,34.451,0.1311830
1400,208.825,189.345,19.867,37.468,0.5002980
1400,367.383,187.276,16.314,27.523,0.1281800
1400,355.132,179.650,14.494,27.105,0.0194130
1400,330.521,176.592,13.854,26.072,0.0274700
1400,381.015,186.251,17.130,30.055,0.4780800
1400,614.962,183.567,18.730,48.839,0.0212100
1400,602.533,160.148,23.755,52.136,0.0191600
1400,543.220,182.828,24.102,47.463,0.0135630
1400,330.403,188.470,13.109,23.050,0.0102360
1400,553.312,120.707,81.242,186.882,0.9309140
1400,533.942,23.645,110.142,342.043,0.0655620
1400,367.383,187.276,16.314,27.523,0.4076180
1400,355.132,179.650,14.494,27.105,0.0186880
1400,330.521,176.592,13.854,26.072,0.0126800
1400,392.150,139.701,329.850,154.937,0.0094170
1425,287.523,172.384,16.623,26.230,0.0089080
1425,156.490,168.564,17.732,38.391,0.0290290
1425,565.833,138.663,66.605,143.166,0.0457650
1425,211.233,181.731,21.032,40.444,0.4924500
1425,224.878,181.176,19.486,38.813,0.5532750
1425,342.284,174.081,16.987,27.789,0.0960480
1425,387.316,178.408,17.448,28.015,0.5313490
1425,571.619,178.826,21.006,55.183,0.0284880
1425,617.928,180.440,19.218,53.560,0.0247090
1425,209.313,177.310,13.811,32.619,0.0232270
1425,127.328,167.912,18.086,44.195,0.0128450
1425,231.341,175.276,15.906,32.680,0.0124340
1425,128.197,185.582,23.226,41.482,0.0093520
1425,351.192,182.878,16.048,27.879,0.0073290
1425,160.940,181.604,20.569,39.033,0.0059750
1425,287.523,172.384,16.623,26.230,0.0371310
1425,566.517,128.301,60.507,132.496,0.0080480
1425,561.197,103.465,89.564,212.234,0.8880030
1425,342.284,174.081,16.987,27.789,0.0148450
1425,424.110,152.603,297.890,130.039,0.0100350
1450,288.405,158.947,14.359,24.225,0.0078740
1450,230.140,172.173,15.960,29.580,0.1078460
1450,211.451,177.717,20.352,41.051,0.4969290
1450,199.232,174.715,34.921,51.870,0.0052900
1450,386.801,174.796,19.183,30.095,0.3760050
1450,574.255,143.574,56.331,133.696,0.0286560
1450,352.133,170.906,14.700,24.650,0.0553770
1450,224.402,180.572,17.956,34.375,0.0544420
1450,169.671,163.343,15.323,36.719,0.0497700
1450,572.481,178.439,23.581,55.889,0.0103030
1450,288.405,158.947,14.359,24.225,0.0109900
1450,46.620,163.000,26.629,44.977,0.1716700
1450,569.796,110.166,90.923,188.291,0.9340000
1450,386.801,174.796,19.183,30.095,0.1413830
1450,574.255,143.574,56.331,133.696,0.0491920
1450,352.133,170.906,14.700,24.650,0.0136220
1450,605.630,142.008,88.498,146.415,0.0106110
1450,424.537,146.980,297.463,134.819,0.0065080
1475,231.036,167.767,16.776,28.965,0.0200940
1475,286.834,158.976,14.616,23.388,0.0093450
1475,201.391,175.970,20.188,45.917,0.4548080
1475,348.215,166.878,17.256,28.205,0.1495040
1475,385.294,170.756,19.651,31.834,0.4219420
1475,15.494,159.830,23.020,49.524,0.3599820
1475,13.854,159.778,32.927,80.146,0.0360280
1475,602.327,118.205,73.729,147.617,0.0321920
1475,430.163,172.372,15.297,25.503,0.0209260
1475,391.267,182.071,14.983,28.247,0.0110600
1475,194.823,163.676,34.221,56.017,0.0051440
1475,231.036,167.767,16.776,28.965,0.0190440
1475,286.834,158.976,14.616,23.388,0.0146810
1475,602.826,101.030,94.993,203.892,0.9233780
1475,348.215,166.878,17.256,28.205,0.0976010
1475,385.294,170.756,19.651,31.834,0.0524500
1475,518.628,148.716,203.372,130.787,0.0059050
1500,195.453,160.059,21.245,41.350,0.5119450
1500,286.801,141.153,14.401,24.981,0.0190820
1500,625.391,101.150,91.508,178.222,0.0485550
1500,377.051,154.423,18.199,32.220,0.5008670
1500,348.313,153.467,14.638,26.827,0.0730950
1500,164.344,162.115,22.742,49.357,0.7072750
1500,172.255,170.877,22.187,50.289,0.0349210
1500,232.810,153.034,17.015,30.781,0.0199930
1500,620.734,137.987,39.128,95.742,0.0146520
1500,669.713,101.048,41.230,165.822,0.0121780
1500,625.370,158.673,23.099,48.577,0.0106030
1500,192.406,175.816,19.517,40.483,0.0074550
1500,238.928,141.958,14.647,25.633,0.0057490
1500,564.100,125.099,62.526,131.202,0.0056700
1500,380.631,142.517,15.320,27.710,0.0054070
1500,624.139,62.112,97.861,274.378,0.9511090
1500,286.801,141.153,14.401,24.981,0.0454860
1500,377.051,154.423,18.199,32.220,0.0372830
1500,348.313,153.467,14.638,26.827,0.0135830
1525,288.099,156.809,13.548,20.710,0.1035980
1525,213.299,168.607,14.523,29.387,0.0263380
1525,646.468,70.467,68.075,279.030,0.7938080
1525,671.642,122.702,38.401,187.791,0.0735980
1525,239.773,157.048,15.196,23.874,0.0079460
1525,330.075,160.419,16.576,27.536,0.3261020
1525,371.846,163.385,21.348,35.717,0.4737080
1525,135.339,173.113,27.617,57.548,0.8528360
1525,158.765,173.057,22.904,52.613,0.7418800
1525,652.174,137.012,44.533,157.883,0.0954780
1525,695.444,178.693,17.936,60.758,0.0102200
1525,366.729,161.683,22.393,35.144,0.2328690
1525,658.313,93.215,56.609,244.460,0.1289870
1525,239.773,157.048,15.196,23.874,0.0281550
1525,330.075,160.419,16.576,27.536,0.2283080
1525,238.361,145.936,12.740,20.276,0.0086850
1550,650.299,71.202,71.701,234.397,0.0220180
1550,206.481,147.386,17.960,30.917,0.0253780
1550,674.534,95.540,37.481,117.863,0.0065030
1550,207.799,140.562,15.609,26.193,0.0505410
1550,686.569,119.970,24.235,59.084,0.0194760
1550,654.044,119.780,46.373,139.976,0.0330340
1550,687.618,169.591,21.590,72.907,0.0068290
1550,286.992,140.189,13.235,21.941,0.0412590
1550,234.398,139.691,15.401,22.835,0.0198390
1550,359.938,147.902,21.007,32.704,0.0272070
1550,373.651,149.342,18.115,30.044,0.0226720
1550,326.530,146.774,17.515,29.159,0.3206080
1550,119.384,155.659,25.550,55.927,0.3681690
1550,99.833,151.759,26.394,55.310,0.0395270
1550,688.161,140.209,21.551,68.936,0.0112980
1550,389.923,78.374,108.689,267.875,0.0072550
1550,653.438,145.816,27.246,66.535,0.0063710
1550,623.077,157.722,19.630,49.906,0.0057010
1550,668.588,112.256,40.647,143.601,0.0287590
1550,639.948,62.768,72.962,248.705,0.5107680
1550,674.977,142.293,39.875,191.177,0.0095160
1550,234.398,139.691,15.401,22.835,0.0318890
1550,359.938,147.902,21.007,32.704,0.4487660
1550,373.651,149.342,18.115,30.044,0.2405010
1550,326.530,146.774,17.515,29.159,0.2378710
1575,210.840,140.645,15.333,21.581,0.1479840
1575,686.412,156.223,17.237,44.005,0.0287190
1575,236.346,135.984,17.434,21.535,0.0060790
1575,290.890,133.957,14.811,23.265,0.0679510
1575,380.697,137.794,18.837,30.093,0.2934930
1575,346.609,137.863,16.735,26.757,0.0364680
1575,83.441,141.473,31.507,68.587,0.4602750
1575,109.347,141.751,24.153,53.064,0.2475530
1575,236.346,135.984,17.434,21.535,0.0137100
1575,290.890,133.957,14.811,23.265,0.0370920
1575,380.697,137.794,18.837,30.093,0.1025860
1575,346.609,137.863,16.735,26.757,0.0354920
1600,235.672,149.957,15.714,27.892,0.0075260
1600,9.838,119.320,15.921,47.765,0.0067750
1600,325.647,141.024,13.905,24.989,0.0714620
1600,419.197,154.054,16.514,29.536,0.1051930
1600,368.835,153.708,15.462,28.556,0.1364190
1600,388.594,153.553,16.698,29.714,0.1110470
1600,79.995,148.240,32.763,79.757,0.3891860
1600,50.757,141.207,42.251,82.443,0.0717210
1600,106.558,144.025,32.631,66.774,0.0224320
1600,7.613,81.886,30.245,124.951,0.0119800
1600,391.671,140.237,15.606,29.581,0.0119170
1600,573.161,164.357,18.776,35.595,0.0068200
1600,121.004,153.973,22.310,44.106,0.0062520
1600,326.152,151.939,12.632,22.441,0.0061980
1600,424.749,140.170,14.808,28.096,0.0052510
1600,235.672,149.957,15.714,27.892,0.0450390
1600,238.209,141.714,14.824,25.515,0.0073970
1600,279.584,138.558,17.681,25.561,0.0135230
1600,419.197,154.054,16.514,29.536,0.2716830
1600,368.835,153.708,15.462,28.556,0.1446930
1600,388.594,153.553,16.698,29.714,0.1012900
1625,246.188,159.584,14.088,25.241,0.0376200
1625,342.115,157.210,14.218,25.007,0.4013850
1625,395.915,162.898,17.748,32.770,0.1335420
1625,456.802,162.918,16.406,30.717,0.1708330
1625,428.781,161.346,19.368,37.112,0.6828290
1625,46.513,143.554,47.665,97.146,0.8800530
1625,12.855,141.041,41.346,101.709,0.8014680
1625,611.929,164.776,16.245,38.984,0.0414580
1625,14.639,156.311,21.843,61.711,0.0142690
1625,642.070,145.709,40.980,81.973,0.0082540
1625,39.434,125.322,40.566,149.070,0.0061140
1625,395.915,162.898,17.748,32.770,0.0622560
1625,456.802,162.918,16.406,30.717,0.0523890
1625,428.781,161.346,19.368,37.112,0.0375360
1650,239.512,162.986,17.151,29.147,0.0550440
1650,347.492,158.464,14.742,23.431,0.0880970
1650,427.422,160.851,20.294,34.668,0.1870330
1650,395.441,163.539,16.159,28.899,0.5265160
1650,473.640,162.625,16.448,30.128,0.3801190
1650,159.090,157.282,17.969,33.817,0.0204290
1650,142.453,154.840,17.732,39.081,0.0099310
1650,357.357,310.458,17.147,28.630,0.0056470
1650,239.512,162.986,17.151,29.147,0.0179610
1650,347.492,158.464,14.742,23.431,0.0090440
1650,283.624,158.794,16.290,27.198,0.0110700
1650,427.422,160.851,20.294,34.668,0.2429240
1650,306.585,157.205,17.594,26.856,0.0360000
1675,210.753,162.895,19.681,30.290,0.0069130
1675,281.062,159.631,18.576,26.403,0.0150330
1675,307.906,158.807,16.417,26.006,0.0217000
1675,342.783,158.806,14.815,25.211,0.1576820
1675,411.090,159.927,21.221,37.889,0.7651980
1675,389.126,161.445,18.452,35.880,0.3356060
1675,469.778,160.494,17.823,31.465,0.4401330
1675,604.870,129.139,17.309,42.804,0.1281970
1675,137.346,150.737,19.404,39.191,0.1151980
1675,608.721,149.856,17.929,44.663,0.0132680
1675,645.453,150.289,18.440,43.268,0.0089460
1675,647.169,129.830,18.132,39.425,0.0084260
1675,210.753,162.895,19.681,30.290,0.0251600
1675,307.906,158.807,16.417,26.006,0.0053510
1675,411.090,159.927,21.221,37.889,0.0269970
1675,389.126,161.445,18.452,35.880,0.0190390
1700,300.414,153.165,18.765,23.797,0.0559680
1700,168.275,148.457,22.425,29.952,0.0172110
1700,446.328,148.293,18.257,33.949,0.4581770
1700,271.405,153.963,16.714,22.785,0.0067120
1700,97.359,134.527,20.430,36.143,0.4641890
1700,353.457,155.669,20.182,32.874,0.4144550
1700,374.246,151.709,24.383,38.831,0.2274730
1700,662.028,148.125,19.833,42.203,0.0771800
1700,607.015,124.177,19.971,42.957,0.0314720
1700,658.903,131.693,19.516,41.299,0.0057940
1700,353.457,155.669,20.182,32.874,0.1050370
1700,374.246,151.709,24.383,38.831,0.5750050
1725,95.947,143.975,22.198,39.630,0.2315370
1725,318.521,161.732,15.076,24.325,0.1675390
1725,476.536,156.267,17.243,35.284,0.2634130
1725,173.244,155.009,23.566,43.034,0.3264300
1725,389.251,160.298,19.867,35.441,0.3491470
1725,273.766,164.857,15.606,25.001,0.0084920
1725,39.739,149.654,19.689,43.672,0.0407860
1725,361.653,159.088,19.490,34.299,0.1078580
1725,389.251,160.298,19.867,35.441,0.2666230
1725,361.653,159.088,19.490,34.299,0.4518990
1750,198.114,161.529,18.765,31.078,0.1428200
1750,103.235,154.537,22.492,37.330,0.4627600
1750,410.783,161.141,22.526,38.892,0.7542340
1750,338.093,163.477,15.847,28.099,0.5312770
1750,507.899,154.377,20.066,37.854,0.6616240
1750,311.993,168.009,16.390,24.438,0.0054400
1750,384.546,163.676,22.871,40.122,0.4583070
1750,168.137,151.362,25.861,50.201,0.6298950
1750,112.706,153.344,18.724,36.476,0.0175720
1750,15.502,151.846,20.366,50.447,0.0078400
1750,410.783,161.141,22.526,38.892,0.0720720
1750,163.176,149.289,31.330,60.822,0.0092580
1750,384.546,163.676,22.871,40.122,0.0366950
1775,202.796,172.065,20.731,30.317,0.1864980
1775,343.504,175.850,18.048,25.862,0.1482100
1775,100.684,158.728,23.072,41.008,0.5821050
1775,310.580,177.788,15.687,22.883,0.0058180
1775,387.875,167.557,24.567,40.953,0.0517500
1775,417.214,165.211,24.408,43.758,0.2595650
1775,127.802,163.112,32.181,51.620,0.5023710
1775,538.533,160.257,24.320,46.364,0.7469430
1775,422.419,177.199,24.397,37.543,0.0082490
1775,87.183,153.149,42.935,52.858,0.0060220
1775,387.875,167.557,24.567,40.953,0.1227760
1775,125.339,160.351,41.757,59.321,0.7548030
1775,417.214,165.211,24.408,43.758,0.3873130
1800,240.096,176.204,17.255,25.447,0.0854250
1800,271.094,178.477,17.249,22.477,0.0423630
1800,353.390,176.813,16.770,24.831,0.2263420
1800,316.359,179.040,17.400,22.208,0.0093290
1800,65.532,153.514,46.573,75.319,0.7300180
1800,393.505,166.285,24.814,40.350,0.0879430
1800,414.398,164.886,27.615,44.012,0.0063270
1800,575.070,158.592,23.569,48.563,0.7483420
1800,201.609,172.050,18.407,33.233,0.2316960
1800,79.687,162.754,25.875,41.579,0.1763130
1800,59.804,74.537,69.786,223.674,0.0763490
1800,179.369,168.190,15.722,33.158,0.0525560
1800,30.418,96.195,77.685,158.569,0.0222700
1800,119.316,161.307,19.418,34.861,0.0133710
1800,604.947,153.466,24.891,43.559,0.0125880
1800,655.095,140.269,38.758,71.838,0.0094330
1800,656.429,154.019,22.593,47.426,0.0065890
1800,14.064,2.000,110.067,301.243,0.0058550
1800,578.270,165.774,27.938,60.595,0.0055630
1800,353.390,176.813,16.770,24.831,0.0057960
1800,65.532,153.514,46.573,75.319,0.0118210
1800,393.505,166.285,24.814,40.350,0.3098430
1800,387.615,158.557,45.037,55.681,0.0129560
1800,414.398,164.886,27.615,44.012,0.7239540
1800,54.206,157.905,22.174,41.225,0.0051970
1825,231.277,160.132,19.950,29.901,0.0101150
1825,354.032,162.427,17.842,27.038,0.0435050
1825,390.148,158.547,22.166,32.929,0.0509230
1825,423.846,148.317,28.040,44.102,0.1059760
1825,622.340,135.385,26.832,52.091,0.7636690
1825,179.827,149.965,21.602,41.299,0.1610090
1825,77.783,144.124,18.521,40.618,0.1008740
1825,608.801,132.394,30.507,47.779,0.0067680
1825,315.460,165.911,17.605,25.238,0.0055440
1825,231.277,160.132,19.950,29.901,0.0062980
1825,390.148,158.547,22.166,32.929,0.0159710
1825,200.142,152.769,20.333,34.464,0.0102840
1825,423.846,148.317,28.040,44.102,0.0199620
1850,279.854,176.061,21.680,28.123,0.0083020
1850,230.278,171.784,19.431,30.513,0.0710990
1850,380.080,173.581,18.129,32.742,0.0224690
1850,352.982,178.453,15.571,25.962,0.0059580
1850,383.917,181.224,17.494,31.434,0.0067470
1850,61.821,157.756,21.177,38.714,0.1931360
1850,674.552,144.724,26.042,60.990,0.7789340
1850,450.166,162.858,25.343,55.721,0.6023450
1850,74.853,163.334,20.470,37.869,0.1120230
1850,177.907,164.786,19.525,42.770,0.0664390
1850,214.884,166.998,18.622,37.337,0.0195320
1850,676.084,143.129,40.924,107.170,0.0097070
1850,380.080,173.581,18.129,32.742,0.0628710
1850,61.821,157.756,21.177,38.714,0.0086900
1850,415.094,166.445,27.586,47.208,0.3726530
1850,31.702,50.879,61.797,118.396,0.0116730
1850,18.073,2.000,70.287,243.413,0.0081320
1875,380.751,176.480,16.206,27.761,0.0189080
1875,347.323,179.590,17.685,25.161,0.0095580
1875,275.132,177.446,22.122,26.854,0.0115400
1875,313.919,180.543,16.380,23.637,0.0375850
1875,233.343,176.000,21.228,27.218,0.0772410
1875,212.512,172.669,17.579,29.986,0.0067060
1875,53.624,155.786,21.949,47.141,0.0783440
1875,455.408,164.053,26.948,48.825,0.0787210
1875,422.385,167.171,25.320,42.096,0.0120560
1875,174.869,169.627,18.235,36.705,0.1012580
1875,493.113,165.486,17.357,32.994,0.0150580
1875,380.751,176.480,16.206,27.761,0.0215520
1875,422.385,167.171,25.320,42.096,0.2833970
1900,383.282,189.696,17.488,27.146,0.0194890
1900,273.793,196.123,23.003,26.227,0.0200360
1900,238.244,190.875,23.724,30.186,0.0139860
1900,351.223,190.499,18.271,26.562,0.0233220
1900,166.162,188.065,16.991,33.331,0.2078870
1900,464.782,178.118,26.215,51.241,0.3182470
1900,35.098,166.619,23.775,43.427,0.0654530
1900,9.878,135.953,35.567,81.748,0.0130680
1900,4.249,92.142,43.373,105.436,0.0124020
1900,172.166,176.900,16.932,34.355,0.0067360
1900,2.165,118.016,19.440,55.831,0.0052020
1900,423.371,168.936,36.122,47.993,0.0175050
1900,425.462,180.750,21.282,37.745,0.2817850
1925,383.133,196.674,15.976,28.095,0.0128920
1925,280.649,202.778,22.802,26.614,0.0069810
1925,350.832,197.600,17.903,27.590,0.0303400
1925,159.262,185.865,18.779,36.493,0.0209070
1925,14.646,183.557,18.419,44.811,0.3445810
1925,14.516,169.501,29.438,78.523,0.0301040
1925,464.418,183.711,24.232,49.358,0.1793490
1925,46.511,187.908,19.483,35.683,0.0132430
1925,85.782,189.801,19.742,32.717,0.0090250
1925,136.712,186.426,17.804,36.268,0.0070370
1925,383.133,196.674,15.976,28.095,0.0072730
1925,464.418,183.711,24.232,49.358,0.0205240
1925,427.887,186.460,23.252,41.082,0.2439470
1925,430.210,175.697,18.182,37.494,0.0112590
1950,385.119,200.814,17.597,27.117,0.0417060
1950,318.633,208.781,17.025,24.262,0.0162780
1950,352.944,203.150,17.381,26.665,0.0411950
1950,214.684,199.901,17.942,29.834,0.1266200
1950,269.353,207.726,26.437,29.033,0.0054110
1950,231.482,202.644,26.550,30.747,0.0471230
1950,486.063,184.777,28.621,61.666,0.7165740
1950,451.364,190.603,20.245,41.249,0.0071970
1950,133.063,193.619,23.271,42.215,0.5178990
1950,12.252,184.792,16.404,42.845,0.0236550
1950,93.085,196.258,22.138,36.140,0.0082420
1950,616.069,191.418,20.282,44.912,0.0069640
1950,10.430,164.169,16.668,45.912,0.0067150
1950,659.753,187.716,20.765,50.510,0.0062150
1950,5.650,137.200,31.968,84.623,0.0053060
1950,425.542,191.762,22.002,37.214,0.4961220
1950,454.406,184.471,35.714,56.322,0.0082580
1950,418.898,197.718,38.987,36.902,0.0065070
1950,451.364,190.603,20.245,41.249,0.5766200
1950,428.865,178.656,17.835,32.000,0.0089430
1975,316.444,210.763,20.152,23.131,0.0084190
1975,236.687,208.858,23.830,27.856,0.0225990
1975,204.323,206.313,20.303,29.883,0.1342940
1975,274.163,210.504,20.764,26.403,0.0193130
1975,385.752,201.576,20.239,29.534,0.0858560
1975,352.738,207.125,17.117,25.937,0.0692640
1975,111.355,199.246,25.295,43.911,0.5413830
1975,495.076,186.252,32.806,66.960,0.7768410
1975,448.697,197.388,21.160,41.627,0.0072080
1975,534.088,193.834,16.492,33.531,0.0141670
1975,47.822,198.587,21.283,34.958,0.0115250
1975,12.542,195.346,16.713,38.970,0.0066850
1975,236.687,208.858,23.830,27.856,0.0142480
1975,204.323,206.313,20.303,29.883,0.0656080
1975,385.752,201.576,20.239,29.534,0.0061170
1975,419.197,191.876,25.345,47.956,0.6880400
1975,448.697,197.388,21.160,41.627,0.6742040
2000,280.040,204.757,19.734,24.979,0.0055300
2000,352.542,197.028,17.149,27.683,0.0622380
2000,239.649,197.065,22.158,31.710,0.0116580
2000,386.414,190.549,23.254,35.577,0.0214240
2000,197.999,197.144,19.114,32.455,0.3406210
2000,89.230,191.806,31.167,45.202,0.4626000
2000,508.740,171.363,31.083,76.562,0.7304850
2000,447.202,180.050,26.058,52.888,0.0057140
2000,625.443,162.078,18.322,48.224,0.0170290
2000,692.753,151.166,14.799,47.833,0.0094990
2000,624.491,181.827,19.226,49.661,0.0089990
2000,525.013,165.221,37.898,86.949,0.0068950
2000,576.370,184.988,20.107,47.924,0.0057500
2000,447.202,180.050,26.058,52.888,0.6860770
2000,418.951,178.144,27.074,54.405,0.7148370
2000,422.429,177.300,15.952,36.019,0.0051180
2025,351.920,208.921,17.932,29.539,0.1053490
2025,240.155,209.102,25.269,35.343,0.0469680
2025,199.834,209.889,18.565,33.238,0.2735980
2025,385.671,201.559,22.543,36.176,0.0314450
2025,155.413,201.958,16.587,34.427,0.0055640
2025,511.252,183.616,35.088,81.895,0.7033270
2025,72.725,199.513,27.334,51.495,0.0777280
2025,430.066,191.341,22.575,50.005,0.0294950
2025,449.941,194.542,22.453,42.098,0.0053420
2025,526.404,185.880,25.557,61.606,0.0819070
2025,510.018,190.229,22.514,56.939,0.0477380
2025,138.329,192.490,18.381,40.509,0.0323850
2025,59.470,201.533,24.271,49.575,0.0128150
2025,665.483,180.560,19.093,55.994,0.0070360
2025,7.095,195.484,16.276,41.469,0.0057050
2025,351.920,208.921,17.932,29.539,0.0127770
2025,199.834,209.889,18.565,33.238,0.0154320
2025,430.066,191.341,22.575,50.005,0.3501650
2025,449.941,194.542,22.453,42.098,0.1822630
2050,276.429,210.306,22.822,29.037,0.0161750
2050,352.720,207.581,19.072,28.099,0.0714130
2050,235.589,208.548,25.788,34.177,0.0190620
2050,207.294,208.222,20.279,33.822,0.2788600
2050,390.585,201.980,21.824,34.543,0.0793150
2050,46.803,209.895,34.599,50.635,0.0467480
2050,450.353,184.781,28.268,54.861,0.0212320
2050,431.354,191.210,22.661,47.153,0.0571750
2050,545.736,181.062,38.209,85.664,0.7999660
2050,544.070,188.062,24.201,60.706,0.1435870
2050,556.125,171.006,42.326,86.624,0.0499330
2050,664.693,183.409,20.404,50.635,0.0375360
2050,535.204,122.086,58.438,197.539,0.0099830
2050,568.426,189.450,21.661,53.823,0.0094340
2050,653.651,171.811,37.292,83.264,0.0079390
2050,134.369,193.179,18.199,36.012,0.0064450
2050,352.720,207.581,19.072,28.099,0.0354450
2050,235.589,208.548,25.788,34.177,0.0102480
2050,390.585,201.980,21.824,34.543,0.0376510
2050,424.203,188.559,41.964,59.331,0.1027210
2050,450.353,184.781,28.268,54.861,0.6574610
2050,431.354,191.210,22.661,47.153,0.2553670
2075,344.532,200.486,19.451,31.885,0.0413420
2075,233.076,199.563,23.949,35.992,0.1358020
2075,386.790,194.407,20.522,34.135,0.1491140
2075,312.653,202.570,24.802,31.040,0.0119330
2075,424.540,192.324,22.162,39.030,0.1345810
2075,207.860,196.766,20.416,36.934,0.0558800
2075,11.956,189.992,45.611,62.099,0.2893530
2075,465.905,181.622,23.248,49.476,0.0983230
2075,17.772,209.599,27.799,52.759,0.1143050
2075,591.910,163.742,42.941,102.540,0.7158320
2075,151.492,191.453,17.792,34.153,0.0113260
2075,34.090,209.653,27.445,50.967,0.0112990
2075,640.047,156.325,41.313,96.872,0.0106380
2075,585.318,177.804,23.015,60.474,0.0101250
2075,612.850,184.515,20.358,54.701,0.0062240
2075,137.372,185.435,19.592,40.148,0.0053470
2075,312.653,202.570,24.802,31.040,0.0557010
2075,424.540,192.324,22.162,39.030,0.0137010
2075,207.860,196.766,20.416,36.934,0.0384010
2075,465.905,181.622,23.248,49.476,0.3159400
