25,10.057,133.264,31.080,100.234,0.0199220
25,13.979,182.474,18.306,51.023,0.0153220
25,12.700,159.319,17.225,59.404,0.0102680
25,308.494,60.914,13.072,18.878,0.0098450
25,209.442,184.322,24.132,42.386,0.7045640
25,618.738,196.719,15.858,28.626,0.0079420
25,171.932,182.936,21.531,40.812,0.0056280
25,200.546,177.599,26.061,52.693,0.0053530
50,197.493,176.991,21.982,41.769,0.5668170
50,240.346,179.807,21.300,41.762,0.0146040
50,270.236,180.348,21.266,40.248,0.0066860
50,688.841,153.899,17.679,41.406,0.0055120
50,197.211,175.169,21.996,39.691,0.5863500
50,134.849,174.651,21.237,32.500,0.0155560
50,627.284,189.772,16.399,30.431,0.0069580
75,183.584,183.841,22.982,45.626,0.6525180
75,6.634,159.700,17.061,56.554,0.0195650
75,6.407,139.972,25.778,91.646,0.0089870
75,235.308,183.910,22.872,42.822,0.0061180
75,183.584,183.841,22.982,45.626,0.1321600
75,641.867,140.660,37.219,91.659,0.0530530
75,625.814,189.919,18.554,34.416,0.0078170
100,648.011,189.192,19.018,35.857,0.0575080
100,646.456,148.398,35.681,73.816,0.0093900
125,271.536,160.754,27.133,53.610,0.0820660
125,656.727,187.494,21.999,42.086,0.0518220
125,646.226,142.742,31.880,86.052,0.0122500
150,260.238,170.401,29.780,73.587,0.0241130
150,14.644,182.673,20.642,50.538,0.0491090
150,654.996,167.534,30.969,80.398,0.0143000
150,656.160,191.790,21.447,41.696,0.0053190
175,226.234,173.812,33.070,76.370,0.0276870
175,317.613,186.821,19.751,45.832,0.0416570
175,161.641,174.586,32.887,81.722,0.0075760
175,121.744,194.552,22.302,44.688,0.0057330
200,191.598,178.117,27.931,55.691,0.0787850
200,230.659,167.457,20.659,37.099,0.0182080
200,111.577,170.709,42.169,73.981,0.0098340
200,224.575,159.937,35.467,87.070,0.0068400
200,113.978,179.987,26.447,53.381,0.0061910
200,110.855,162.828,29.611,51.473,0.0050050
200,653.994,182.633,19.938,39.347,0.0635430
225,119.549,167.116,43.200,79.433,0.2112260
225,146.122,166.913,34.183,73.811,0.0086490
225,104.251,131.268,69.118,165.853,0.0057040
225,309.801,61.524,15.776,19.405,0.0226220
225,113.666,159.083,51.324,70.869,0.0061700
250,12.126,166.504,35.232,90.808,0.0305490
250,39.345,179.079,37.381,78.059,0.0457290
250,55.232,195.925,21.174,47.051,0.0915590
250,266.680,187.322,22.012,49.513,0.0217810
250,239.751,188.949,19.976,48.088,0.0214960
250,8.627,97.168,41.435,248.840,0.0096940
250,16.044,188.953,19.487,53.973,0.0091260
250,200.516,190.683,19.677,45.143,0.0074470
250,79.240,188.991,26.123,55.829,0.0062470
250,644.792,191.940,21.579,39.278,0.0463890
275,166.395,183.946,16.938,41.317,0.0051220
275,122.368,171.980,33.514,86.715,0.0264420
275,131.475,184.043,20.505,49.506,0.0176370
275,629.054,186.357,21.331,29.892,0.0260700
275,647.716,183.292,25.396,38.540,0.0168790
300,54.391,184.535,21.490,49.285,0.0110100
300,18.452,179.772,17.857,59.850,0.0061220
300,620.976,191.700,17.951,26.564,0.0060310
300,652.762,190.433,21.194,35.546,0.0052410
325,56.959,183.435,21.345,45.629,0.1347400
325,132.051,155.527,25.618,55.906,0.0086150
325,623.502,193.179,16.555,23.872,0.0143330
325,459.567,94.887,9.258,16.013,0.0098960
325,56.959,183.435,21.345,45.629,0.0089720
325,443.089,99.480,11.290,17.770,0.0074260
350,613.472,189.250,15.787,22.339,0.0251320
350,685.999,186.286,18.625,32.948,0.0061070
350,660.466,186.685,19.134,26.141,0.0057900
375,610.052,198.559,14.034,22.405,0.0339530
375,688.030,193.155,17.392,34.283,0.0252940
375,665.078,195.356,16.241,24.993,0.0084290
400,591.198,192.687,15.059,26.300,0.0267330
400,668.242,189.862,16.639,27.683,0.0059550
400,189.433,2.000,131.652,221.969,0.0053430
400,591.198,192.687,15.059,26.300,0.2215040
400,682.217,188.630,17.311,32.024,0.5784310
400,683.462,174.947,18.974,35.642,0.0205380
400,677.432,173.605,31.080,67.593,0.0068120
400,668.242,189.862,16.639,27.683,0.0059460
425,665.900,190.293,18.250,31.600,0.7065650
425,554.811,188.025,14.930,25.887,0.0113490
425,143.349,2.000,133.333,204.109,0.0082050
450,652.044,191.773,20.593,33.996,0.1148780
450,571.351,2.000,40.652,67.969,0.0058430
450,652.044,191.773,20.593,33.996,0.6197210
450,536.925,194.154,15.699,25.370,0.0280930
450,641.936,179.674,40.317,62.322,0.0050620
475,640.176,194.094,20.976,34.498,0.0291510
475,640.176,194.094,20.976,34.498,0.7227730
475,508.091,194.140,14.915,27.064,0.0533500
500,492.518,193.071,14.469,29.062,0.2645990
500,480.677,192.632,14.569,28.323,0.0345820
500,196.815,2.000,108.780,203.747,0.0132560
500,538.101,194.834,14.170,25.400,0.0093550
500,170.697,2.000,89.744,245.424,0.0077190
500,640.466,192.495,18.858,38.133,0.6452810
500,492.518,193.071,14.469,29.062,0.0109260
500,637.254,175.844,32.002,69.810,0.0082490
500,619.773,32.040,75.652,227.702,0.0066160
500,234.417,25.011,15.862,22.760,0.0060080
500,631.911,189.939,17.225,31.612,0.0057420
525,632.320,187.161,22.941,45.279,0.0566090
525,632.320,187.161,22.941,45.279,0.7573400
525,640.628,187.705,20.270,39.576,0.0179080
550,633.477,187.609,22.246,45.388,0.7042120
550,442.006,188.446,16.576,28.973,0.0867670
550,637.382,179.337,28.853,59.340,0.0107330
550,633.477,187.609,22.246,45.388,0.0073870
575,644.437,192.115,23.744,44.820,0.7637460
575,432.585,191.057,16.178,28.614,0.0295460
600,643.987,190.974,24.570,49.942,0.7873840
600,400.749,191.715,15.934,29.614,0.0063200
625,634.045,189.648,20.224,43.281,0.0082030
625,644.288,185.038,31.583,69.107,0.7504770
625,634.045,189.648,20.224,43.281,0.6731280
625,645.768,188.261,27.350,58.078,0.0477400
650,665.349,181.733,31.230,75.832,0.8418260
650,625.237,192.196,20.750,37.415,0.7553340
675,687.843,193.078,15.896,53.902,0.0308210
675,305.258,184.987,21.253,39.383,0.0186500
675,688.080,162.836,19.486,96.339,0.0061980
675,379.948,189.700,17.917,32.123,0.0054270
675,611.543,191.580,20.598,37.318,0.0067580
700,343.731,185.134,21.397,32.959,0.0349480
700,438.822,189.489,19.326,29.525,0.0246210
725,609.033,177.457,16.463,44.557,0.0769070
725,466.166,94.294,12.593,26.584,0.0255720
725,509.271,97.280,13.515,22.940,0.0174120
725,186.858,144.617,38.865,73.681,0.0163590
725,611.117,167.275,17.076,40.653,0.0102170
725,580.084,2.000,101.266,305.901,0.0090140
750,286.046,170.617,20.408,35.880,0.0239830
775,228.010,172.612,21.140,40.366,0.1232700
775,161.172,169.443,19.457,43.185,0.0056060
775,341.942,189.006,22.522,35.821,0.0080390
800,453.678,178.831,21.956,53.994,0.2519240
800,441.872,182.338,20.173,54.617,0.4698420
800,453.678,178.831,21.956,53.994,0.1372580
825,478.816,187.925,19.385,39.921,0.5841200
825,572.824,190.597,21.280,53.553,0.1234730
825,54.360,169.802,19.926,40.375,0.0152260
825,478.816,187.925,19.385,39.921,0.1401560
825,572.824,190.597,21.280,53.553,0.0506210
825,399.401,192.189,17.519,31.883,0.3969160
850,341.947,195.668,15.335,26.433,0.2948810
850,431.325,188.793,21.267,38.945,0.0524830
850,166.521,177.709,25.711,51.893,0.0345200
850,190.134,188.290,21.169,45.701,0.0232900
850,341.947,195.668,15.335,26.433,0.3187360
850,180.564,176.038,31.889,62.659,0.0207710
850,165.389,173.365,35.420,61.043,0.6828060
850,431.325,188.793,21.267,38.945,0.6691440
850,421.357,183.869,33.505,61.269,0.0066110
875,457.161,159.484,43.311,82.933,0.6839900
875,19.875,153.409,22.546,62.233,0.0078600
875,421.488,170.977,30.279,59.420,0.0065720
875,328.139,177.171,17.136,30.414,0.7402250
875,42.955,163.855,22.552,46.920,0.0298770
875,465.703,174.380,21.674,53.371,0.0111780
875,456.727,117.519,55.538,201.758,0.0058000
875,9.181,141.606,53.550,91.904,0.7375350
875,19.875,153.409,22.546,62.233,0.0132380
875,419.957,177.207,22.661,44.552,0.7698090
875,30.013,144.058,44.093,104.631,0.1925750
875,329.042,179.534,16.323,34.783,0.0512670
875,42.955,163.855,22.552,46.920,0.0132010
875,424.509,167.947,29.922,52.870,0.0071450
900,461.563,185.368,20.093,38.669,0.0826340
900,444.410,183.697,41.579,69.366,0.0806760
900,346.811,189.414,15.990,30.917,0.6659710
900,417.469,154.389,50.464,120.146,0.7954430
900,631.101,20.772,62.585,325.688,0.0612310
900,589.300,38.805,86.546,295.204,0.0211260
900,429.508,186.716,20.075,40.042,0.0089140
900,461.563,185.368,20.093,38.669,0.0554650
900,444.410,183.697,41.579,69.366,0.0065560
900,465.193,179.391,16.700,28.392,0.0073080
900,346.811,189.414,15.990,30.917,0.0493890
900,410.937,153.058,69.105,132.955,0.0116830
925,480.723,180.052,22.130,34.156,0.0063600
925,485.724,174.342,28.667,48.170,0.0160260
925,14.872,32.893,40.445,353.719,0.0255880
925,24.586,9.814,51.827,353.414,0.0111290
925,305.355,111.628,89.304,182.484,0.8461160
925,355.409,124.957,63.200,169.893,0.0058790
925,479.347,178.682,23.655,31.089,0.1289160
925,485.724,174.342,28.667,48.170,0.7366010
925,14.872,32.893,40.445,353.719,0.0171770
925,365.743,172.206,17.153,33.773,0.0131570
925,326.355,124.449,59.506,139.598,0.0111460
925,385.084,184.440,17.590,28.797,0.0065100
925,24.586,9.814,51.827,353.414,0.0058430
950,471.297,186.383,17.983,32.035,0.0351700
950,499.118,179.759,32.728,63.894,0.0143620
950,19.377,75.095,105.741,303.452,0.6020250
950,64.205,173.592,61.333,136.913,0.0909280
950,37.590,167.304,53.828,144.752,0.0528820
950,38.980,91.738,49.902,120.387,0.0068630
950,684.064,162.772,25.768,168.696,0.0067550
950,675.053,34.501,44.167,376.387,0.0053780
950,3.526,133.263,68.558,218.171,0.0051720
950,471.297,186.383,17.983,32.035,0.3901630
950,13.088,66.232,117.151,254.920,0.0057270
950,354.862,187.777,20.943,34.851,0.8028860
950,499.058,176.537,28.133,57.401,0.7764050
950,400.978,58.504,12.372,17.622,0.0063010
950,499.430,177.675,20.242,35.009,0.0058440
975,451.264,185.258,19.899,35.755,0.0295400
975,336.172,185.096,22.427,41.848,0.0061260
975,451.264,185.258,19.899,35.755,0.0799500
975,520.100,177.543,35.328,68.853,0.8661580
975,336.172,185.096,22.427,41.848,0.8065300
975,525.754,172.085,26.660,46.448,0.0067020
1000,441.264,185.223,21.858,39.230,0.3809980
1000,554.774,161.964,46.089,93.764,0.2412610
1000,311.530,181.176,23.946,48.933,0.7426790
1000,441.264,185.223,21.858,39.230,0.3956310
1000,554.774,161.964,46.089,93.764,0.5969100
1000,311.530,181.176,23.946,48.933,0.0479010
1025,274.781,181.083,31.827,56.286,0.0181170
1025,614.862,154.237,57.831,111.085,0.5318660
1025,437.381,188.521,24.791,40.783,0.7884330
1025,680.230,159.356,34.762,93.422,0.0132480
1025,277.520,181.347,30.088,56.381,0.8107050
1025,622.569,151.866,54.476,129.200,0.7047300
1025,437.381,188.521,24.791,40.783,0.0188450
1025,617.625,158.915,46.543,72.888,0.0120840
1025,433.393,61.202,11.639,18.021,0.0051430
1050,438.740,185.078,25.786,46.417,0.0723170
1050,641.324,148.502,48.347,73.589,0.0059460
1050,624.122,70.798,88.211,283.716,0.0102410
1050,438.740,185.078,25.786,46.417,0.6971850
1050,644.609,186.632,20.721,31.361,0.0077880
1050,221.455,163.988,40.422,82.567,0.8091210
1050,237.589,180.712,24.689,56.315,0.0182390
1050,641.324,148.502,48.347,73.589,0.0077950
1075,426.339,179.748,29.137,50.734,0.0692440
1075,104.218,147.832,57.413,108.889,0.1859160
1075,2.000,2.000,318.689,498.410,0.0100840
1075,426.339,179.748,29.137,50.734,0.0351920
1075,104.218,147.832,57.413,108.889,0.3516650
1075,2.000,2.000,318.689,498.410,0.0058500
1075,88.741,82.668,93.492,220.573,0.0057340
1100,681.331,189.009,15.662,26.048,0.0140110
1100,391.737,177.657,27.461,53.897,0.0875980
1100,659.965,190.109,14.677,24.687,0.0051630
1100,391.737,177.657,27.461,53.897,0.0273440
1125,339.445,185.606,25.853,49.006,0.0193510
1125,327.759,167.614,35.208,86.880,0.1453460
1125,644.780,98.155,41.496,97.490,0.0059610
1125,618.795,48.913,102.233,191.392,0.0050730
1125,631.203,27.002,70.226,383.345,0.0064290
1125,661.903,195.442,12.302,20.894,0.0070480
1125,339.445,185.606,25.853,49.006,0.0146620
1125,622.085,199.652,13.103,22.132,0.0463540
1125,618.795,48.913,102.233,191.392,0.0060420
1150,364.787,60.561,14.509,24.282,0.0069040
1150,615.715,196.459,12.932,21.829,0.0231360
1150,572.264,194.519,12.409,21.532,0.0133850
1150,89.298,127.398,110.059,153.970,0.0191030
1150,706.402,2.000,12.912,9.348,0.0055940
1175,604.381,189.709,15.982,34.361,0.0194990
1175,240.444,86.713,18.623,27.864,0.0079080
1175,546.987,192.601,14.862,29.953,0.0097010
1200,242.508,95.345,16.319,26.035,0.0070460
1200,167.779,87.229,15.297,20.936,0.0060640
1200,499.306,198.056,14.717,29.146,0.0130850
1225,537.615,188.076,15.825,27.924,0.0959010
1225,417.205,196.031,13.086,21.832,0.0169330
1225,471.594,192.098,13.994,25.365,0.4547500
1225,537.615,188.076,15.825,27.924,0.0088940
1250,541.030,185.654,14.260,29.933,0.0097120
1250,407.099,188.599,14.093,23.760,0.0158690
1250,471.893,186.316,13.337,27.324,0.4049350
1250,179.226,21.561,17.403,23.172,0.0254070
1250,177.526,55.077,14.434,21.092,0.0055990
1250,160.438,2.000,45.092,56.149,0.0053920
1275,544.224,180.960,17.139,34.096,0.0086150
1275,195.299,161.652,14.910,25.451,0.0179530
1275,544.224,180.960,17.139,34.096,0.0514130
1275,473.821,185.496,14.652,29.152,0.2463760
1275,398.512,188.989,15.120,25.403,0.0157660
1275,470.204,178.983,15.472,30.427,0.0140240
1275,156.628,2.000,39.638,59.904,0.0075030
1275,55.824,8.261,16.866,29.589,0.0063820
1300,397.275,173.216,15.331,26.287,0.0686320
1300,558.341,171.781,16.365,30.434,0.2011240
1300,484.398,174.691,14.436,28.276,0.1329550
1300,491.996,172.742,13.068,25.825,0.0055110
1300,397.275,173.216,15.331,26.287,0.2211360
1300,565.759,169.193,27.199,35.780,0.0119180
1300,484.398,174.691,14.436,28.276,0.5631300
1300,402.232,182.800,14.344,27.047,0.0078990
1325,396.575,173.633,16.068,28.751,0.0427960
1325,493.238,178.479,15.853,29.689,0.3162310
1325,582.783,173.934,21.996,35.639,0.2312960
1325,396.575,173.633,16.068,28.751,0.0205720
1325,493.238,178.479,15.853,29.689,0.0169670
1350,509.663,179.498,17.220,35.754,0.0174050
1350,392.941,166.896,23.553,41.254,0.0314860
1350,617.981,181.418,21.885,38.002,0.2456370
1350,381.918,152.209,40.232,58.923,0.0142090
1350,613.038,175.637,21.014,37.421,0.0468110
1350,509.663,179.498,17.220,35.754,0.3353970
1350,392.941,166.896,23.553,41.254,0.4102500
1375,520.703,182.178,16.778,36.046,0.0162140
1375,648.141,184.385,25.485,40.147,0.2556070
1375,634.939,184.014,16.816,40.463,0.5836530
1375,390.917,185.085,17.991,31.924,0.0168310
1375,520.703,182.178,16.778,36.046,0.0135510
1375,569.178,2.000,50.705,69.280,0.0090060
1375,600.896,2.000,47.972,58.176,0.0054540
1400,378.865,175.756,20.100,30.447,0.2143880
1400,525.657,179.971,16.605,33.179,0.0497810
1400,684.063,178.553,18.645,42.089,0.2685760
1400,658.092,170.749,20.147,46.499,0.5976540
1400,664.937,175.258,19.258,43.052,0.4529390
1400,658.853,163.416,34.166,70.127,0.0081610
1400,378.865,175.756,20.100,30.447,0.0568920
1400,685.248,169.275,16.878,48.039,0.0131600
1400,524.530,175.879,19.253,37.473,0.2414940
1425,354.086,181.678,20.277,31.790,0.3813230
1425,519.198,180.452,19.341,39.329,0.0058120
1425,679.732,174.736,21.172,50.360,0.7953650
1425,353.432,177.897,21.206,32.628,0.0367800
1425,139.692,20.776,12.978,24.488,0.0078510
1450,515.295,189.639,21.368,41.129,0.3081970
1450,321.514,186.087,21.846,37.023,0.5710530
1450,309.514,178.880,35.111,55.341,0.0116050
1450,515.295,189.639,21.368,41.129,0.3349820
1450,321.514,186.087,21.846,37.023,0.0097060
1450,112.049,2.000,30.487,63.450,0.0148580
1450,118.798,17.698,17.281,33.077,0.0128850
1475,306.807,185.080,19.723,39.178,0.4498690
1475,293.745,186.960,15.457,34.799,0.0301310
1475,523.537,191.530,22.812,44.110,0.1149030
1475,298.960,181.463,33.561,56.177,0.0077380
1475,306.807,185.080,19.723,39.178,0.1461300
1475,523.537,191.530,22.812,44.110,0.0372890
1475,76.560,2.000,46.129,72.974,0.0058240
1475,43.735,2.000,43.863,67.874,0.0053710
1475,504.294,23.317,15.906,19.753,0.0052850
1500,291.658,182.931,20.803,43.314,0.4902990
1500,549.828,183.747,24.044,47.744,0.0786180
1500,285.063,149.361,30.421,69.159,0.0165170
1500,296.374,185.964,22.594,37.838,0.1339870
1500,549.828,183.747,24.044,47.744,0.0539210
1525,561.301,180.226,35.121,59.228,0.0538030
1550,589.052,180.424,32.422,58.596,0.3739020
1550,262.904,176.666,24.575,53.210,0.8058060
1550,587.007,178.784,35.791,60.364,0.6002570
1575,622.792,174.691,39.682,68.610,0.5946740
1575,259.183,175.878,27.239,61.317,0.8083310
1575,250.707,176.244,23.085,56.872,0.0079150
1575,400.632,192.910,15.615,24.523,0.0061150
1575,629.782,175.136,37.854,74.706,0.6627800
1575,461.114,2.000,47.604,52.911,0.0098200
1575,476.635,20.648,18.805,28.177,0.0084050
1600,681.959,174.452,22.900,73.562,0.1280180
1600,218.581,151.413,36.798,96.985,0.8111180
1600,231.604,177.995,22.300,52.194,0.0245970
1600,224.796,129.217,62.272,160.925,0.0068220
1600,622.164,2.000,82.937,227.745,0.0058640
1600,571.499,66.536,97.288,230.701,0.0053700
1600,387.249,187.671,13.948,24.026,0.0258540
1600,683.051,174.242,23.328,74.373,0.6311510
1625,689.684,183.770,16.956,53.894,0.0053100
1625,169.395,153.117,40.290,114.697,0.8850310
1625,168.554,176.540,20.639,62.970,0.0181020
1625,193.588,182.781,21.258,54.445,0.0142490
1625,662.576,186.981,17.044,40.184,0.0134650
1625,688.549,149.458,21.301,121.998,0.0087960
1625,621.325,192.750,16.143,32.658,0.0055280
1625,381.747,192.681,15.287,24.849,0.1604050
1650,31.788,110.790,70.603,198.088,0.8983030
1650,60.511,138.730,53.739,150.622,0.0292930
1650,10.193,102.581,49.714,221.327,0.0168640
1650,14.686,136.486,31.159,144.897,0.0067770
1650,86.859,193.459,19.671,36.942,0.0061280
1650,582.208,2.000,91.371,293.645,0.0051630
1650,400.087,192.108,15.246,24.012,0.1239070
1700,234.068,99.394,17.134,30.359,0.0056460
1700,234.068,99.394,17.134,30.359,0.0077630
1725,441.097,201.244,12.662,24.093,0.0134160
1725,57.746,2.000,9.138,4.580,0.0050680
1750,393.548,62.555,10.988,15.159,0.0100890
1775,211.001,186.078,17.267,35.601,0.0073910
1775,361.898,28.345,15.422,17.474,0.0056250
1800,43.104,161.947,19.615,36.842,0.0056830
1825,681.756,194.877,19.611,43.579,0.0295310
1825,124.276,183.433,17.870,40.704,0.0259140
1850,60.154,182.538,21.568,48.298,0.1090250
1850,74.069,183.441,20.296,44.715,0.0780670
1850,70.355,173.603,30.185,65.941,0.0125830
1850,75.641,172.215,17.683,37.603,0.0070390
1850,364.241,199.347,14.198,20.611,0.0171740
1850,54.503,54.217,11.862,14.876,0.0055890
1850,85.973,18.692,15.606,22.409,0.0052240
1875,200.490,189.733,17.563,30.706,0.0239430
1875,631.511,2.000,66.927,257.370,0.0084640
1875,365.475,197.184,15.944,24.117,0.0115760
1900,168.054,184.489,18.825,37.248,0.0669420
1900,425.931,63.485,14.572,16.303,0.0054950
1900,168.054,184.489,18.825,37.248,0.3017650
1925,679.834,179.385,29.330,72.195,0.0085010
1925,135.990,191.995,24.640,44.650,0.0152680
1925,433.892,59.900,14.998,16.954,0.0072630
1925,362.347,205.493,14.790,26.398,0.0530380
1925,679.834,179.385,29.330,72.195,0.0060970
1925,135.990,191.995,24.640,44.650,0.2536230
1925,147.817,190.507,23.513,46.413,0.0424800
1950,98.062,193.772,26.081,48.062,0.5585920
1950,111.300,194.973,24.835,47.188,0.1995030
1950,251.196,186.632,19.521,40.024,0.0219560
1950,149.737,194.260,20.468,44.292,0.0181810
1950,437.969,58.609,13.844,18.304,0.0061430
1950,98.062,193.772,26.081,48.062,0.0584570
1975,85.405,187.285,23.700,50.182,0.1098810
1975,227.904,176.149,37.644,65.273,0.0083350
1975,56.807,183.143,25.594,50.967,0.7259340
1975,85.405,187.285,23.700,50.182,0.0126520
1975,58.996,174.472,19.363,41.203,0.0072170
2000,18.802,173.169,26.915,58.711,0.2003880
2000,34.759,164.928,32.331,70.968,0.1052460
2000,226.699,159.444,22.606,49.103,0.0184370
2000,218.425,150.796,37.852,64.291,0.0172970
2000,16.656,167.679,34.577,68.402,0.6256580
2025,392.810,189.969,13.779,22.996,0.0122330
2025,15.764,153.842,18.158,52.229,0.2610660
2025,164.411,156.201,23.092,47.186,0.2332910
2025,9.203,140.759,34.503,78.302,0.0605650
2025,135.946,160.889,21.517,38.948,0.0548550
2025,204.170,152.730,28.653,57.964,0.0376310
2025,40.631,158.509,19.215,36.282,0.0094930
2050,387.629,213.391,12.024,20.787,0.0347230
2050,192.277,169.325,36.833,70.434,0.0170760
2050,198.655,163.495,20.722,44.991,0.0108830
2050,150.058,167.406,44.617,68.989,0.0176810
2075,590.673,78.380,90.834,181.944,0.0141800
2075,624.616,36.405,70.954,215.475,0.0220860
2075,151.123,150.993,43.193,69.049,0.0253370
2075,160.830,162.568,25.589,46.295,0.0125750
2075,624.616,36.405,70.954,215.475,0.0967700
2075,577.792,2.000,110.887,252.578,0.0150150
2075,606.816,75.538,61.194,128.961,0.0105290
2075,680.111,153.656,28.099,114.333,0.0051600
2100,366.349,216.276,13.308,22.008,0.0333350
2100,388.526,215.471,13.445,23.810,0.0086630
2100,152.099,161.754,22.411,46.435,0.0264630
2100,647.427,87.904,50.694,109.706,0.0056090
2100,81.126,64.177,14.049,17.278,0.0114380
2100,629.877,48.390,77.575,191.953,0.0093150
2100,61.174,67.165,12.292,13.288,0.0063470
2125,365.958,205.652,14.409,27.919,0.0575080
2125,389.310,209.012,14.585,28.742,0.4383800
2125,509.390,206.898,20.188,39.406,0.0252850
2125,365.958,205.652,14.409,27.919,0.1248560
2125,389.310,209.012,14.585,28.742,0.1331410
2125,391.209,220.083,14.769,28.461,0.0065630
2150,277.562,199.337,14.425,22.635,0.0148170
2150,365.567,197.465,14.786,26.312,0.3699320
2150,386.737,199.827,14.380,27.951,0.6623830
2150,166.810,155.854,15.517,44.761,0.0119020
2150,16.164,126.864,16.859,31.912,0.0097120
2150,132.491,154.141,17.462,42.082,0.0070100
2150,365.567,197.465,14.786,26.312,0.2291960
2175,271.919,198.166,14.849,23.923,0.0143620
2175,361.859,195.567,14.080,26.200,0.1123500
2175,383.371,196.231,16.560,30.296,0.5395700
2175,18.982,149.157,18.565,41.099,0.0222510
2175,361.859,195.567,14.080,26.200,0.4113180
2175,313.689,194.963,13.174,24.161,0.0054620
2175,383.371,196.231,16.560,30.296,0.1383710
2200,277.137,192.210,13.177,24.434,0.2846820
2200,306.305,191.157,13.813,25.799,0.1414120
2200,367.591,187.551,14.317,29.774,0.6614430
2200,384.954,186.958,15.647,29.171,0.5755270
2200,277.137,192.210,13.177,24.434,0.0387570
2200,306.305,191.157,13.813,25.799,0.1080200
2225,310.240,194.257,15.057,24.112,0.0569260
2225,370.298,188.313,16.024,28.364,0.4650330
2225,388.564,187.351,16.719,29.229,0.0587830
2225,285.450,193.224,14.444,26.103,0.5275620
2225,45.428,141.203,22.890,46.513,0.1168750
2225,36.533,133.803,22.122,40.007,0.0197050
2225,133.587,151.370,19.881,38.865,0.0097070
2225,15.038,147.081,19.781,44.165,0.0071400
2225,310.240,194.257,15.057,24.112,0.0628730
2225,370.298,188.313,16.024,28.364,0.0141160
2225,388.564,187.351,16.719,29.229,0.1334040
2250,394.482,188.546,20.115,30.742,0.0647140
2250,293.921,191.832,15.444,26.855,0.4511260
2250,41.074,128.124,25.295,41.138,0.0100980
2250,28.883,122.983,45.602,54.049,0.0085270
2250,523.385,178.885,35.602,65.173,0.0082390
2250,394.482,188.546,20.115,30.742,0.0129310
2250,315.806,191.108,18.106,26.318,0.1813090
2250,293.921,191.832,15.444,26.855,0.0161980
2275,313.939,187.856,18.537,32.352,0.0101630
2275,418.635,185.665,19.562,35.973,0.1732560
2275,395.070,186.349,16.398,32.636,0.6845370
2275,11.558,128.055,18.313,31.650,0.0579430
2275,655.948,180.060,37.594,60.024,0.0083320
2275,313.939,187.856,18.537,32.352,0.2324710
2275,343.170,188.973,16.363,27.790,0.0154410
2275,537.784,174.202,38.500,69.621,0.0932240
2275,418.635,185.665,19.562,35.973,0.2872330
2300,413.030,191.941,24.244,36.697,0.0388140
2300,328.820,192.750,19.047,36.904,0.6968030
2300,92.774,163.732,17.448,34.209,0.1149730
2300,23.700,131.115,53.542,175.224,0.0694520
2300,198.324,192.290,13.943,23.739,0.0635080
2300,87.513,183.567,18.933,35.908,0.0204200
2300,51.856,188.531,18.788,41.313,0.0139920
2300,402.660,194.420,17.002,29.090,0.0126990
2300,13.578,132.899,43.645,221.266,0.0096030
2300,413.030,191.941,24.244,36.697,0.0790520
2300,343.208,193.035,21.138,37.179,0.7201950
2300,328.820,192.750,19.047,36.904,0.0702880
2300,10.147,122.511,50.537,188.198,0.0123270
2300,339.271,195.109,36.059,46.149,0.0086900
2300,317.050,186.515,37.462,53.057,0.0052060
2325,215.673,191.489,16.319,24.069,0.0063640
2325,427.229,185.413,25.546,42.907,0.0260370
2325,8.308,100.129,22.662,54.095,0.3536730
2325,357.290,189.457,23.012,40.627,0.0347610
2325,53.692,116.590,20.859,37.267,0.0155790
2325,228.981,193.494,13.813,23.910,0.0087780
2325,281.864,194.454,15.616,27.149,0.0077260
2325,684.633,166.126,22.778,77.828,0.0056750
2325,427.229,185.413,25.546,42.907,0.0117930
2325,569.069,172.301,53.156,79.804,0.5531650
2325,8.308,100.129,22.662,54.095,0.1937250
2325,578.320,182.613,28.708,50.938,0.0405850
2325,375.912,191.488,24.269,41.590,0.7635230
2325,357.290,189.457,23.012,40.627,0.5360710
2325,352.940,185.806,36.147,57.169,0.0545060
2325,53.692,116.590,20.859,37.267,0.0279400
2350,465.417,182.443,22.157,44.477,0.2228180
2350,465.417,182.443,22.157,44.477,0.0105850
2350,617.102,166.080,48.824,82.233,0.7427430
2350,392.923,179.630,27.584,49.468,0.7710640
2350,437.237,182.416,27.542,47.708,0.7096070
2350,618.824,176.446,28.104,58.642,0.0394600
2375,492.448,179.390,26.898,49.530,0.0499310
2375,520.981,179.499,32.588,56.413,0.0647340
2375,356.046,171.705,20.337,40.053,0.0071450
2375,657.805,148.607,45.938,119.700,0.4620780
2375,522.858,177.763,33.167,61.749,0.8526740
2375,444.711,176.381,33.202,58.604,0.8276140
2375,492.448,179.390,26.898,49.530,0.6590540
2375,632.578,85.727,86.749,206.389,0.0457370
2375,437.133,177.922,28.657,48.994,0.0385490
2375,686.238,181.459,22.532,62.685,0.0127610
2375,455.579,176.735,23.061,37.196,0.0113500
2400,530.307,175.534,28.241,51.535,0.0438700
2400,663.922,160.181,32.223,83.679,0.0090040
2400,568.225,177.442,25.573,53.988,0.7073650
2400,672.176,163.745,34.241,93.366,0.8322170
2400,519.103,171.860,38.569,63.227,0.8088660
2400,506.157,177.113,26.876,46.742,0.0445170
2400,533.271,174.469,22.388,38.727,0.0176800
2400,661.135,145.261,35.471,96.393,0.0081750
2425,579.600,170.286,29.183,48.948,0.0273640
2425,620.900,165.587,22.636,44.967,0.0059970
2425,582.225,171.489,30.349,55.109,0.8234100
2425,631.494,135.341,63.107,134.389,0.8132590
2425,306.376,14.551,415.624,410.208,0.0099630
2425,621.419,150.536,40.854,100.764,0.0061950
2450,25.017,78.985,69.776,268.424,0.0178370
2450,49.925,77.387,80.475,276.636,0.0055090
2450,688.342,183.254,17.538,43.297,0.0150090
2450,612.650,172.120,34.771,62.034,0.8642740
2450,572.493,185.493,21.377,39.272,0.0077470
2450,500.622,187.234,18.222,32.596,0.0057490
2475,666.043,168.383,28.508,50.188,0.0051470
2475,612.340,185.178,21.012,33.839,0.0080640
2475,169.517,178.533,20.059,41.490,0.0075500
2475,170.487,165.402,23.674,43.398,0.0075040
2475,612.278,173.890,22.120,32.324,0.0050950
2475,671.685,163.806,31.967,68.967,0.8004620
2475,463.136,59.600,14.509,20.506,0.0179530
2500,457.412,185.395,14.472,29.093,0.0107420
2500,614.658,192.286,17.242,29.962,0.0192680
2500,686.278,186.929,18.859,38.243,0.0058930
2500,457.412,185.395,14.472,29.093,0.0551310
2500,536.383,62.100,12.370,18.868,0.0061910
2525,520.617,189.079,13.566,25.659,0.0331300
2525,91.320,164.834,19.284,44.533,0.0873850
2525,4.495,220.863,16.282,50.806,0.0183040
2525,618.309,183.497,32.808,68.843,0.0131560
2525,623.106,219.838,16.063,43.947,0.0115190
2525,463.273,80.276,20.612,30.034,0.0056870
2525,89.095,168.701,22.337,83.383,0.0053830
2525,520.617,189.079,13.566,25.659,0.1276160
2550,669.886,229.104,16.690,33.182,0.0074980
2550,81.231,151.039,22.744,61.763,0.0768320
2550,261.577,96.352,31.609,98.005,0.0083860
2550,79.526,157.015,28.069,98.378,0.0298380
2550,204.467,181.599,17.542,48.968,0.0297540
2550,163.722,178.026,18.486,53.871,0.0255600
2550,658.886,186.301,31.643,64.900,0.0230880
2550,239.181,184.225,17.594,44.005,0.0093470
2550,478.950,61.802,18.360,25.663,0.0073080
2550,547.815,59.487,14.927,26.528,0.0053060
2550,196.093,164.396,18.506,49.004,0.0051040
2550,530.506,190.324,14.321,25.980,0.0210770
2575,502.436,178.143,15.885,22.092,0.0525030
2600,473.438,190.070,15.684,22.740,0.0911150
2600,422.238,43.870,16.684,26.353,0.0056100
2600,461.848,45.893,14.686,23.362,0.0086390
2600,462.123,28.221,16.256,24.134,0.0059040
2600,265.770,189.001,15.865,28.223,0.1386090
2600,502.106,24.796,14.756,21.255,0.0052540
2600,473.438,190.070,15.684,22.740,0.0411320
2600,422.238,43.870,16.684,26.353,0.0177840
2600,428.042,29.200,15.573,23.707,0.0147170
2600,461.848,45.893,14.686,23.362,0.0097290
2600,462.123,28.221,16.256,24.134,0.0084490
2625,459.269,180.637,17.558,25.890,0.0592380
2625,415.779,175.921,39.191,49.283,0.0107640
2625,267.990,167.995,22.448,40.005,0.0072370
2625,625.590,113.726,82.465,201.012,0.0204300
2625,227.928,176.682,15.972,32.064,0.5094770
2625,87.879,183.750,19.005,42.036,0.0075470
2625,13.739,168.026,15.033,35.781,0.0065200
2625,415.779,175.921,39.191,49.283,0.0165030
2625,625.590,113.726,82.465,201.012,0.0227580
2650,457.991,179.266,13.571,23.164,0.0272690
2650,269.539,99.892,21.081,32.315,0.0101660
2650,149.766,144.076,58.738,86.115,0.0792430
2650,209.617,171.608,19.343,36.202,0.6933930
2650,234.190,87.600,21.954,49.623,0.0541910
2650,185.306,151.009,38.173,61.799,0.0061630
2650,246.090,171.650,18.713,31.163,0.0060620
2650,171.439,164.830,24.974,38.826,0.0058830
2650,230.030,83.049,40.175,116.569,0.0050820
2650,149.766,144.076,58.738,86.115,0.0132270
2675,453.836,174.894,14.485,24.331,0.2577690
2675,447.182,177.958,12.820,20.688,0.0069170
2675,179.896,176.332,14.746,29.212,0.7078530
2675,9.688,155.993,13.854,42.420,0.0636290
2675,236.162,164.180,18.467,42.908,0.0354510
2675,201.039,72.230,40.062,74.429,0.0087340
2700,452.861,179.332,13.373,25.573,0.0492380
2700,203.574,82.613,22.316,52.880,0.0055970
2700,156.019,175.055,15.098,36.179,0.7078170
2700,199.211,69.406,37.485,78.016,0.0764520
2700,203.574,82.613,22.316,52.880,0.0071810
2725,452.089,189.096,14.784,25.816,0.0095750
2725,137.717,187.823,15.068,27.609,0.4805930
2725,212.003,181.850,18.017,35.136,0.0138890
2725,192.401,79.592,41.561,65.432,0.0444790
2750,651.850,167.980,37.998,74.427,0.0116140
2750,452.002,188.233,14.104,27.953,0.0061070
2750,234.045,166.733,38.643,68.793,0.0064640
2750,60.418,168.786,16.146,42.401,0.0124900
2750,52.045,180.120,18.368,50.457,0.0051220
2750,651.850,167.980,37.998,74.427,0.0260240
2750,256.189,156.226,42.846,86.159,0.0385750
2750,234.045,166.733,38.643,68.793,0.0429730
2750,261.326,101.276,54.437,164.179,0.0061470
2750,191.490,74.328,44.311,80.758,0.0059630
2775,494.619,185.583,43.001,61.181,0.0057800
2775,104.648,190.567,15.267,29.130,0.7353260
2775,604.303,186.531,30.328,48.300,0.1179090
2775,494.619,185.583,43.001,61.181,0.3263770
2775,338.986,183.670,38.617,53.717,0.0092480
2800,436.684,190.553,14.253,23.486,0.0208690
2800,453.093,190.334,14.831,26.156,0.5410410
2800,89.111,190.282,16.815,33.048,0.7032790
2800,436.684,190.553,14.253,23.486,0.0094030
2800,570.501,188.125,26.547,51.710,0.2418030
2825,436.527,189.937,14.065,23.461,0.0566950
2825,453.905,190.407,14.451,26.470,0.4835230
2825,669.577,173.161,36.243,64.724,0.1288610
2825,67.218,189.689,17.291,34.701,0.7106380
2825,206.640,181.577,21.216,43.573,0.0074010
2825,669.822,172.757,23.056,45.204,0.0069590
2825,72.787,187.951,16.339,30.731,0.0064930
2825,436.527,189.937,14.065,23.461,0.0101810
2825,661.870,171.906,37.058,60.116,0.8261690
2825,67.218,189.689,17.291,34.701,0.0109680
2850,438.262,190.855,13.798,22.259,0.0096680
2850,453.574,190.901,14.615,25.903,0.5089850
2850,45.574,185.233,19.070,39.384,0.3870880
2850,192.592,179.566,18.683,40.295,0.0277500
2850,602.268,177.543,35.110,61.687,0.7960350
2850,45.574,185.233,19.070,39.384,0.3226170
2850,611.903,174.767,20.427,40.856,0.0149170
2875,452.283,190.702,14.917,25.993,0.1853460
2875,174.620,184.239,15.569,31.626,0.0148180
2875,186.305,182.722,18.314,33.844,0.0100090
2875,26.751,187.307,19.725,35.329,0.7769250
2875,17.590,177.787,33.734,58.264,0.0081220
2875,585.421,175.990,26.022,56.890,0.8174000
2875,26.751,187.307,19.725,35.329,0.0064300
2875,193.076,78.994,34.344,66.672,0.0054470
2900,452.604,195.406,14.671,27.267,0.0543920
2900,576.429,183.226,23.218,51.273,0.0202390
2900,23.199,190.075,18.389,35.428,0.5322440
2900,203.478,87.993,23.224,51.325,0.0113730
2900,576.429,183.226,23.218,51.273,0.7226830
2900,23.199,190.075,18.389,35.428,0.1950070
2900,191.148,82.520,32.670,62.492,0.0467560
2925,26.222,186.987,19.375,38.648,0.4042960
2925,452.683,192.854,14.265,26.781,0.1748790
2925,568.628,182.609,22.218,50.603,0.0374120
2925,204.573,90.767,23.448,46.565,0.0104240
2925,168.405,185.520,17.779,33.135,0.0119230
2925,122.194,185.696,17.189,33.458,0.0115010
2925,26.222,186.987,19.375,38.648,0.3662620
2925,568.628,182.609,22.218,50.603,0.7076240
2925,193.899,82.750,33.647,60.129,0.0313840
2925,563.074,173.972,34.912,72.847,0.0234550
2925,173.767,171.780,17.709,38.006,0.0061040
2950,453.266,192.680,14.444,26.676,0.3662260
2950,441.147,192.447,13.391,24.312,0.0091780
2950,557.209,181.283,19.863,43.907,0.0111190
2950,441.147,192.447,13.391,24.312,0.0079120
2950,562.632,183.584,21.617,48.556,0.7826750
2950,203.621,93.093,19.493,42.617,0.0181250
2950,192.131,83.664,34.023,61.332,0.0156810
2950,558.034,178.390,34.841,67.892,0.0156410
2975,454.552,190.207,14.995,26.976,0.2646580
2975,444.955,190.492,13.814,24.871,0.0249600
2975,492.079,190.782,15.697,30.283,0.0065680
2975,555.447,180.270,21.633,51.086,0.0276990
2975,94.657,184.254,17.342,41.179,0.2827350
2975,155.881,186.005,16.725,36.977,0.2192810
2975,555.447,180.270,21.633,51.086,0.7531880
