25,259.117889,146.540054,83.489227,180.048843,0.992085
25,652.899414,201.794998,29.061646,63.504562,0.978194
25,93.003418,207.177963,17.253250,36.753830,0.916880
25,138.086670,205.071625,16.685333,36.350311,0.811615
25,637.466553,209.421707,19.437012,41.289032,0.798707
25,85.659668,203.913971,17.454910,37.864899,0.762928
25,113.115883,206.512604,13.478645,29.177612,0.199734
25,540.960876,209.852539,20.547485,44.837906,0.187253
25,629.800476,209.178955,17.475586,38.342056,0.159664
25,528.021057,211.055191,19.447510,42.705551,0.100395
25,574.463135,204.128708,22.199646,48.648392,0.053420
25,30.987625,206.208908,14.116364,30.932281,0.044553
25,557.021729,213.608841,18.423035,39.996780,0.031152
25,430.210083,173.545105,69.690979,146.968750,0.014399
25,243.526184,216.120590,11.979889,26.329193,0.011308
25,227.678772,206.957550,14.047424,29.768311,0.010444
25,49.311401,205.905396,13.126736,27.676544,0.006699
25,584.776611,202.001968,23.351013,48.552505,0.004850
25,18.766588,204.265076,14.491003,31.007004,0.003726
25,2.086770,202.501144,15.058738,30.726837,0.000759
25,514.742126,212.275772,18.915039,39.645645,0.000364
25,449.924683,276.418732,16.180542,33.638031,0.000320
25,596.206238,112.744179,72.319824,150.160004,0.000175
25,566.791992,55.147472,91.635193,193.202332,0.000069
25,400.150299,199.469208,15.762878,32.957336,0.000067
50,163.690491,166.707550,59.114120,129.188690,0.998717
50,652.679871,210.340347,23.341003,50.976456,0.986312
50,82.549706,200.024475,21.284286,46.003204,0.937877
50,46.753613,200.589966,18.877506,40.312943,0.923206
50,676.407349,202.751419,28.042114,60.949661,0.897470
50,63.815052,204.300888,15.472622,33.871643,0.360562
50,33.451206,193.986710,20.194275,44.850174,0.139774
50,115.201927,204.820358,13.642860,29.756882,0.040119
50,147.244598,206.438660,13.323227,27.471069,0.011799
50,573.205566,209.269821,20.396667,44.467087,0.008059
50,466.026337,295.691254,12.253784,26.911896,0.005079
50,558.939575,209.854050,20.800476,45.803284,0.003949
50,672.601135,212.629959,18.431702,38.897598,0.003362
50,19.491180,198.287277,17.073437,36.361237,0.003114
50,286.491882,207.412888,18.459015,38.533707,0.002369
50,225.240555,201.161209,12.969650,28.953873,0.001206
50,128.377472,206.084854,12.697418,26.789566,0.000546
50,592.444885,78.572105,83.808350,177.440948,0.000444
50,252.976624,198.237854,18.598755,40.334061,0.000169
50,599.708618,172.755981,34.067383,74.516922,0.000115
50,619.583496,85.662888,29.940186,64.411041,0.000081
75,216.976059,172.600677,45.227463,99.420593,0.998147
75,25.045874,177.866318,32.837997,71.751358,0.961505
75,275.900360,197.479752,17.087585,35.100754,0.807095
75,75.640671,199.084869,18.498444,39.962128,0.418362
75,496.388885,120.653252,141.357452,302.440979,0.231070
75,99.605598,204.119904,14.200256,30.709625,0.121437
75,69.325386,197.148773,18.580223,40.359970,0.067215
75,109.508339,203.267517,14.376648,30.863586,0.041624
75,591.277588,238.248184,103.478271,225.891098,0.028226
75,285.472473,199.600266,14.839142,29.854294,0.013876
75,270.960876,188.413651,24.469818,53.730865,0.009670
75,13.568019,181.517975,27.660351,59.425842,0.009324
75,307.992981,199.894623,17.033234,37.530304,0.005454
75,543.591797,170.762299,136.654785,291.333923,0.003126
75,533.831726,58.241421,144.746033,295.710938,0.003078
75,143.520950,193.584793,16.194366,33.450958,0.002684
75,39.587082,191.456650,24.069172,48.687881,0.002179
75,130.759354,199.542404,18.863724,40.918365,0.002176
75,315.273621,202.131210,19.462585,41.668579,0.001724
75,136.959412,191.198288,24.051117,51.860565,0.001319
75,471.440826,194.695663,133.336212,282.330505,0.000262
100,186.344757,186.827423,35.297440,75.122009,0.987237
100,49.274490,177.657700,37.892456,81.885635,0.963389
100,251.175125,135.774963,101.511978,222.555450,0.854663
100,17.159792,197.195297,17.528971,38.220047,0.678804
100,494.949005,166.153168,74.975128,164.597382,0.585099
100,31.492052,184.285187,31.080881,66.097794,0.425342
100,75.722450,191.987564,22.411430,50.081818,0.270930
100,254.341827,168.576035,55.781250,126.657547,0.029583
100,219.294968,201.893799,17.640869,38.665207,0.023648
100,495.081268,211.267319,47.782745,107.409225,0.009862
100,640.404114,189.366425,38.968384,86.814880,0.005327
100,673.819214,196.324326,32.409851,70.788498,0.003729
100,62.759869,184.426422,37.731762,77.920380,0.002571
100,500.315613,253.688614,31.920959,68.845474,0.001203
100,655.762390,188.246384,44.606201,95.882767,0.001148
100,508.001556,280.058807,22.129425,49.761322,0.000931
100,666.358887,196.142899,24.989502,54.878433,0.000646
100,92.579231,192.512070,21.216766,44.934601,0.000603
100,111.956558,196.569595,17.350388,37.435547,0.000310
100,610.179810,184.095337,63.024658,133.954468,0.000224
100,651.886902,188.712784,21.423462,45.936844,0.000193
100,370.711823,140.046982,39.468567,88.855148,0.000108
100,126.653275,195.002686,15.321503,33.438812,0.000099
100,576.923828,166.394470,91.368225,187.608795,0.000020
125,105.068329,148.668549,73.784576,164.832336,0.991898
125,71.462639,180.607391,44.055397,93.171143,0.966437
125,45.945320,201.630600,16.839409,35.787247,0.911210
125,444.820404,99.569443,117.024689,261.636475,0.842183
125,95.339127,177.865051,52.688339,117.411530,0.334040
125,514.771240,293.788879,46.010742,102.691772,0.132252
125,261.194489,207.362228,17.055908,37.071182,0.120805
125,490.027832,164.105621,109.885498,243.850006,0.062601
125,505.171692,261.493561,69.564087,150.509674,0.052731
125,436.506744,175.462952,91.603180,196.872650,0.015291
125,408.764557,140.933655,72.531860,165.172119,0.014294
125,444.790649,278.497894,47.884399,104.625336,0.008106
125,15.741693,201.608627,18.141754,38.023819,0.005944
125,603.520813,134.542587,25.621033,53.838852,0.005398
125,65.128029,201.005768,18.307190,39.833450,0.004599
125,442.509277,300.218079,30.259277,70.529724,0.003997
125,600.543457,134.849548,36.290833,78.866974,0.003794
125,270.388397,206.482208,16.867126,36.311310,0.001615
125,188.816254,200.318909,17.149094,37.797867,0.001433
125,678.697083,190.815521,27.639404,59.497162,0.000657
125,222.092026,85.818657,15.708313,31.840347,0.000541
125,35.417259,204.650452,14.486675,31.359207,0.000226
125,653.092834,185.534637,19.220642,40.379929,0.000091
150,1.000000,148.443008,71.534859,157.510880,0.994817
150,158.112122,135.424011,88.473083,191.632782,0.888915
150,213.513596,229.385330,38.571625,89.241318,0.258662
150,427.049896,137.780838,52.023132,116.972244,0.038057
150,452.377136,161.641281,91.133667,188.479721,0.016625
150,78.986679,205.967896,19.575638,42.705215,0.008685
150,3.677489,156.719742,40.410477,132.694901,0.007929
150,161.467636,151.551193,61.072449,134.434799,0.006538
150,529.372925,168.771194,95.103210,202.074905,0.000717
150,407.514221,127.860901,105.547058,221.513855,0.000304
150,608.964539,76.217056,96.947632,205.060623,0.000252
150,230.629898,174.410080,39.757431,86.450150,0.000223
150,649.199646,98.727188,25.659485,55.646698,0.000205
150,155.153214,267.939453,23.251694,51.998657,0.000195
150,163.649170,252.614182,39.763000,86.150528,0.000163
150,135.444580,183.050766,32.186646,71.671051,0.000155
150,639.409851,90.137680,40.174133,87.701706,0.000149
150,141.003006,199.638000,18.143768,37.701187,0.000142
150,629.201843,196.716553,39.756592,87.177612,0.000108
150,613.709656,73.621521,68.604492,147.528198,0.000092
150,151.860229,251.568481,34.315735,75.881104,0.000062
150,304.056702,215.047180,14.289062,29.817566,0.000045
150,147.712418,218.691055,49.891785,105.148178,0.000040
150,401.068451,210.323486,17.353088,37.171494,0.000013
175,399.710175,183.893890,46.694275,99.911163,0.977637
175,5.826590,167.441010,39.994812,119.357605,0.880085
175,78.573761,208.211792,17.771149,38.039520,0.862121
175,64.281204,203.282730,19.426125,43.055130,0.620854
175,108.953415,152.200974,68.884537,151.760513,0.595116
175,368.054565,194.251282,35.161560,78.367096,0.277090
175,49.695332,204.608353,20.879627,45.656128,0.200006
175,92.370255,203.973618,19.174118,41.086014,0.049535
175,521.621155,137.135925,112.048523,234.220947,0.027624
175,236.776337,201.302048,18.359421,41.106201,0.024019
175,19.260233,190.997604,34.803078,79.000748,0.010081
175,225.356735,200.981125,21.261871,46.806747,0.004420
175,105.230629,171.063782,48.654747,111.661255,0.003061
175,110.980164,92.357948,41.353592,89.805626,0.002745
175,473.535095,128.833221,106.964478,233.054474,0.001812
175,9.280092,216.249649,30.989122,69.826553,0.001107
175,492.658539,33.250511,97.429962,210.352661,0.000940
175,80.544060,152.140427,39.639641,90.776413,0.000607
175,73.299294,178.511871,30.779297,67.419769,0.000361
175,26.364868,196.476898,24.468029,49.750198,0.000340
175,107.997108,196.584244,29.365715,65.624100,0.000166
175,519.994080,29.113419,101.830322,179.999695,0.000146
175,62.339592,160.048203,53.850281,112.868332,0.000021
200,41.046024,191.718246,40.809887,89.357224,0.992388
200,108.909775,212.202881,17.160538,37.595993,0.939131
200,15.360536,201.883102,17.239307,38.088150,0.791556
200,55.788383,203.497086,28.384171,60.392990,0.584001
200,135.319626,170.673218,54.673492,116.507904,0.578092
200,32.484711,194.677322,33.410591,70.738388,0.142066
200,572.629272,162.132462,89.229980,193.189743,0.133976
200,583.206482,153.011566,48.714172,107.637817,0.102190
200,99.963623,209.200928,12.881973,27.492325,0.094419
200,3.526759,201.206635,17.415348,35.558899,0.066157
200,27.580044,199.221268,22.832470,49.865891,0.056794
200,71.034332,208.119705,23.411018,49.317307,0.056441
200,82.857033,206.635056,13.764191,29.435745,0.048744
200,154.013168,192.817688,41.407410,87.282501,0.021332
200,304.512238,212.614319,16.751038,35.721893,0.015739
200,595.901672,212.051300,56.237244,117.488007,0.013915
200,142.526169,210.269928,31.694427,71.663757,0.013909
200,190.400864,202.393463,14.042267,29.829910,0.005583
200,128.748627,218.218857,17.410095,36.686890,0.001484
200,186.845566,91.465378,27.938141,62.176041,0.001398
200,124.764206,193.738083,34.562363,75.241440,0.001249
200,544.589417,57.469635,143.011841,293.996979,0.000891
200,291.030853,209.056839,16.636505,36.297073,0.000815
200,464.849121,186.444916,33.897644,74.430603,0.000280
225,47.784992,203.196487,18.276211,40.970718,0.973467
225,122.335617,195.898407,28.533463,62.009125,0.972243
225,223.893768,200.526489,20.843735,45.328903,0.935320
225,76.812630,209.015991,29.175087,62.591705,0.922248
225,164.299530,183.637711,44.240509,94.066696,0.872914
225,230.208954,199.312958,23.151123,50.239594,0.398369
225,20.297934,200.081390,18.754690,40.297745,0.370242
225,30.839724,201.992386,16.698565,36.961548,0.312818
225,208.523544,203.419144,20.198746,44.688171,0.047122
225,67.391998,207.934967,19.491707,42.563995,0.016395
225,87.397087,212.218063,25.046242,55.387466,0.014919
225,396.321289,204.230896,21.427277,47.738083,0.014749
225,178.405930,201.978668,31.441528,66.479828,0.013953
225,66.189156,208.847961,13.705101,28.723068,0.005464
225,382.623016,204.944565,20.884674,46.601547,0.003945
225,257.403351,204.289444,13.976288,30.208435,0.002668
225,263.353851,77.725082,29.684509,67.075668,0.002251
225,545.577209,198.061676,30.946899,67.031830,0.000720
225,136.861389,179.629074,41.002930,86.137161,0.000391
225,370.908112,209.099869,16.845367,37.598068,0.000202
225,202.887222,162.151474,51.557693,106.086716,0.000041
225,486.366730,44.767502,119.433136,240.232376,0.000003
250,196.235687,184.397827,36.673508,77.771088,0.996952
250,306.833130,190.924606,33.489929,72.097214,0.860118
250,32.903580,198.183548,15.685764,33.785004,0.808334
250,16.125986,198.357361,16.935949,37.012589,0.751472
250,122.582932,200.425323,31.698151,67.938263,0.748838
250,253.285049,204.277908,18.259995,39.685303,0.721909
250,101.256287,203.115158,14.632256,32.247879,0.636251
250,112.495064,199.831665,20.167366,44.040421,0.299504
250,319.327881,192.915466,36.340454,77.145935,0.199063
250,44.353638,201.866852,14.532295,31.643494,0.140458
250,343.587250,67.413467,35.970551,78.049042,0.025735
250,241.713577,197.375381,21.768997,47.701462,0.024444
250,336.033661,195.098404,32.134369,69.585648,0.013842
250,204.228806,214.029938,24.493164,56.265259,0.009909
250,215.836700,195.376785,23.221863,51.717651,0.006542
250,343.186066,198.223709,20.809479,44.947372,0.003542
250,480.575104,215.623138,17.281830,37.047958,0.002768
250,127.585068,91.021851,16.772354,36.571846,0.002364
250,135.809814,201.003677,23.207199,51.405396,0.002004
250,290.972198,169.763519,52.542236,108.961487,0.001043
250,524.336243,15.491647,117.080139,245.775040,0.000026
275,195.371338,194.147369,33.506393,72.953949,0.996167
275,414.865967,202.789429,32.684357,70.751404,0.993430
275,534.490479,180.929672,59.278320,128.680496,0.983562
275,114.990662,205.642487,20.189484,44.862778,0.966452
275,133.041916,198.373535,31.764969,68.881134,0.933013
275,335.542999,214.172668,22.260498,48.549255,0.932803
275,52.608238,206.366074,14.600624,32.404755,0.831214
275,288.776581,210.874451,22.578369,49.103638,0.763968
275,121.388130,203.000046,25.536598,54.086533,0.730627
275,343.916473,212.596115,20.880127,46.011490,0.616981
275,294.314209,207.746002,25.583740,57.303925,0.335634
275,159.462265,206.862396,19.175598,41.389297,0.313505
275,60.703857,206.257446,15.403915,33.485611,0.095369
275,203.935242,218.846466,24.116074,52.360901,0.029119
275,274.553802,211.870895,16.051178,33.669876,0.027095
275,35.600754,207.127838,12.654293,27.405350,0.022730
275,19.435493,207.519424,13.486202,27.963760,0.006047
275,235.934662,203.341599,20.902222,44.831879,0.005165
275,212.831146,197.064758,30.050308,65.489075,0.005117
275,546.135925,163.395126,82.490662,170.499893,0.000235
275,314.580444,144.228104,63.411255,132.291458,0.000079
275,605.052795,65.992210,94.681335,199.205353,0.000043
300,494.565887,191.040085,47.202118,101.661972,0.993791
300,87.978111,197.022873,26.824348,57.263580,0.992584
300,61.198631,203.641113,19.617462,41.898773,0.991103
300,155.493500,201.322174,25.104324,53.981216,0.969099
300,127.035782,204.818512,19.745575,43.426010,0.907439
300,368.279572,210.942261,21.294281,46.184326,0.856914
300,163.153839,190.966782,30.278625,66.057846,0.830810
300,304.450714,204.169128,24.704803,54.380615,0.806816
300,148.775848,203.102402,21.124329,45.733948,0.622883
300,106.352043,201.954666,23.532661,50.404510,0.534479
300,86.091049,205.317001,16.767593,33.208466,0.273874
300,147.156525,206.170685,15.159134,32.252731,0.210313
300,358.159546,212.274826,20.308075,44.338974,0.088897
300,272.896912,211.228043,14.731293,31.716827,0.050347
300,170.687302,213.396973,20.888931,45.441162,0.029492
300,577.229736,214.881699,16.855896,35.386093,0.011996
300,290.068054,209.690796,16.689972,36.256561,0.006841
300,101.668739,192.248383,34.189201,71.378113,0.003991
300,258.430359,205.037201,14.701202,31.427414,0.000656
300,174.566757,93.112999,16.072617,34.180557,0.000310
300,340.802368,151.526413,60.369202,124.554489,0.000056
300,525.104431,76.824516,91.658508,191.608826,0.000031
325,74.342537,185.913269,26.673569,56.581375,0.993748
325,35.454029,188.187592,26.947258,56.613800,0.985075
325,87.333405,191.165588,25.033531,54.308304,0.977073
325,11.041189,187.665833,29.162642,63.011505,0.960124
325,373.043335,204.638931,26.158661,56.865067,0.949735
325,130.063934,192.275589,18.511581,40.651199,0.775455
325,295.037262,190.950195,31.431854,69.043243,0.395995
325,112.341774,197.509171,17.959175,38.630692,0.338813
325,356.770935,208.799591,20.075500,44.125656,0.113175
325,291.400238,199.292374,24.527191,52.963089,0.102180
325,141.310776,191.973312,24.513809,52.455170,0.059269
325,270.783142,198.712250,17.752594,38.384918,0.050915
325,255.172668,196.141388,19.261688,42.324814,0.011225
325,652.176758,216.103790,25.534729,54.806641,0.011200
325,150.530258,194.050751,24.076736,52.684708,0.006736
325,658.122742,179.730698,47.117310,102.477798,0.006479
325,362.364655,185.726074,33.134216,69.763000,0.001562
325,157.097107,193.580276,15.812897,33.168167,0.000517
325,505.880920,197.846024,26.573364,56.276810,0.000379
325,515.745850,154.619720,39.116882,84.805634,0.000191
325,581.573364,47.597137,88.174011,184.686630,0.000150
325,349.729309,155.939972,54.826904,114.492828,0.000090
325,604.164246,196.152176,29.694763,65.490768,0.000060
350,55.568573,187.162048,25.941673,57.581635,0.941431
350,129.220093,197.031311,22.910004,49.752106,0.925990
350,27.524179,190.713013,25.447550,55.511475,0.913651
350,405.144318,207.114777,25.854614,55.556519,0.912963
350,318.387939,189.441940,32.921082,71.249161,0.827958
350,667.851685,190.077332,41.761414,91.363190,0.827809
350,15.900957,188.084900,26.540766,57.614487,0.728847
350,386.578766,212.056046,20.230591,44.214554,0.587744
350,47.413834,192.712875,23.935738,51.027954,0.427886
350,140.951797,202.750900,22.335007,48.433304,0.362126
350,155.862686,222.889420,15.825073,33.042664,0.070695
350,612.158325,197.054810,33.074219,71.526428,0.017143
350,291.141113,193.726395,18.320740,39.400681,0.016751
350,274.209625,211.271790,15.795410,33.311844,0.008740
350,296.877136,193.898376,24.670837,51.836670,0.005240
350,247.356445,187.932007,28.563324,60.899765,0.003510
350,267.212372,190.667480,27.861420,59.383682,0.002460
350,424.714417,207.546082,19.231384,42.870895,0.002079
350,390.803955,195.003677,40.794891,84.734573,0.001262
350,155.394547,201.880539,19.002228,41.783401,0.000914
350,287.403259,203.173950,17.336792,38.478745,0.000407
375,6.805257,189.308075,28.574156,61.470795,0.993455
375,68.584999,188.491959,31.179527,68.404861,0.992228
375,458.985596,198.596786,29.347809,62.484756,0.875046
375,47.715275,203.411316,20.774426,44.849396,0.810367
375,370.252655,185.229660,38.106812,81.386795,0.458448
375,62.940517,193.667480,25.599689,55.940186,0.350482
375,471.526123,205.942291,22.090363,49.682129,0.238928
375,156.899094,199.460892,25.259674,54.735275,0.206147
375,31.200991,196.491592,19.669321,42.835037,0.054826
375,342.619446,197.834793,25.174042,54.361603,0.039003
375,142.853027,198.549728,24.189911,53.335464,0.026074
375,168.404770,204.363693,23.490433,50.882431,0.024218
375,316.406799,201.395935,25.123932,54.969757,0.014673
375,209.249832,232.298950,14.273590,30.882202,0.011739
375,176.332840,222.418304,16.339584,35.413757,0.011346
375,336.502991,207.612228,20.026276,42.917557,0.004334
375,290.926361,192.389420,14.120697,31.039658,0.001082
375,432.042664,116.153481,71.455719,149.122437,0.001013
375,286.606415,189.006210,21.821045,46.980881,0.000976
375,490.619629,207.563187,19.196960,42.365341,0.000236
375,326.561188,186.283081,40.647644,84.036316,0.000125
400,33.124958,188.189819,30.643471,65.336624,0.986323
400,143.249283,195.499649,27.055588,57.272797,0.981831
400,97.722717,184.443542,36.325455,77.622284,0.975429
400,578.952637,205.283356,34.412842,73.875732,0.957919
400,117.970734,195.675720,29.564911,63.770813,0.957153
400,657.352295,196.672028,38.587524,83.327698,0.883390
400,81.794296,202.018677,18.070763,39.091461,0.569409
400,593.522583,207.108078,32.588074,73.184219,0.385686
400,465.672394,174.621735,52.014557,109.313416,0.239392
400,11.127808,190.808670,24.646496,51.996857,0.237576
400,211.616577,200.965454,28.997421,61.152588,0.117036
400,173.278946,198.553970,21.865173,47.923325,0.102925
400,390.501556,196.525543,33.250153,72.372437,0.011142
400,272.044556,241.099472,15.740662,33.428757,0.004948
400,380.397705,195.750961,30.896423,66.466171,0.003695
400,235.290771,228.090866,18.783463,40.842026,0.003337
400,222.286148,216.499939,20.157700,44.182190,0.003331
400,402.255737,197.751892,32.016479,69.757690,0.002020
400,444.161865,198.882919,30.747711,67.880753,0.001135
400,512.372864,64.891624,88.911133,191.473114,0.000154
400,399.596313,175.985672,48.866058,100.743057,0.000057
400,455.580139,207.010513,30.578003,64.359055,0.000037
400,261.399048,202.644058,32.680359,70.687332,0.000034
425,141.329285,186.553009,38.244598,82.745667,0.996994
425,85.091530,199.226532,30.313339,65.078644,0.992144
425,203.644592,194.465775,38.041168,81.235977,0.988024
425,234.632172,198.114685,35.059967,75.226837,0.985281
425,48.457588,201.810013,27.907776,60.065506,0.969010
425,27.856712,202.421249,21.907139,47.552872,0.804777
425,545.447815,193.359253,42.323547,92.163910,0.384115
425,637.376770,172.062149,59.391357,126.064011,0.383721
425,281.826233,206.327820,28.715271,61.640167,0.102576
425,271.981415,212.330719,22.437988,49.629547,0.056907
425,372.339630,256.273407,16.201569,33.068024,0.056465
425,296.922241,212.865463,27.255463,59.356766,0.050677
425,520.811523,192.333237,41.086853,90.763474,0.037131
425,333.215332,248.975647,16.322632,35.239624,0.006343
425,616.264771,203.866440,43.324951,91.182785,0.000509
425,507.252930,199.650131,34.000610,75.687149,0.000142
425,501.258331,90.122124,89.313019,183.133453,0.000060
425,582.815674,103.529350,75.843384,161.081940,0.000040
450,200.020981,182.558533,38.371445,82.609558,0.995970
450,126.288193,187.338608,31.986160,70.961227,0.995847
450,107.383797,198.927917,23.749611,51.307083,0.992964
450,302.225037,185.467163,44.788757,96.039978,0.985533
450,341.941406,192.508835,39.051636,83.143600,0.940409
450,402.451019,198.484497,35.782654,77.594818,0.905427
450,324.166626,189.821304,42.380066,89.139420,0.288049
450,166.577316,194.933640,26.571579,57.513657,0.242599
450,160.707733,195.859818,21.678848,44.858780,0.154908
450,355.741791,198.726746,29.738770,66.880951,0.049440
450,382.973267,198.435684,33.374359,71.057999,0.025512
450,307.369629,242.027008,15.299347,34.226593,0.007801
450,520.128479,260.790100,23.300903,50.736176,0.003317
450,454.747681,243.109528,25.206818,53.971680,0.001430
450,421.698059,206.191879,26.210022,56.055222,0.001132
450,236.439789,198.324265,19.865356,44.035721,0.000542
450,656.813843,127.653824,44.665833,97.314758,0.000335
450,439.064819,195.099854,35.804688,83.685852,0.000123
450,447.007050,210.885437,37.199860,81.182281,0.000054
475,190.381195,189.207275,37.071823,78.298950,0.995759
475,256.033447,184.672989,40.796112,88.609604,0.994720
475,146.841980,189.548035,36.425171,80.305023,0.993942
475,462.505402,178.788467,55.785126,120.145309,0.988750
475,16.244970,194.829041,22.825335,49.505371,0.987828
475,227.425018,186.625580,37.166840,80.830292,0.976503
475,411.799713,177.176514,56.692902,122.454681,0.947751
475,529.971680,201.625000,41.066162,93.443573,0.766548
475,638.325317,246.712433,48.597595,105.299713,0.594832
475,629.424133,191.503021,72.081665,155.204102,0.521008
475,294.946228,193.498001,36.431976,76.953720,0.503110
475,426.380615,257.417572,19.554565,40.522156,0.210708
475,166.572449,202.532104,24.105133,54.052124,0.049017
475,417.632019,254.224808,20.407074,43.879044,0.042483
475,405.311676,257.335541,16.358887,36.702850,0.008606
475,551.077942,205.578918,28.323242,64.757477,0.007082
475,514.218628,205.887817,14.101501,30.553970,0.004869
475,502.122864,198.520660,40.097412,90.816742,0.003704
475,42.192432,196.420700,19.197739,42.993912,0.003548
475,511.274475,209.833649,19.952942,45.859695,0.001679
475,579.289673,159.300125,71.380798,159.948441,0.000278
500,164.288040,186.992233,36.912567,81.409164,0.997701
500,288.134857,166.702026,53.300903,115.904724,0.997476
500,61.374462,195.375214,24.718266,54.247589,0.992535
500,249.689133,187.980362,39.941299,86.548264,0.991774
500,599.353577,157.719009,85.825134,185.106583,0.925409
500,17.352642,199.379272,21.102123,45.837158,0.883769
500,569.555054,194.297073,64.339539,136.510208,0.403612
500,231.654877,200.431976,27.784363,57.665222,0.352999
500,368.039917,184.371429,43.519775,94.080780,0.122017
500,25.109816,200.861740,17.473024,38.805359,0.094487
500,226.251984,201.033066,23.196960,49.553940,0.043292
500,317.978241,190.718262,37.418549,78.671173,0.025435
500,327.838928,195.641220,25.367004,52.074539,0.007660
500,336.523193,199.179214,14.437195,32.969604,0.005009
500,208.933517,199.815781,15.014725,33.758408,0.003687
500,552.838135,193.955276,47.046997,107.441971,0.001643
500,203.559921,199.539154,23.684418,48.295807,0.000974
500,345.183014,193.143295,34.397614,74.899216,0.000433
525,168.973541,180.043121,39.673553,87.432709,0.998372
525,71.747955,190.188858,27.948936,60.813492,0.996413
525,305.621429,158.760712,56.784698,121.537872,0.991750
525,102.928833,188.591385,27.040085,58.640198,0.985879
525,394.502380,177.487946,40.785950,87.481842,0.973847
525,261.757141,185.918549,37.293945,80.246124,0.966271
525,47.265594,191.662872,23.587349,51.238586,0.963083
525,25.092218,184.285690,27.261450,59.656799,0.826435
525,288.832886,167.990936,52.333435,112.814423,0.371150
525,452.535736,181.195724,46.230652,102.233719,0.160866
525,351.412048,184.630066,39.781769,88.223724,0.054580
525,337.870300,176.192551,42.118622,91.817062,0.051092
525,276.030457,191.674622,27.711761,59.867004,0.010242
525,269.538818,188.316208,25.028534,53.184067,0.007569
525,382.448334,195.208618,20.930054,46.881897,0.004701
525,379.199768,183.861130,33.064026,71.426865,0.002775
525,652.137939,146.457779,14.600586,30.542557,0.002665
525,422.847900,176.065125,47.540375,102.279327,0.001715
525,647.565979,146.203415,12.512146,27.175461,0.000967
525,21.795013,202.382401,16.921116,40.371078,0.000813
550,160.126572,176.519379,38.389954,86.487793,0.997040
550,319.745941,147.647415,68.345978,148.020004,0.996031
550,135.070297,187.233795,29.354019,61.841003,0.989714
550,384.411743,168.130295,58.656097,126.808243,0.982182
550,67.181686,191.036728,24.057716,52.004318,0.979555
550,26.312489,196.556946,17.298855,38.455627,0.962233
550,89.255264,192.209793,25.247513,54.470642,0.925762
550,284.538452,190.542084,38.621918,82.939362,0.777380
550,76.359161,190.236877,21.571831,46.459198,0.719339
550,618.519958,175.902679,69.849121,152.527069,0.161034
550,358.708374,158.102859,65.325287,133.274246,0.038643
550,541.449402,170.032349,48.711609,102.740356,0.031460
550,553.792480,179.088974,51.246582,112.217300,0.021071
550,297.154938,161.394745,63.321259,132.075409,0.006408
550,565.230347,174.979645,66.900269,141.510193,0.004166
550,640.856812,173.854660,17.123108,36.574173,0.001139
575,186.899689,181.028534,41.764145,92.337189,0.997028
575,363.674530,130.579193,86.432831,189.141083,0.996878
575,534.484009,148.325989,84.901550,184.196808,0.996580
575,26.042377,189.600006,24.934231,54.323959,0.990219
575,128.143372,193.537369,24.067032,51.958359,0.984285
575,271.585938,176.862640,43.638367,94.224274,0.980011
575,96.042091,198.017975,20.143501,43.475174,0.971447
575,148.625244,192.383636,26.663681,57.560822,0.933356
575,135.490005,191.285706,27.112534,58.238617,0.930536
575,414.844635,168.956345,57.565063,128.260269,0.876531
575,44.059021,196.170227,19.198433,41.976807,0.337133
575,20.791418,194.525238,19.196089,41.503555,0.312125
575,514.176514,182.460876,46.802124,103.346161,0.198207
575,498.691315,195.925171,19.376190,40.675903,0.093250
575,575.317322,156.933456,73.993042,163.883957,0.040647
575,479.250031,201.849854,14.194000,30.980286,0.025941
575,85.911018,202.917511,13.467781,30.191284,0.025321
575,604.447876,187.448471,51.702820,120.789291,0.018123
575,66.113701,204.193542,11.858948,24.342255,0.007995
575,468.193481,197.269180,17.127655,37.702209,0.005469
575,545.517395,208.399689,58.642334,123.149933,0.003819
575,654.856262,201.139297,16.635803,35.505508,0.000566
575,645.424683,189.100174,31.279297,66.587936,0.000202
575,21.962797,80.278282,29.717112,63.192162,0.000108
600,441.649445,95.853172,121.477631,270.404724,0.986865
600,66.301857,198.074844,19.876816,42.941864,0.980893
600,203.180527,157.420654,65.900345,139.163391,0.974617
600,109.599228,199.570084,18.620056,40.416214,0.972528
600,260.673981,176.850876,45.960754,101.871506,0.972232
600,586.725220,150.882904,81.377014,175.575439,0.956143
600,78.815056,193.459106,22.508263,49.143066,0.865330
600,172.360992,199.003555,19.122299,41.427689,0.859788
600,128.989395,204.137497,13.617371,28.607529,0.234013
600,93.495201,192.689026,19.968475,43.808456,0.122579
600,16.407696,196.194214,17.057190,37.649796,0.115410
600,226.173141,192.014908,46.334457,101.957840,0.054775
600,166.648697,201.566437,14.258545,31.588257,0.036563
600,145.575989,204.881973,12.462296,25.787659,0.022401
600,614.455872,153.673035,48.338257,102.298676,0.004017
600,463.056976,137.790359,86.221161,184.950516,0.003236
600,499.080200,110.553688,103.130554,224.878845,0.003140
600,185.690262,183.521347,42.454895,93.969131,0.002717
600,187.082565,197.415146,20.379471,40.250153,0.000824
600,32.438034,201.078735,13.686337,28.263916,0.000586
600,578.513123,200.844833,16.562988,35.281769,0.000579
600,588.846436,193.013382,25.130432,50.810593,0.000482
600,54.127110,201.276291,12.815495,28.457977,0.000249
600,92.246559,83.263649,24.685715,55.027199,0.000131
625,227.980469,177.527100,44.956146,97.373291,0.996942
625,474.385681,174.094330,59.215576,130.135498,0.993715
625,313.942322,179.925842,46.518005,103.367096,0.990858
625,272.183655,196.601883,30.064270,64.538803,0.980458
625,125.068756,197.832581,21.417007,46.467438,0.913195
625,90.573227,202.106812,19.409462,43.280746,0.897136
625,581.755798,71.441628,138.244202,347.871704,0.890137
625,223.517868,195.298492,30.016876,63.934204,0.821265
625,81.311813,200.698441,19.289352,43.210083,0.789140
625,65.667633,200.329391,18.298004,40.746719,0.707516
625,514.269104,198.792679,42.083740,90.876755,0.496063
625,162.309387,205.796310,14.592407,31.013550,0.395765
625,175.692429,207.089905,14.337173,29.532059,0.341803
625,213.504837,212.509125,16.960678,38.662994,0.179122
625,144.015686,205.130447,16.070816,34.702133,0.166634
625,115.137482,204.333542,15.616028,34.205780,0.021313
625,556.603638,207.591873,25.963562,55.846298,0.019531
625,47.069118,200.558517,17.302860,38.920364,0.015063
625,31.196184,199.345627,18.406210,40.786636,0.008338
625,602.909729,199.109802,24.821533,52.956238,0.002260
625,592.952148,190.720413,50.915405,114.739334,0.001779
625,590.600403,164.353256,80.826965,179.906967,0.001162
625,543.007019,199.674133,46.565125,101.019196,0.000792
625,132.086700,82.735893,28.533813,61.827919,0.000767
650,515.947510,158.355057,74.404480,164.152908,0.997021
650,305.417694,179.637360,44.026978,96.064545,0.995516
650,411.984619,169.621323,54.340485,116.673599,0.994736
650,251.650742,193.316742,29.063705,63.350647,0.989208
650,14.694296,197.163391,16.799931,36.616119,0.989101
650,107.713203,199.019226,19.645668,42.865417,0.982958
650,143.739487,199.440948,20.920883,45.391342,0.963879
650,192.354721,198.059006,22.229919,47.623306,0.925822
650,53.564442,195.888138,18.664371,40.157486,0.887263
650,225.083969,200.539093,17.591141,39.401962,0.857841
650,199.752899,194.769958,23.736938,50.864899,0.850346
650,355.211884,192.085785,33.519958,72.382568,0.845402
650,81.680183,199.223923,16.368477,35.879486,0.827445
650,155.006058,197.565002,21.289780,46.665604,0.810665
650,98.131142,195.359726,18.757347,41.026932,0.581101
650,242.466202,198.077332,20.471359,44.660690,0.558933
650,174.626007,200.403152,15.972183,35.313004,0.368874
650,127.919579,196.659058,18.586296,41.536133,0.195402
650,374.197052,202.711960,26.715820,57.557724,0.012391
650,400.151428,215.644424,16.709473,35.436188,0.002159
650,35.776814,202.002975,12.515259,24.738190,0.001424
650,485.052826,199.914627,40.768524,89.539383,0.000339
650,470.790527,161.839554,71.459167,152.315292,0.000093
650,208.994034,81.831978,23.068695,50.510506,0.000027
675,338.935272,187.731659,41.973419,91.156128,0.997406
675,548.415161,150.254959,90.929504,201.258194,0.995417
675,251.150360,204.647018,24.556091,53.517319,0.994874
675,465.113617,162.492783,70.089813,151.677414,0.994518
675,127.841942,201.567245,23.461632,51.401123,0.993594
675,59.206299,201.761978,19.751038,43.063126,0.988958
675,33.167873,203.324753,17.050934,36.833649,0.975891
675,422.685883,202.857071,32.504639,70.221329,0.972806
675,219.767166,203.052704,23.755920,50.523636,0.967059
675,189.068130,209.581207,18.465973,39.936691,0.910123
675,177.711212,209.528824,19.391434,41.705109,0.893033
675,84.046181,206.753632,14.556984,32.491821,0.788108
675,109.009262,204.476990,16.832275,37.367294,0.777874
675,209.854843,201.750641,22.168564,48.555328,0.677487
675,97.587761,207.184235,15.064407,33.237991,0.272158
675,160.178513,212.730225,17.660355,37.880814,0.194648
675,376.759003,204.682159,24.596466,57.129639,0.164679
675,241.781631,208.397308,19.354996,39.502075,0.091740
675,260.602509,203.557541,22.387115,49.562851,0.085944
675,271.594818,206.152863,15.252411,32.772369,0.067466
675,139.571884,210.100708,18.321167,39.026871,0.046561
675,53.319477,204.323547,15.244259,33.329117,0.041472
675,520.239990,163.054733,73.410950,154.047440,0.003466
675,234.476151,85.581314,23.428848,52.096405,0.000071
700,232.608292,196.900040,28.500870,61.755508,0.996378
700,592.503052,148.829086,102.798218,229.135880,0.995395
700,24.691282,197.635254,20.432570,44.259399,0.992272
700,124.544022,196.546005,26.341751,56.662094,0.991463
700,304.090027,189.300812,43.419373,93.622772,0.990772
700,524.795288,140.131073,95.747498,209.419403,0.974444
700,205.912735,200.566666,21.008163,45.662491,0.968351
700,340.808807,200.365509,34.219269,73.151825,0.936276
700,158.005173,207.866287,19.125229,40.884659,0.881338
700,93.737946,206.057022,16.007668,34.788177,0.831168
700,50.975384,200.478134,15.686535,35.500702,0.806174
700,188.038712,204.658783,21.493774,47.184586,0.789272
700,82.173874,205.629242,15.186760,32.378189,0.728544
700,177.349518,208.723618,18.042557,39.572327,0.710880
700,254.113129,207.932266,20.365845,42.446487,0.509963
700,66.331841,203.217575,15.181221,33.402939,0.362900
700,264.859558,206.298477,18.846741,40.732361,0.106664
700,447.823364,236.242722,15.159668,32.210495,0.035275
700,141.181808,205.250275,19.315063,41.023346,0.015513
700,227.594727,208.049942,18.554703,39.072845,0.010728
700,115.100288,207.675110,13.298531,29.017456,0.009909
700,433.924255,231.487137,17.166138,36.698074,0.003623
700,463.065216,231.813797,17.206085,37.028122,0.000686
725,314.215698,186.814697,41.033997,87.667938,0.998987
725,405.215576,187.724747,38.938446,83.691788,0.995878
725,271.214020,191.894852,30.634430,66.150345,0.995721
725,47.815975,193.304855,22.678104,49.270645,0.994049
725,17.431652,189.074066,27.110687,57.348572,0.992498
725,183.346878,200.257263,24.659943,53.446320,0.981398
725,223.147232,205.895584,20.618271,44.888763,0.901086
725,253.463943,201.389969,18.601212,38.359421,0.825994
725,537.108521,198.593506,34.252380,73.813385,0.820740
725,114.456573,201.974594,16.249588,35.651886,0.760023
725,206.179428,198.459839,22.758575,49.941528,0.746574
725,302.002991,203.734940,19.699371,42.795807,0.702776
725,128.057083,202.844727,17.362366,37.794586,0.657498
725,241.691742,198.950623,21.953339,48.354874,0.415743
725,398.872040,201.111130,27.198090,60.315628,0.314488
725,95.327469,201.835693,16.004997,34.655121,0.303897
725,161.670166,205.334808,15.705994,34.896591,0.267961
725,179.557037,206.330017,20.187195,43.703186,0.262847
725,143.751022,207.388626,14.227631,30.897980,0.094190
725,87.227562,201.448364,13.518272,30.286743,0.059173
725,384.578705,197.237549,30.333099,63.271790,0.025987
725,513.443665,239.744171,16.665344,35.944519,0.011891
725,526.469788,207.376434,29.369446,65.008911,0.002510
725,475.376831,207.109619,27.163483,59.798645,0.000291
725,488.372345,209.701248,27.961700,61.422012,0.000113
750,355.280151,186.479919,42.702423,93.630524,0.998903
750,491.476257,186.906448,49.983582,105.138474,0.994806
750,236.700684,200.343857,29.848816,63.919968,0.994327
750,61.756683,189.107452,30.269577,64.648163,0.992321
750,89.225914,196.829315,23.826622,52.328018,0.990003
750,322.105957,203.247665,25.720276,55.643448,0.989256
750,451.067657,199.431259,33.473663,73.556931,0.987387
750,626.308838,197.866501,43.364868,92.774429,0.975985
750,286.584717,201.504333,24.192169,53.167526,0.948921
750,201.048462,206.087646,21.684158,46.379120,0.907882
750,272.960327,207.855545,18.096252,40.124786,0.845526
750,506.346863,241.474579,24.755554,53.834290,0.823567
750,299.077148,200.779755,22.112000,46.971802,0.822264
750,161.979324,206.818405,17.755524,38.239471,0.820403
750,174.554382,207.689987,18.231277,39.272491,0.818937
750,349.993073,204.365707,24.810822,53.434555,0.749445
750,73.519775,190.427551,26.780296,57.501022,0.662225
750,195.072922,209.326370,17.574585,38.019760,0.620763
750,36.014439,204.149796,14.512215,31.791138,0.574906
750,588.141602,241.338257,21.154358,45.819672,0.448044
750,221.514236,207.682358,19.605896,42.352737,0.351706
750,143.452515,206.750229,16.689545,36.285797,0.298234
750,607.178589,244.081024,18.764526,40.527161,0.141640
750,47.981262,202.651596,14.906689,32.652939,0.079236
750,656.153931,206.505692,39.707703,91.577225,0.044305
750,134.844940,206.829926,14.612305,32.305420,0.022782
750,50.928341,195.504791,22.725460,49.077591,0.012286
750,533.805359,205.858521,34.363281,74.657623,0.004040
775,416.774231,186.954529,43.553131,94.695435,0.999046
775,305.673462,207.124451,27.969574,59.710205,0.986051
775,382.884460,197.691544,30.940460,66.963425,0.972862
775,548.945618,198.157959,35.239258,76.495697,0.972851
775,333.166595,200.528412,28.164185,60.391785,0.955659
775,207.974686,208.876175,18.251740,39.269882,0.952756
775,127.505554,195.053970,26.626526,57.538773,0.951162
775,625.157532,178.589966,67.681824,145.196869,0.928385
775,236.153214,209.144028,19.585526,41.833801,0.804555
775,346.272980,202.385849,25.332336,53.344254,0.691248
775,255.237579,206.102127,21.199249,46.237457,0.549873
775,221.063263,208.342087,19.200684,41.623047,0.540487
775,89.915871,177.471512,41.098930,86.660995,0.380458
775,192.305588,206.578583,17.929108,38.355835,0.338255
775,362.556091,199.777161,28.908325,62.436951,0.248390
775,265.249664,208.269547,21.099762,45.621597,0.248198
775,182.294754,210.376556,17.345810,35.783478,0.137287
775,95.581070,189.259659,26.338112,58.115250,0.039004
775,82.833092,199.969131,15.584084,34.307755,0.020868
775,564.219604,202.055893,29.972778,67.593246,0.013114
775,633.083679,247.543686,33.002014,73.203934,0.012069
775,657.135681,243.903519,36.148560,78.007614,0.005938
775,642.643372,244.762054,36.555847,78.741516,0.005374
775,290.704102,208.168152,22.114288,46.879929,0.002849
800,485.337219,188.893295,43.772278,95.909866,0.998640
800,157.442505,184.718643,38.691589,82.731583,0.996372
800,207.531921,202.926483,21.631073,46.784393,0.992761
800,364.967133,202.282181,31.192627,67.131882,0.992567
800,83.111435,166.244553,60.728455,130.640854,0.990769
800,434.800354,200.186523,31.552856,68.792877,0.988989
800,256.519714,208.848145,19.205109,41.558350,0.931355
800,662.440857,193.159637,50.585999,109.105652,0.775287
800,227.057678,206.091553,15.563873,33.110474,0.754436
800,218.379807,207.636322,19.833771,42.554993,0.691313
800,347.127930,209.622162,22.520355,48.115936,0.684136
800,241.057968,209.337662,16.491409,35.890472,0.622488
800,266.848480,211.241516,18.079651,39.119370,0.534094
800,304.981293,217.926239,15.521515,34.221115,0.501741
800,63.024326,203.782288,15.898617,35.339645,0.306779
800,336.473694,212.731430,18.522217,41.082581,0.142512
800,290.817352,214.632614,14.792358,32.960632,0.055335
800,396.098206,202.710114,25.568604,53.369843,0.046090
800,480.704315,212.197235,22.636261,48.605835,0.019091
800,111.233131,191.874298,34.524315,75.805206,0.005873
800,78.732239,198.197876,23.088470,48.083588,0.002616
800,52.248169,204.357544,14.459068,30.810349,0.002248
800,321.690399,218.720078,14.862274,32.953476,0.002229
800,492.412689,229.392258,26.719147,62.605362,0.000400
800,678.854858,257.435486,27.019470,56.925873,0.000251
825,80.649330,171.153976,46.381615,102.315414,0.998615
825,483.681854,193.119217,43.038971,94.515945,0.998515
825,145.436325,198.410049,29.222977,63.223282,0.997364
825,358.302216,200.778351,37.254120,82.184479,0.987534
825,390.960266,203.517532,32.196320,69.548904,0.978877
825,221.081955,210.864929,19.568604,42.183228,0.946690
825,14.407280,199.131607,17.971413,40.003510,0.943527
825,331.482208,210.980042,23.448303,50.495331,0.940770
825,427.754700,213.894302,24.722717,53.241013,0.778802
825,207.360336,209.768494,18.766205,40.476837,0.695443
825,323.095734,211.795959,22.546265,47.606628,0.580226
825,240.588287,212.849594,18.047668,39.162735,0.276638
825,350.772614,209.833389,22.630310,51.245804,0.228122
825,253.793213,211.869690,18.850769,42.013596,0.200511
825,301.338684,208.639618,22.193481,48.340820,0.196550
825,271.674896,215.364517,17.447937,39.570297,0.111950
825,195.363281,210.591125,17.678558,37.555115,0.109495
825,179.633575,210.357529,15.401749,33.359055,0.105247
825,443.778564,215.459122,23.098816,50.523972,0.054839
825,459.830811,212.624481,14.801666,32.144592,0.025345
825,407.786743,209.210983,29.643677,64.523087,0.021322
825,287.317627,213.831650,19.826019,42.706039,0.001202
825,489.453430,232.477921,29.071716,59.725449,0.000110
850,467.650635,187.610382,46.919434,103.144348,0.998767
850,81.403587,188.593506,28.853928,62.911087,0.995055
850,339.725983,195.355255,40.955902,87.985138,0.986133
850,296.397949,205.458649,25.605499,55.131744,0.979429
850,203.548309,201.123215,23.029465,49.922989,0.972884
850,163.337479,205.168762,20.112167,43.414352,0.931792
850,173.172928,204.334045,21.542862,45.997208,0.900177
850,143.882721,209.151917,16.280334,35.461700,0.875361
850,230.899841,200.459473,24.163574,52.198914,0.791454
850,19.150431,196.048050,18.035383,38.531586,0.697945
850,387.353302,203.934967,29.816345,65.506592,0.591881
850,254.031403,205.221985,23.448608,51.607208,0.570439
850,187.745026,204.320450,21.124985,46.176041,0.512600
850,267.199799,209.617950,21.733124,47.048401,0.494713
850,433.784821,207.412262,13.938812,29.173035,0.436476
850,291.592499,206.883194,21.210297,45.947556,0.421299
850,320.723053,202.996506,29.235840,64.170395,0.388488
850,421.947937,204.578979,27.510529,60.514313,0.071883
850,228.551208,210.137054,18.760635,39.321426,0.045741
850,412.901093,208.742798,29.532135,64.535797,0.022838
