25,543.269470,125.569290,29.056885,63.058624,0.993663
25,482.977478,112.614517,20.933044,46.011032,0.972348
25,445.281311,110.131927,28.879852,62.434692,0.921660
25,85.049042,1.000000,248.299042,514.565613,0.302592
25,135.531006,190.114761,68.428452,144.509018,0.108036
25,617.145142,117.223923,21.769958,47.751846,0.061315
25,610.197693,117.178719,19.815552,43.148186,0.005619
25,8.490037,166.180084,36.981876,82.440826,0.005369
25,55.198544,36.199677,155.884369,337.865784,0.004166
25,620.914856,111.254128,16.939087,35.958061,0.002264
25,47.829105,119.125496,173.933411,387.061951,0.001812
25,554.349304,127.468887,18.846863,39.794464,0.001360
25,459.508636,115.744232,19.647247,42.231155,0.001173
25,31.260942,162.549622,136.485199,298.930115,0.000708
25,180.828140,80.785568,179.299454,395.508057,0.000555
25,103.405891,106.080864,156.084076,339.140045,0.000522
25,32.409458,58.061596,106.051880,224.118668,0.000208
25,1.000000,242.413437,157.913773,324.381836,0.000086
25,191.272278,247.760651,172.852295,317.220428,0.000073
25,1.593080,90.821342,107.460411,228.633484,0.000063
25,203.719833,19.427349,135.679001,252.937332,0.000007
50,106.404137,178.988068,59.492149,127.640076,0.995370
50,32.165203,179.678848,65.244888,143.807755,0.995325
50,449.576935,170.558136,27.706451,59.715836,0.993690
50,401.193481,164.461258,21.002899,46.399185,0.988090
50,361.116302,163.027725,30.382111,65.341599,0.958121
50,355.481354,171.227570,24.463989,52.826202,0.239443
50,540.747803,156.207184,22.964355,51.659927,0.016533
50,378.642242,170.808075,19.827301,43.892426,0.010006
50,90.044189,197.460678,41.611572,89.798141,0.008442
50,94.046417,221.171814,21.598793,47.318787,0.003095
50,529.991272,157.656082,15.659058,33.343002,0.001646
50,81.893036,184.114029,59.044327,128.985489,0.000897
50,268.647064,144.402496,21.622620,47.838120,0.000720
50,346.730713,145.776154,49.090881,99.492691,0.000183
50,72.013275,129.052002,103.167480,214.306671,0.000170
50,255.775070,52.934887,67.857376,143.537781,0.000122
50,259.428314,97.018967,40.246979,92.548203,0.000107
50,173.917191,150.340912,18.510986,41.488739,0.000063
50,218.441711,53.562794,77.922058,158.569153,0.000039
50,5.184160,72.738991,103.991035,247.576904,0.000016
50,279.228058,35.534363,115.906769,215.459488,0.000004
75,340.564270,153.653320,27.367554,59.675003,0.995765
75,294.965485,148.848312,23.115021,51.643906,0.987741
75,242.739563,149.961411,32.697113,71.802643,0.970111
75,267.659332,151.782990,25.241150,56.453659,0.820758
75,440.055908,143.094025,30.865997,66.686142,0.725418
75,435.967865,147.323517,19.131927,42.143341,0.018075
75,1.000000,184.533401,21.494104,58.357956,0.010794
75,281.503387,144.271027,34.770813,70.707352,0.005914
75,155.735916,124.969414,22.611374,50.606071,0.003531
75,81.696877,68.255127,46.593941,105.695633,0.003497
75,194.702484,130.736115,15.209915,33.386093,0.001684
75,445.910828,144.224396,20.677948,45.313766,0.001457
75,11.726486,191.525635,19.353767,41.427582,0.000706
75,72.711990,47.115875,71.124649,143.271606,0.000351
75,3.253012,129.997742,40.006020,131.618134,0.000083
75,151.283066,94.195847,34.698395,77.771332,0.000049
75,227.796051,122.681801,62.385529,125.146660,0.000026
75,141.410736,74.441093,58.369659,121.292061,0.000023
75,115.025978,431.203491,37.417458,77.724945,0.000015
75,185.337128,48.112209,102.100189,206.161026,0.000001
100,276.692352,152.520065,27.254242,59.090393,0.995196
100,157.323288,160.201614,36.949341,80.963135,0.995126
100,231.356598,150.390778,25.299286,54.521820,0.988452
100,199.419830,145.085617,34.501968,74.284866,0.971259
100,219.350662,147.703308,28.974121,62.778473,0.397216
100,193.047943,156.651779,29.110291,60.046875,0.016168
100,384.102325,139.077148,23.498199,50.963440,0.015600
100,394.754700,144.168259,18.247559,39.876587,0.012029
100,179.591080,146.519836,48.158783,98.336380,0.008578
100,138.827194,133.560989,24.022476,50.188477,0.003242
100,386.051117,141.692520,15.480408,33.360550,0.003025
100,111.038864,125.742508,15.321877,33.455154,0.000973
100,20.361139,84.807335,41.671936,93.151772,0.000836
100,142.268967,129.158997,15.646118,32.466736,0.000617
100,91.821182,125.733414,22.015877,48.402695,0.000301
100,6.284853,31.190256,77.395126,165.314590,0.000266
100,168.103958,164.564346,24.433670,51.703140,0.000160
100,139.052811,110.797279,69.449387,141.710846,0.000092
100,412.030457,85.909760,112.229004,236.995270,0.000017
125,193.498932,129.469620,37.345612,81.791412,0.994216
125,299.401642,126.358482,23.527924,50.962212,0.993564
125,118.688400,140.856400,51.659332,111.906158,0.993018
125,233.801163,124.292496,32.712448,71.504944,0.984110
125,411.667603,116.418159,27.312744,59.282875,0.052327
125,418.239929,117.874489,31.236511,66.140282,0.025306
125,38.781265,76.836548,36.137268,80.218384,0.022517
125,415.166992,111.869019,17.623138,38.336838,0.008665
125,292.654938,117.069023,34.437866,74.178932,0.005936
125,214.786621,135.909866,27.633850,59.010300,0.005696
125,425.617065,117.869804,20.989258,46.685692,0.002182
125,53.675720,94.525665,25.825806,56.314529,0.001671
125,115.228249,165.969650,19.919609,39.127640,0.001223
125,145.630188,164.599304,28.888992,61.487061,0.001005
125,155.077515,176.885178,17.178024,38.014877,0.000720
125,61.268024,102.396362,16.857922,37.243317,0.000386
125,81.027122,107.397324,12.888313,28.613113,0.000093
125,93.603882,107.190041,33.525986,74.629601,0.000052
125,102.925278,99.225334,35.014023,79.500465,0.000043
125,94.706734,71.603569,69.343391,146.161407,0.000014
125,80.309578,130.864838,139.065857,304.542358,0.000001
150,298.715973,108.056747,40.900330,89.154678,0.996769
150,390.323242,112.327362,22.543182,49.129669,0.985168
150,221.842499,111.550415,49.187134,107.013168,0.982625
150,123.280571,130.700027,72.297798,157.070755,0.947974
150,221.871109,147.292786,30.751511,64.183807,0.042272
150,120.092209,165.081299,14.247513,31.447266,0.007917
150,127.386673,165.455841,20.997604,41.018402,0.004191
150,289.224304,131.757217,19.915253,44.606293,0.002573
150,147.904419,135.499176,50.856125,109.572021,0.001692
150,125.613235,184.317123,47.330841,101.686447,0.001320
150,504.899841,100.107910,29.417419,66.131775,0.001112
150,252.162308,116.912376,40.496628,88.531914,0.000838
150,509.076782,101.556503,20.862549,45.407578,0.000693
150,268.312042,147.605942,18.344910,42.066040,0.000423
150,525.655212,106.847321,17.240723,34.943222,0.000242
150,133.317673,68.392693,101.341797,217.935394,0.000210
150,170.886215,160.891495,20.139847,45.887878,0.000128
150,101.208412,63.195992,91.937340,189.367279,0.000082
150,141.467438,99.175713,44.414810,99.798805,0.000011
175,263.576904,114.177002,49.247131,107.246811,0.994664
175,413.607574,121.030884,28.595062,62.314926,0.989069
175,142.367752,121.030823,67.097778,143.425903,0.947652
175,548.002258,124.775902,33.205566,72.265648,0.058278
175,151.449936,194.023239,30.294724,65.061142,0.029934
175,140.900070,196.515564,27.726913,61.007385,0.012609
175,138.368713,165.599777,43.260513,97.715317,0.008881
175,176.873917,156.845917,45.668320,97.864594,0.007737
175,293.345367,130.715744,28.544617,62.012589,0.004922
175,162.131058,114.148071,16.675919,35.390350,0.004109
175,552.748291,120.395004,24.702026,52.162354,0.000810
175,301.812714,136.800735,17.104614,36.487381,0.000809
175,543.251038,117.806694,48.663391,106.576241,0.000532
175,230.609772,61.461430,88.806763,176.647659,0.000280
175,149.323135,77.888405,100.753403,216.269745,0.000275
175,70.278282,124.155441,174.066345,370.508118,0.000064
175,186.903458,157.262665,23.353027,50.803787,0.000034
175,119.487946,195.831985,151.509247,330.899963,0.000022
200,118.817497,97.410431,75.835396,164.514465,0.996920
200,412.269684,124.347527,29.697205,65.227028,0.989218
200,107.921883,116.157661,23.778389,50.722755,0.925227
200,549.757324,122.077248,35.096497,75.804070,0.051130
200,528.336975,138.273209,17.692932,39.481201,0.038399
200,105.164337,109.535164,36.353195,84.064598,0.031417
200,123.825844,111.894737,40.323509,94.475899,0.004771
200,241.783249,113.964684,34.902145,78.814018,0.003019
200,559.958679,127.150787,19.645752,42.555267,0.002117
200,122.018013,130.119049,24.980965,48.853180,0.001757
200,89.375443,71.621513,117.087387,247.462524,0.001055
200,130.184189,133.729065,18.349548,36.740662,0.000603
200,174.378342,151.207047,15.484436,34.764328,0.000386
200,370.279388,155.504990,12.099182,26.081680,0.000385
200,110.546494,134.633316,23.133682,45.754868,0.000380
200,246.987488,112.984329,24.997437,53.512115,0.000303
200,283.066559,120.397354,28.385834,63.246017,0.000221
200,618.114319,40.912880,88.526611,183.422089,0.000139
200,253.277771,113.112450,16.290466,34.935234,0.000131
200,154.695053,218.127167,25.754364,56.038239,0.000119
200,143.978760,172.784988,41.886826,95.098129,0.000020
200,2.897180,287.209442,155.585678,270.762299,0.000006
225,421.107910,122.649391,30.798889,67.013069,0.984844
225,369.542969,165.091629,11.625671,25.662186,0.011904
225,421.612976,125.907013,19.206909,43.917419,0.010358
225,437.317169,133.203751,21.297485,45.067703,0.003756
225,665.240112,141.462463,22.685791,49.777527,0.002059
225,239.345749,112.074921,15.896271,34.935547,0.001612
225,226.698166,108.085663,38.484421,88.299454,0.000976
225,556.934143,129.961243,22.543762,50.821838,0.000718
225,446.994843,138.350967,12.731079,27.025085,0.000438
225,406.301575,111.756691,45.403656,91.758415,0.000359
225,580.402344,112.820190,41.622314,95.988251,0.000124
225,277.502411,116.591316,32.992249,77.151283,0.000112
225,366.384216,154.965790,17.774261,36.104492,0.000093
225,402.717712,135.755844,16.035156,32.104736,0.000080
225,550.579224,57.986240,89.378906,188.655472,0.000067
225,265.298187,113.914383,33.154785,78.443726,0.000055
225,627.076477,61.728725,81.004944,185.926346,0.000018
225,670.032532,71.630707,44.747131,183.087845,0.000017
225,569.106323,62.368591,110.412537,227.225250,0.000016
225,82.470818,55.049156,82.937279,174.326813,0.000007
225,101.014252,102.275002,34.759521,77.009560,0.000005
225,205.287430,347.154297,121.480423,220.230835,0.000005
225,143.748795,358.134308,118.087997,210.228058,0.000005
225,130.703262,38.233562,86.898499,183.845078,0.000004
225,236.658844,104.339111,61.453979,130.224045,0.000004
225,253.781097,81.991287,79.581818,163.113480,0.000002
225,203.600952,63.259041,70.855896,146.527924,0.000002
225,161.558502,42.028316,115.774811,205.105789,0.000001
250,428.325684,112.340477,32.648560,70.250664,0.991786
250,573.167358,112.546478,30.688782,67.750107,0.137895
250,540.628540,125.610374,21.821289,47.127174,0.106019
250,262.259644,110.798058,36.296417,81.756142,0.038566
250,223.961365,97.928291,38.494110,84.137856,0.006328
250,431.886505,113.785072,21.382050,42.945671,0.004892
250,270.866425,124.965584,22.423004,49.518242,0.001658
250,243.308899,104.024902,39.236542,88.119644,0.001094
250,282.077820,138.256058,21.732239,47.929550,0.000805
250,556.923523,127.320343,21.184875,45.291977,0.000553
250,232.240280,104.618584,22.656937,48.745506,0.000504
250,270.639557,109.414444,19.072021,41.158035,0.000401
250,561.698853,124.533714,14.567322,31.494637,0.000247
250,575.949158,100.523384,49.055176,109.033058,0.000031
250,612.147583,43.487183,96.370605,219.434845,0.000006
250,7.844457,25.663910,106.228516,189.077805,0.000006
250,132.258881,43.862564,131.522797,230.695145,0.000001
275,420.731537,211.232254,31.374023,67.167343,0.982524
275,209.742157,200.162888,44.763168,98.230331,0.140984
275,554.747253,225.689438,20.639465,45.523911,0.004565
275,220.335800,206.691788,23.044754,48.822891,0.002808
275,434.920410,219.345627,24.161316,51.243118,0.002420
275,244.030518,205.392136,41.223938,95.683212,0.001648
275,93.874313,111.811974,49.673615,106.776329,0.000837
275,118.938637,22.450176,104.789040,205.903275,0.000684
275,587.806885,215.514191,23.813416,52.505066,0.000642
275,258.501709,212.726486,35.304779,82.470352,0.000613
275,591.720215,219.122330,17.109802,35.577057,0.000330
275,132.490906,85.993683,52.568802,118.682922,0.000268
275,545.052673,222.641647,42.714355,100.377792,0.000212
275,242.936096,278.304413,13.942688,30.792419,0.000173
275,132.208603,29.949757,141.724472,266.857086,0.000084
275,232.888077,236.694763,31.441971,68.222015,0.000076
275,72.178520,49.886063,109.787514,240.503006,0.000067
275,558.323547,50.963284,131.230164,272.806641,0.000056
275,239.502090,267.309875,21.188431,46.401825,0.000038
275,658.300171,39.477158,58.020508,227.248367,0.000034
275,630.091736,165.391800,80.790833,198.136490,0.000021
275,209.896652,149.044586,84.875626,178.777802,0.000016
300,390.529785,208.073120,31.498291,67.397919,0.984198
300,556.979675,222.638321,22.900879,49.991928,0.961168
300,177.695801,203.084457,28.521942,63.783554,0.044934
300,396.563690,209.761581,21.681641,44.051910,0.017015
300,176.665329,200.535477,55.126907,123.291428,0.016425
300,236.368469,224.306137,20.466339,46.387161,0.007330
300,404.860474,217.798767,24.709534,52.222595,0.006414
300,239.583389,220.355911,15.865509,34.386002,0.006360
300,230.051682,219.602310,34.396835,78.274307,0.002644
300,43.686707,73.060867,62.837082,136.590515,0.001719
300,594.475220,221.072113,14.675964,32.010498,0.001242
300,596.410645,210.088226,35.057251,81.268494,0.001065
300,187.324661,204.167877,20.191940,42.871536,0.001019
300,185.070633,214.240921,27.165695,58.099258,0.000503
300,31.530087,18.403862,108.673798,237.601746,0.000411
300,591.744812,220.929688,22.404968,51.148956,0.000394
300,61.112164,11.793062,123.955109,228.918045,0.000135
300,432.408539,226.637451,14.148102,31.452271,0.000121
300,190.474518,180.344513,68.671082,146.951385,0.000099
300,428.301514,213.120056,16.827301,38.265396,0.000098
300,145.444489,42.164673,89.167496,192.822952,0.000082
300,657.468811,44.248028,60.797180,226.808182,0.000048
300,147.514496,165.551178,90.136337,192.255005,0.000010
300,95.596947,33.367275,134.445007,276.558777,0.000004
325,565.511597,213.868866,23.018250,49.377502,0.992602
325,343.291840,199.484772,36.565674,78.740692,0.989602
325,607.995361,197.797287,35.581238,77.472885,0.932527
325,119.310455,193.050537,36.419586,78.783539,0.914784
325,424.639709,204.345001,25.660461,56.024200,0.127835
325,68.405548,191.672409,39.273354,85.196518,0.022303
325,357.572357,207.775711,25.633087,52.774185,0.011930
325,681.681702,227.121582,21.531006,46.233459,0.009169
325,595.322266,219.434402,15.208008,33.197876,0.003533
325,677.482727,219.657913,30.635620,67.404434,0.001249
325,597.500427,190.795914,58.921692,129.368912,0.000380
325,119.959892,174.367035,78.170967,168.495026,0.000068
325,385.392700,213.988998,13.961823,31.632675,0.000029
325,10.484765,22.076561,151.139511,251.688721,0.000016
325,57.281178,155.765656,59.729313,129.421478,0.000009
350,595.895569,218.296936,23.397888,50.397339,0.994372
350,276.030273,197.569092,33.209656,71.673035,0.976588
350,635.837891,198.851303,38.390320,82.873917,0.958489
350,202.887054,194.676956,40.646637,86.611099,0.394837
350,396.629822,216.386093,18.410614,41.510330,0.069447
350,105.266838,194.175247,37.499840,81.821060,0.024394
350,624.623596,205.297470,30.632324,71.029465,0.008874
350,626.620300,222.151382,20.516418,44.058121,0.003425
350,220.469666,194.149429,36.591217,85.466599,0.002923
350,255.254745,199.632675,33.922318,76.948135,0.002638
350,605.356201,222.285812,16.676270,33.194305,0.001211
350,443.708710,222.930069,17.920624,39.262558,0.001016
350,218.445969,200.746918,23.364792,48.707809,0.000929
350,121.357727,207.664841,21.538330,44.773468,0.000561
350,107.298111,188.187958,59.786072,131.991852,0.000116
350,180.392075,182.899048,64.370071,136.829376,0.000081
350,133.435059,138.095306,89.463394,187.502441,0.000003
350,8.353594,54.805237,136.943497,293.217010,0.000001
375,604.381775,207.609634,25.590332,55.492233,0.970547
375,307.687622,175.228607,49.325531,105.836517,0.956957
375,154.292938,174.949966,39.555130,86.117508,0.754880
375,659.725403,180.283020,43.973328,94.664154,0.754492
375,67.576736,176.947510,22.193703,48.320694,0.040944
375,144.604019,170.877884,57.345764,123.751907,0.019260
375,312.162170,183.126205,34.879364,73.003525,0.003985
375,76.083961,174.189087,17.672295,37.665833,0.003677
375,302.610962,199.965500,23.690063,47.374832,0.003208
375,289.302307,203.228241,15.802673,33.589935,0.001932
375,168.980103,178.432419,36.625687,83.511368,0.001604
375,63.777481,174.345917,34.902550,75.457840,0.000984
375,441.604919,208.765137,18.762909,41.713287,0.000824
375,289.585205,204.041199,21.175598,48.571548,0.000518
375,444.795715,223.291122,15.220367,32.802567,0.000301
375,437.567688,189.189804,28.249146,61.416092,0.000285
375,289.853363,191.179138,32.776031,70.735199,0.000104
375,58.063911,162.440399,59.195976,133.760956,0.000031
375,32.936192,167.440674,111.097702,230.468842,0.000025
375,64.140495,124.725876,105.233833,225.777634,0.000005
400,638.992432,206.725708,29.173645,62.413666,0.982469
400,355.064514,159.984375,71.981140,156.707733,0.891922
400,42.807728,166.560410,23.055904,50.605743,0.726558
400,17.520407,165.853058,22.576609,50.142929,0.342507
400,368.466278,208.929596,51.534454,113.731689,0.012194
400,17.286610,159.839706,33.277237,77.027924,0.005714
400,53.408794,173.346085,20.395123,42.849319,0.002316
400,356.381714,167.252045,48.672333,109.863220,0.002290
400,650.907410,214.121429,18.447632,38.290924,0.002021
400,29.738979,169.439209,19.193386,38.822296,0.001776
400,6.664908,151.585144,78.251350,183.793182,0.000521
400,3.246814,160.716599,42.552521,97.151291,0.000384
400,673.321960,216.880142,11.716125,26.921707,0.000259
400,450.104401,216.751022,13.048187,29.399475,0.000126
400,61.074078,172.926331,14.458950,31.003296,0.000089
400,161.820511,179.318207,15.984344,34.219757,0.000076
400,41.803246,152.542664,97.869301,204.614777,0.000007
400,174.228241,176.194687,13.794083,28.169617,0.000006
400,571.996521,83.131973,108.541016,213.687149,0.000003
400,79.009819,135.230743,97.968681,207.698242,0.000002
425,650.909607,207.426178,37.000305,79.148590,0.991491
425,180.424820,116.298286,111.565384,244.824310,0.171790
425,228.729919,228.538177,59.967896,138.393341,0.069808
425,208.054214,118.485382,76.269485,171.033356,0.067189
425,416.427979,226.841095,13.645294,29.833984,0.011613
425,220.200455,141.455124,51.344803,113.104294,0.002831
425,413.060608,213.406693,19.543976,42.983414,0.001173
425,127.126114,133.425949,119.334824,250.414352,0.001101
425,192.523300,151.549011,60.174286,132.955841,0.001022
425,243.968765,165.689743,31.499496,68.119904,0.000298
425,223.027115,96.331573,29.103302,63.772217,0.000215
425,240.606445,153.811615,53.816559,118.172150,0.000124
425,252.746933,177.639420,20.341415,42.065262,0.000050
425,225.545990,118.387077,35.826294,77.853569,0.000030
425,106.995544,205.566635,112.768433,235.612656,0.000008
425,202.328415,41.779503,72.199997,145.650238,0.000008
425,589.732910,69.959297,106.378479,215.636963,0.000008
425,253.081146,122.286461,124.167877,264.195374,0.000001
450,527.424866,204.314331,52.065125,112.751617,0.993647
450,617.637939,171.187149,62.729004,134.374680,0.930930
450,291.656647,223.829910,14.854034,32.635361,0.004708
450,641.787842,177.756805,52.206909,115.101776,0.004654
450,635.861755,208.959000,42.125305,93.493820,0.003047
450,627.953247,166.554718,42.019226,92.625092,0.002891
450,523.992371,225.561554,30.103699,60.558624,0.001997
450,534.255737,210.923279,37.183167,76.184204,0.001764
450,613.763062,214.844452,40.632141,90.679260,0.001178
450,617.906189,225.081894,28.609558,63.298386,0.000448
450,585.506409,168.325607,94.496216,189.825272,0.000428
450,286.258331,203.423431,25.569855,55.790405,0.000363
450,661.981445,212.608200,28.897583,61.675369,0.000360
450,646.469971,238.423004,27.603210,60.351654,0.000352
450,642.140991,189.974503,34.440552,73.872818,0.000090
450,301.370331,228.080887,13.848145,29.209702,0.000062
450,555.929565,201.046173,56.469299,117.456909,0.000039
450,488.364685,85.664581,104.311523,218.065308,0.000028
450,486.523407,156.325684,88.220123,177.522186,0.000007
450,598.543152,61.452362,103.136658,210.852203,0.000002
475,534.906067,197.568665,71.086060,155.427917,0.987745
475,548.675171,163.798355,83.611145,178.048935,0.919572
475,524.013611,223.877899,52.232910,116.001495,0.013432
475,585.406250,247.072998,28.470154,63.021667,0.007138
475,673.731384,251.015961,35.707214,76.519226,0.006166
475,665.740845,233.319901,37.273560,80.145004,0.003114
475,189.789978,242.443436,14.308716,30.552689,0.003090
475,590.360046,257.192932,19.607910,43.105774,0.001916
475,576.996948,171.212753,77.117126,161.670273,0.000859
475,497.295715,146.062515,113.352234,228.270035,0.000795
475,595.404968,193.751663,30.532715,66.209244,0.000675
475,667.033203,219.707932,29.334229,64.950912,0.000627
475,669.853455,203.893005,39.542175,89.088776,0.000620
475,681.068970,253.244797,25.033752,52.942947,0.000460
475,649.379700,196.104675,58.984375,125.913483,0.000230
475,183.259735,210.374512,27.017014,58.428864,0.000228
475,602.832397,192.154037,20.132751,45.615860,0.000172
475,588.643311,236.088608,24.547668,51.548355,0.000165
475,681.980286,242.526855,21.267944,44.441376,0.000147
475,591.357422,224.554871,18.873718,40.002289,0.000132
475,583.546753,213.148834,29.465088,61.962860,0.000059
475,571.508850,239.794617,22.183228,47.365814,0.000036
475,621.332397,158.339874,83.190002,173.594330,0.000035
500,560.656982,143.568695,91.864624,194.612091,0.959699
500,139.687195,230.463806,16.792526,35.435883,0.023483
500,573.064392,211.920395,49.413208,116.729111,0.021918
500,687.542114,275.691925,15.344116,32.800629,0.008428
500,516.361877,110.952423,133.454956,274.309204,0.002056
500,600.544312,146.689087,46.858826,101.962784,0.001222
500,682.084717,265.705139,24.537476,51.698517,0.000963
500,620.246704,186.442673,22.003296,50.222855,0.000639
500,568.746399,238.944229,34.363708,71.580002,0.000427
500,132.126251,202.141342,28.930618,62.120560,0.000411
500,135.952713,228.841263,14.495483,33.572006,0.000326
500,673.756042,225.116867,37.749390,84.495834,0.000318
500,611.420227,151.718658,91.932373,195.025177,0.000272
500,612.971375,164.660843,31.661072,68.736633,0.000259
500,575.051880,253.178986,20.545166,44.132843,0.000175
500,594.673462,174.942184,35.078369,73.482224,0.000085
500,604.251099,186.244217,22.775330,50.490417,0.000080
500,119.103592,124.102745,69.690231,147.761505,0.000036
500,668.556274,174.116150,46.887878,173.883423,0.000033
500,550.235901,45.834282,119.572937,226.417633,0.000006
500,106.725494,79.769569,112.979218,234.234985,0.000004
525,145.081223,247.390198,16.721390,35.673859,0.130408
525,622.797363,166.075928,91.353699,190.591644,0.074917
525,638.628174,217.591583,56.093567,126.169098,0.007656
525,141.916946,228.019424,20.965744,47.559647,0.005378
525,629.046021,243.377869,49.574829,113.564972,0.001534
525,135.656357,193.285660,35.477722,77.580093,0.001300
525,654.312805,278.050079,42.947937,97.931152,0.001148
525,30.710728,204.865677,25.708149,56.689926,0.000962
525,658.495422,193.799713,51.567566,116.432434,0.000322
525,124.037231,137.208176,63.254211,135.822495,0.000266
525,129.778397,169.337723,36.305603,78.770905,0.000250
525,657.942139,266.545349,34.574890,75.068695,0.000201
525,143.252792,213.422989,19.488251,42.424438,0.000169
525,661.167542,226.458694,32.003357,68.826828,0.000160
525,152.042267,226.321594,19.700836,42.692291,0.000139
525,602.745056,72.915977,113.794189,259.000549,0.000101
525,157.378021,245.102158,13.104477,27.711075,0.000052
525,662.877197,228.129639,52.781982,208.749146,0.000033
525,8.798809,74.063324,58.756809,207.599548,0.000016
525,338.914520,56.877266,99.365845,203.441650,0.000010
525,9.897747,105.001984,98.347305,215.905853,0.000009
525,119.642624,102.842880,93.188950,196.407211,0.000008
525,659.006104,46.094738,57.696167,234.871140,0.000007
550,212.480225,248.932510,14.211151,32.480789,0.009808
550,86.687668,193.459122,31.311707,66.348068,0.003190
550,217.486664,249.600739,17.187576,35.166199,0.001417
550,207.606171,220.414536,22.815399,52.131088,0.001077
550,197.843246,186.302551,37.831711,81.446838,0.000881
550,90.300217,177.533371,27.193626,60.239594,0.000439
550,191.118698,160.128174,57.000381,119.420319,0.000438
550,199.745117,146.721725,27.307709,60.861984,0.000243
550,192.364929,141.190659,41.089935,89.438705,0.000201
550,222.859344,245.081009,12.427719,28.050491,0.000175
550,217.791153,226.659439,19.030930,41.076126,0.000110
550,214.656204,202.922638,24.706268,56.308441,0.000087
550,74.480667,134.934174,68.600250,147.766876,0.000067
550,671.680969,62.469475,46.526001,210.481293,0.000060
550,184.682678,100.203224,76.736938,169.403992,0.000058
550,672.404297,135.841934,46.101013,207.897812,0.000038
550,461.775146,110.445236,21.694641,45.900681,0.000036
550,469.289520,86.129173,36.682312,81.041298,0.000035
550,455.268463,87.739746,35.054016,76.110840,0.000024
550,187.087128,148.855179,31.244293,64.791718,0.000023
550,671.380310,263.241608,46.971985,209.471436,0.000009
550,56.466640,98.229591,104.684326,213.212921,0.000008
550,670.019165,348.571472,48.892029,216.164001,0.000008
550,106.759003,122.906044,94.937149,197.985077,0.000005
550,451.958282,30.262993,93.530365,193.521454,0.000005
550,17.944223,52.971600,120.562981,249.698166,0.000005
550,194.993195,74.750603,108.006287,221.887726,0.000003
575,377.451935,245.177765,19.798615,43.865234,0.018022
575,228.392029,184.368164,44.009705,93.691986,0.011374
575,372.608124,225.361816,28.494019,60.218109,0.005648
575,361.957672,199.853271,38.213654,81.487610,0.003469
575,221.010544,126.629799,72.250015,157.204071,0.001427
575,306.915649,259.503967,13.072662,29.294464,0.001342
575,306.228302,250.031082,13.084747,29.023148,0.000958
575,353.188599,161.121170,58.601074,126.474533,0.000753
575,247.217056,209.806503,27.252762,62.678513,0.000547
575,235.649704,203.144379,28.759689,59.421783,0.000392
575,339.865204,96.007904,86.044769,186.970734,0.000309
575,373.826569,252.233002,16.490112,37.328766,0.000190
575,248.412949,171.708130,29.438370,67.499039,0.000165
575,238.208481,231.308563,23.514267,48.617798,0.000145
575,253.607254,141.896240,47.629623,110.076324,0.000121
575,295.218903,210.425110,35.557983,77.749542,0.000117
575,267.265472,92.370361,92.447632,202.038116,0.000112
575,255.128693,197.156311,17.565857,39.793991,0.000098
575,290.444946,174.608490,44.913239,100.661987,0.000096
575,375.153564,203.695114,27.440247,63.518326,0.000083
575,271.963989,145.946045,44.070923,104.330063,0.000079
575,256.144409,184.441177,16.640656,36.961365,0.000073
575,673.533936,45.115295,43.852966,189.691696,0.000051
575,163.175644,69.792000,113.599960,238.481354,0.000030
575,111.765724,68.086624,128.143768,269.088074,0.000018
575,290.858826,137.957626,41.354431,97.444916,0.000013
600,686.020203,289.960846,16.766357,36.703064,0.004327
600,681.591064,282.741730,25.153137,52.555115,0.004038
600,479.798676,99.373344,97.271698,213.009918,0.002070
600,498.284943,211.795364,49.486969,108.840805,0.001070
600,678.916382,259.244995,28.534180,61.053772,0.000683
600,515.472778,235.583588,34.311401,75.869659,0.000418
600,688.579346,241.185379,27.922058,92.390793,0.000368
600,590.625000,277.564484,17.909180,39.095764,0.000329
600,506.373352,70.024071,56.275696,123.826439,0.000325
600,498.068024,133.791779,56.895782,128.268738,0.000240
600,498.421173,82.102478,118.260590,253.328339,0.000204
600,664.041504,110.605492,53.571411,223.881866,0.000172
600,704.150330,277.709473,15.849670,36.105469,0.000153
600,506.506927,168.452881,54.655853,117.500305,0.000131
600,520.756042,140.330841,53.673706,122.633423,0.000102
600,526.722351,210.543777,18.889404,41.075623,0.000049
600,521.211975,218.757507,27.037415,55.478302,0.000049
600,521.097351,187.866501,28.022217,59.323715,0.000044
600,674.873596,278.138794,15.467896,34.141296,0.000033
600,202.985840,85.138832,105.838013,226.777466,0.000019
600,308.829224,39.592846,125.572906,243.682022,0.000015
600,560.438660,159.709961,92.946228,196.723511,0.000010
600,591.320251,143.191422,108.951050,228.105515,0.000008
600,161.054764,101.197495,111.509720,233.644516,0.000007
600,253.692413,38.410042,117.366760,230.160370,0.000007
625,524.318176,165.466309,48.426147,101.562592,0.000390
625,705.613403,325.014648,14.386597,36.205811,0.000100
625,705.178833,116.549355,14.821167,37.642799,0.000088
625,705.272095,100.625290,14.727905,37.425034,0.000087
625,705.219421,132.602310,14.780579,37.520157,0.000085
625,705.605347,164.707336,14.394653,36.325989,0.000085
625,705.371582,148.707230,14.628418,36.977325,0.000083
625,699.390503,140.358444,20.112061,58.898468,0.000068
625,691.983032,127.153923,27.276794,91.656548,0.000068
625,698.847717,108.234093,20.813171,60.799248,0.000067
625,674.325439,50.378448,42.677185,185.596863,0.000061
625,691.709656,95.069687,27.563599,92.536804,0.000059
625,496.813843,70.320976,102.972717,221.344727,0.000053
625,692.491272,158.903351,26.919434,91.128937,0.000048
625,514.286743,240.909058,44.760986,97.480499,0.000047
625,671.532776,185.028641,46.616333,209.143539,0.000046
625,526.872009,303.357422,19.944946,43.211456,0.000044
625,342.530243,245.934814,33.634521,73.996429,0.000042
625,353.632660,211.819458,39.312622,85.166199,0.000036
625,671.177429,106.807915,47.910095,215.914215,0.000027
625,230.755417,235.226379,39.943375,87.716431,0.000022
625,467.945404,41.521873,111.271149,209.079651,0.000018
625,207.790375,109.745575,116.712585,245.942871,0.000013
625,453.483002,118.550667,111.278351,236.964722,0.000011
625,638.528748,39.784573,74.261047,193.424179,0.000011
625,178.802612,80.184372,112.276337,239.301498,0.000009
625,326.763824,154.262924,84.679535,181.889267,0.000009
625,668.191772,343.350677,50.165344,218.978668,0.000006
625,515.062073,37.592407,124.049805,233.945038,0.000005
625,256.920135,116.159508,119.523010,251.355621,0.000004
625,580.604309,34.491135,114.349792,220.328308,0.000004
625,159.414719,154.438080,109.885483,225.760803,0.000003
625,106.388084,49.453369,109.820427,228.807159,0.000002
625,6.159462,61.007259,54.739544,198.378204,0.000002
650,57.503849,121.296585,123.723190,272.615234,0.987689
650,43.438873,252.067764,43.490036,96.658920,0.029217
650,46.237652,237.981750,63.900814,137.192841,0.007494
650,56.525696,268.742523,26.336250,54.256165,0.003783
650,63.262695,218.329193,77.084534,161.319214,0.002090
650,109.822746,247.940567,60.747292,126.850479,0.001007
650,47.032372,268.523346,25.409653,50.891052,0.000948
650,90.483727,120.481018,83.444252,180.176483,0.000889
650,56.154819,147.121216,86.563095,184.179810,0.000605
650,16.000441,64.847939,129.342453,294.774536,0.000506
650,159.796158,165.939606,16.290680,35.519684,0.000315
650,131.712753,63.319206,137.823898,287.861633,0.000136
650,446.699280,67.893044,117.235474,251.694397,0.000071
650,45.227581,178.830215,66.874191,148.272446,0.000056
650,37.188038,208.781662,44.986980,100.641769,0.000043
650,541.398499,101.658897,108.023621,231.092163,0.000042
650,23.716276,198.427765,42.516708,95.919586,0.000029
650,141.250031,172.465790,20.647614,48.993179,0.000020
650,141.295242,142.768585,20.218979,47.704666,0.000013
650,80.238365,273.009216,19.257332,45.550171,0.000013
650,570.977600,144.080963,100.916809,215.309845,0.000013
650,77.071053,45.111652,120.223061,221.527451,0.000011
650,508.677032,131.439896,122.082306,254.765060,0.000010
650,125.006599,172.068375,21.849464,51.383713,0.000005
650,199.775070,74.960922,111.384506,234.483109,0.000004
650,348.476776,53.863968,102.323700,211.931808,0.000002
675,234.639511,99.855324,149.875687,330.935272,0.994509
675,241.315048,188.574219,60.771103,130.902313,0.143707
675,236.310928,202.315201,45.891129,98.419113,0.035633
675,234.802704,119.740669,100.504150,218.113861,0.017874
675,302.915405,86.535690,142.714478,304.689514,0.004716
675,172.885941,99.553604,54.452057,118.195816,0.002600
675,125.134247,23.434361,111.180435,242.538940,0.000572
675,146.657318,88.025879,53.063385,121.299591,0.000506
675,195.459869,130.053711,36.457809,78.399399,0.000479
675,287.757843,208.807281,20.377716,44.085083,0.000376
675,259.320618,205.254425,32.369476,65.320984,0.000351
675,206.748062,123.967232,49.331711,103.221779,0.000261
675,166.076202,51.260666,64.686768,139.823181,0.000138
675,195.633148,60.000160,127.098511,268.156708,0.000124
675,288.165100,224.206268,19.653503,45.359711,0.000096
675,100.682465,86.132156,144.241486,307.335022,0.000078
675,191.002060,129.920425,18.582611,43.695175,0.000051
675,228.479294,141.135941,49.198502,102.369568,0.000033
675,191.262604,115.145393,18.226959,42.469383,0.000032
675,73.956917,29.044018,124.288994,246.153641,0.000018
675,398.386871,65.221680,108.576080,228.446014,0.000013
700,489.551758,75.455681,174.286499,380.556030,0.994372
700,367.512085,116.087883,53.538452,117.422279,0.023374
700,375.744873,146.980286,34.149750,73.191299,0.010356
700,386.786285,141.112289,36.592407,83.521774,0.006269
700,348.204895,31.544764,100.234344,216.935394,0.003891
700,359.400330,125.531937,36.040466,85.087570,0.003067
700,424.439941,255.963425,33.324005,69.614059,0.001249
700,341.888123,91.846161,49.858154,113.846878,0.001026
700,393.963043,129.891022,50.430969,105.128845,0.000894
700,416.007080,215.592056,47.894104,102.776413,0.000643
700,391.338562,122.907745,91.827789,197.510529,0.000530
700,429.897766,271.383057,21.566467,47.789734,0.000392
700,346.205597,54.166180,61.800262,136.705704,0.000280
700,382.879761,148.117538,19.068451,42.242508,0.000199
700,530.053467,108.517387,94.094116,202.718628,0.000184
700,398.528290,148.752625,18.285522,40.905365,0.000110
700,383.382629,132.571472,18.301697,40.984894,0.000106
700,467.576782,137.734558,129.196167,273.929718,0.000103
700,308.980133,96.999153,136.387207,289.749298,0.000097
700,374.471008,58.117691,60.250397,132.256256,0.000095
700,396.703583,39.424564,131.251862,273.031708,0.000068
700,275.863678,56.393047,120.201355,259.343781,0.000060
700,68.423691,95.020988,97.562195,205.184570,0.000029
700,631.336670,35.206505,83.649597,227.154297,0.000012
700,565.361267,224.896240,135.053772,288.343811,0.000001
725,119.866516,171.074936,83.649475,183.229507,0.997837
725,578.537354,94.063263,48.379639,109.111633,0.002363
725,586.311035,40.381504,96.341492,210.739349,0.002008
725,591.213379,102.463409,53.673340,121.147430,0.001298
725,612.329712,126.384056,38.951538,89.646370,0.000316
725,618.517212,93.370377,54.562561,124.041138,0.000221
725,78.538147,99.006798,117.850494,248.770721,0.000199
725,209.068954,125.826775,13.381470,28.338356,0.000178
725,604.262817,54.405678,109.619446,264.137482,0.000172
725,132.295456,229.906601,15.292175,33.971634,0.000150
725,569.655457,94.439041,132.715332,283.479797,0.000141
725,204.458511,121.057022,19.063614,42.068695,0.000135
725,130.970718,242.485199,17.633774,40.765106,0.000116
725,323.054565,200.831238,41.405487,89.891266,0.000086
725,334.009888,243.443756,18.238251,39.454987,0.000077
725,326.419678,234.633316,34.156189,72.912949,0.000073
725,303.547943,124.037865,85.297638,182.783020,0.000070
725,264.258911,116.485695,92.530273,195.862640,0.000046
725,199.995941,127.594223,26.935287,53.064880,0.000033
725,336.859161,258.866150,15.074646,32.487701,0.000031
725,117.404083,57.446228,98.645889,202.880157,0.000026
725,318.202271,80.225761,109.656830,228.052734,0.000019
725,197.552979,98.469467,33.097015,70.047668,0.000009
725,499.035889,32.736889,124.530151,238.512802,0.000009
725,171.406464,49.592911,81.814438,171.669327,0.000001
750,320.868439,164.700577,91.149811,198.936813,0.997184
750,331.598297,210.319672,24.415161,48.296295,0.003562
750,30.976700,197.825363,39.325241,87.684677,0.003476
750,415.419159,117.605240,15.971466,33.906021,0.001659
750,349.442169,146.422806,104.763336,219.162308,0.001258
750,314.338440,197.223465,57.978577,122.140427,0.001198
750,336.887604,224.799286,19.245361,43.155151,0.000690
750,1.000000,49.734375,93.539993,247.283020,0.000670
750,330.994720,211.574814,36.015656,77.146866,0.000173
750,41.570293,232.990738,22.623508,51.182175,0.000148
750,157.677185,275.075653,18.139801,40.184113,0.000080
750,556.436890,241.454468,21.074280,46.733215,0.000068
750,408.349335,99.097458,28.753082,60.952850,0.000064
750,561.336060,249.372208,13.751648,30.200790,0.000046
750,548.500916,211.176270,36.817566,79.663086,0.000043
750,46.760818,252.746765,15.921791,34.840332,0.000042
750,104.567253,37.215023,131.798492,252.932800,0.000025
750,533.491455,153.434372,73.494934,160.654648,0.000022
750,78.034416,64.596817,112.344246,238.019180,0.000014
750,378.402283,219.035690,22.017456,52.066177,0.000012
750,348.960754,205.229507,25.373688,53.255814,0.000009
750,309.287750,43.269848,128.458801,262.877899,0.000004
775,565.320007,154.488556,103.516113,227.128754,0.988661
775,591.551453,155.906281,65.624634,138.657166,0.074309
775,633.030640,185.234909,23.438293,53.800720,0.025362
775,613.190430,159.075577,49.865234,108.114273,0.011583
775,76.040787,96.085114,53.467224,124.226288,0.003825
775,613.447144,179.782623,35.090210,73.418640,0.003023
775,620.840393,188.892944,21.566589,48.957138,0.001693
775,622.866333,207.657578,19.110596,42.445648,0.000549
775,12.272843,69.800392,54.953163,124.286095,0.000460
775,189.007706,84.441727,49.719955,116.035889,0.000446
775,570.001892,24.765612,118.480164,249.158188,0.000431
775,596.400452,108.861557,44.669983,100.351089,0.000257
775,171.693756,55.413994,110.325684,234.155884,0.000193
775,5.046422,31.862185,100.681389,214.468506,0.000173
775,163.836044,278.360809,11.241257,23.499725,0.000114
775,333.195343,52.224976,124.357788,260.845825,0.000113
775,40.049442,48.383991,109.156357,229.572983,0.000080
775,164.065948,270.540833,10.512558,23.033295,0.000043
775,303.822723,68.963158,110.353394,235.027344,0.000042
775,250.996597,39.513771,133.209549,257.691437,0.000019
775,224.902466,75.209312,130.798309,278.442657,0.000012
775,604.109436,187.670547,25.275452,54.787613,0.000011
775,1.000000,477.214752,52.366840,98.785248,0.000010
775,285.293304,124.491623,110.116394,228.230118,0.000008
775,179.181015,269.866913,10.339920,22.349640,0.000006
775,490.801697,54.655704,127.287598,271.013794,0.000005
775,643.318787,89.043182,36.151550,78.779922,0.000003
775,46.582741,49.093990,161.589142,295.406952,0.000003
800,64.368591,278.669159,11.211105,24.690613,0.801664
800,54.177357,279.012573,11.147137,24.513519,0.095533
800,280.676392,100.281662,52.200409,114.285126,0.003988
800,323.779266,283.611023,10.366211,22.853119,0.003749
800,161.261932,102.841820,13.406357,29.700722,0.001906
800,25.579792,18.806652,93.649872,195.714325,0.001297
800,157.182693,96.885185,19.953674,42.582420,0.000933
800,276.950684,114.876053,37.707489,85.776367,0.000728
800,339.644867,284.118713,10.282990,22.233978,0.000547
800,253.758316,99.396126,56.255173,126.495247,0.000518
800,174.783234,43.195240,132.300171,247.822342,0.000410
800,368.472931,73.721275,46.988007,108.937553,0.000392
800,17.202972,41.293011,54.085167,130.583115,0.000253
800,310.642059,283.535278,10.290710,22.183044,0.000214
800,295.696747,125.246307,27.766815,61.315826,0.000168
800,355.080933,285.060272,10.391724,22.332153,0.000096
800,564.145081,58.758556,118.014893,249.440933,0.000071
800,39.825665,46.426476,60.997272,134.778137,0.000066
800,37.382839,280.389313,10.926556,23.398590,0.000056
800,519.898315,68.273209,109.574646,232.911240,0.000055
800,123.446518,29.889978,151.896805,228.851227,0.000050
800,302.655304,133.727829,17.687378,40.392075,0.000045
800,237.719009,61.626228,101.870621,217.118317,0.000038
800,365.759033,65.782547,103.587311,222.558517,0.000030
800,53.535099,78.271049,36.599216,84.039146,0.000020
800,608.028809,42.094723,103.225830,228.453583,0.000018
800,371.508179,285.713440,9.693359,20.707611,0.000017
800,410.093414,43.029770,154.409271,264.220581,0.000017
800,56.108868,18.241173,155.298294,224.751343,0.000011
800,597.453857,109.164597,112.001648,239.349930,0.000011
800,468.208435,78.812500,125.022644,264.620697,0.000010
800,439.945862,124.499954,100.987488,216.005997,0.000005
825,211.151337,286.056793,10.121185,22.390076,0.131514
825,338.699402,285.181580,11.316406,25.378540,0.017624
825,511.998413,63.931751,66.111145,146.979675,0.008116
825,198.011795,282.403046,10.919891,24.397919,0.003015
825,101.536171,278.879852,11.407089,24.759399,0.002506
825,426.295135,97.371803,57.109894,128.820526,0.002086
825,326.308624,284.295074,11.204163,24.561066,0.001996
825,468.350128,294.136200,10.444977,23.985870,0.001274
825,305.956238,105.093407,13.407013,30.119804,0.001163
825,113.628174,280.750214,10.844269,22.467804,0.000884
825,189.290848,46.127438,81.693497,177.950851,0.000663
825,532.713318,80.318413,35.308655,79.820702,0.000334
825,483.374847,294.709717,11.668121,24.649384,0.000272
825,114.743652,184.334106,12.377495,26.095352,0.000246
825,498.681152,295.019073,11.507996,24.129639,0.000232
825,193.144882,90.301804,48.862000,113.097748,0.000225
825,412.726166,53.621941,92.057587,197.305206,0.000192
825,223.350647,106.290733,16.590500,33.952217,0.000138
825,398.953796,115.373947,51.347321,115.172302,0.000125
825,217.460403,101.493858,23.478058,50.414223,0.000116
825,354.737396,285.585632,10.502014,23.035614,0.000116
825,313.174530,36.699814,135.757080,257.073303,0.000063
825,493.048431,48.379330,99.642548,216.046051,0.000058
825,212.770309,90.743256,33.532684,74.902100,0.000056
825,579.658386,30.783369,128.827393,231.540543,0.000049
825,364.721283,45.612171,147.311554,276.902649,0.000030
825,656.028320,29.231556,61.880676,209.591385,0.000023
825,225.072342,285.758606,10.368057,21.912994,0.000022
825,257.787445,32.427265,148.780029,230.971268,0.000019
825,181.736588,284.234711,9.926636,21.672760,0.000014
825,188.690842,31.775887,152.143631,232.581787,0.000007
825,606.714966,83.137520,108.209656,251.364777,0.000005
850,258.908844,288.221100,10.363739,23.386169,0.142146
850,147.163925,284.174713,10.571213,23.111938,0.023320
850,134.305679,283.518219,10.723038,22.859436,0.003482
850,448.118622,184.424454,15.866547,35.459305,0.003481
850,575.171326,60.812241,73.968811,160.060928,0.001601
850,593.056763,59.332005,43.988953,101.191101,0.001405
850,184.711746,75.825813,25.038757,56.001778,0.001069
850,163.768768,285.407196,9.583176,21.324127,0.000667
850,189.951263,83.880081,16.242661,34.738724,0.000615
850,246.020981,288.310333,9.734787,21.574951,0.000532
850,180.479172,286.761902,9.736389,21.674408,0.000444
850,464.129456,142.880249,46.081848,99.990051,0.000350
850,496.554626,113.834976,45.669189,102.061981,0.000203
850,420.515991,298.542816,10.352814,22.298553,0.000167
850,264.602448,98.520554,24.751465,53.733704,0.000158
850,602.630249,102.329384,48.494873,110.816322,0.000150
850,568.026428,63.143227,105.450928,229.179688,0.000137
850,531.412292,299.866119,10.789795,23.796204,0.000117
850,244.037247,64.020889,68.100388,146.640884,0.000105
850,452.488403,298.648376,10.377747,22.401093,0.000063
850,373.628967,45.691944,123.310211,256.302307,0.000050
850,229.101166,287.881134,9.365158,21.015076,0.000049
850,436.238983,298.690765,10.256775,22.066437,0.000036
850,252.443069,41.152164,90.512558,185.805283,0.000033
850,517.268188,300.016663,10.170044,22.247986,0.000031
850,212.989868,287.146423,9.663925,21.266785,0.000025
850,473.950562,61.908325,86.673340,184.680374,0.000024
850,310.350250,39.784809,132.760956,235.208054,0.000023
850,308.141846,284.413300,11.306946,24.375122,0.000018
850,547.042542,299.742004,10.658936,23.053497,0.000016
850,406.453979,53.172344,151.249817,288.986694,0.000006
875,220.245560,292.652985,14.124680,30.442322,0.752655
875,95.882530,289.687775,13.551788,29.364349,0.412851
875,215.348770,294.447754,12.628387,27.020355,0.408241
875,87.733932,291.791412,12.535309,27.816528,0.004297
875,553.552063,52.812408,72.106995,156.446869,0.002382
875,571.747253,57.171165,44.597839,101.240715,0.001463
875,417.189453,184.347443,15.684845,35.466873,0.001054
875,435.268585,147.349274,43.449280,93.582199,0.000729
875,499.116211,300.170898,12.975098,27.577057,0.000698
875,319.075806,101.696091,18.103149,38.879959,0.000638
875,419.451355,301.064056,11.237946,24.919159,0.000478
875,412.299225,175.285294,23.589355,51.085388,0.000414
875,199.595123,299.277863,10.466110,21.442139,0.000313
875,465.953094,116.033318,45.706329,103.649086,0.000228
875,202.638672,63.628960,69.024750,146.223694,0.000188
875,118.109604,183.828476,12.260681,27.518921,0.000168
875,338.721130,42.890541,123.280243,234.409698,0.000163
875,650.898560,269.756897,29.764526,66.240173,0.000142
875,128.214157,185.247025,13.076706,27.782333,0.000134
875,215.410370,86.699509,35.833313,78.664566,0.000110
875,113.297607,29.904970,85.948563,185.412155,0.000079
875,404.932465,300.530029,10.906433,23.855774,0.000076
875,546.092590,58.089329,102.195984,219.106659,0.000075
875,414.417572,54.071022,102.186737,217.792480,0.000071
875,170.685638,40.339191,90.170929,191.179535,0.000026
875,434.216095,302.139587,10.423492,22.639740,0.000022
875,450.891388,65.781441,84.924164,176.156738,0.000015
875,287.564972,38.395847,121.015381,211.986908,0.000011
900,542.951904,175.372528,74.911804,163.123505,0.961024
900,145.219727,307.856354,10.672592,24.465363,0.011638
900,507.397675,51.197342,48.662933,111.625046,0.004601
900,140.451401,67.963463,64.828278,136.655060,0.003984
900,134.180252,308.983368,11.848358,24.770477,0.002302
900,488.188782,48.435272,78.351379,170.238693,0.002049
900,411.415161,104.396324,49.727020,112.954201,0.001409
900,608.302795,51.262787,96.325317,209.177155,0.001078
900,541.223145,111.342804,108.973877,239.059601,0.000459
900,353.142120,182.366257,15.409424,34.995834,0.000315
900,146.332504,81.437889,39.705154,87.697151,0.000231
900,241.936340,44.778912,143.547211,238.356339,0.000171
900,635.079346,150.829529,50.293091,110.603638,0.000159
900,553.565308,180.905655,52.186462,113.070297,0.000132
900,356.693359,314.061615,10.946075,23.898590,0.000118
900,642.897583,150.055115,34.917725,78.834915,0.000116
900,370.291016,314.411316,11.064941,23.857300,0.000062
900,35.471691,29.263178,92.910080,183.768768,0.000059
900,380.566772,59.927425,86.887329,185.239944,0.000053
900,574.540283,261.959229,38.469421,81.576904,0.000044
900,509.506256,52.959736,96.357025,199.651245,0.000023
900,359.103668,41.527290,125.839417,257.755798,0.000019
900,200.514786,35.272053,123.142899,202.269394,0.000018
900,308.877991,51.974800,117.497742,248.631622,0.000015
925,362.478516,161.955429,79.686829,176.177231,0.991695
925,427.324280,311.542358,16.272919,34.627075,0.742031
925,64.154007,314.506226,11.081383,24.325500,0.209660
925,444.263916,41.557579,53.959808,120.395164,0.010045
925,421.379791,309.987946,15.848114,34.007172,0.006316
925,326.121979,118.724838,100.789642,224.288773,0.005024
925,55.282066,314.754791,11.480202,24.270325,0.003226
925,63.331329,51.935932,72.209824,153.462326,0.001679
925,426.851013,40.951195,90.981201,191.942474,0.000884
925,290.566315,185.379990,14.823578,33.272507,0.000501
925,342.563293,104.989906,46.424011,107.052834,0.000489
925,578.285950,152.285294,49.214661,112.811111,0.000325
925,378.440918,175.633713,53.865906,116.698074,0.000195
925,207.568527,41.464890,118.625015,221.981674,0.000195
925,354.845398,117.344269,47.574768,104.681717,0.000161
925,557.928955,57.906593,116.921143,245.959869,0.000124
925,295.497864,88.555595,101.965118,210.188232,0.000056
925,404.849335,258.460083,41.857025,85.275299,0.000042
925,581.685852,148.836777,102.580200,228.419693,0.000041
925,457.880341,99.019829,29.431000,66.377068,0.000035
925,340.611908,95.297729,73.686218,152.853806,0.000034
925,249.871353,50.927715,110.161819,228.209000,0.000024
925,372.500732,134.523972,35.541931,75.393295,0.000017
925,151.741043,32.790783,134.108719,218.986313,0.000016
950,476.140869,163.639603,99.741333,219.228317,0.988434
950,232.690964,149.835342,91.783279,201.414932,0.841865
950,632.166382,184.929642,37.525452,82.443771,0.011191
950,636.776672,204.035553,26.037231,57.023529,0.003510
950,25.330132,53.640553,68.145790,148.201294,0.001260
950,33.561138,72.019936,44.075588,98.491951,0.000999
950,543.532410,169.662155,82.543457,174.441238,0.000985
950,263.935242,247.978638,50.324524,110.118164,0.000800
950,493.297760,105.804932,127.654022,261.376617,0.000503
950,413.807953,164.191299,127.627045,268.374634,0.000450
950,337.008392,120.776131,42.948395,97.978294,0.000321
950,576.601379,191.844498,64.985229,138.696701,0.000246
950,255.306351,162.263489,51.043228,114.658417,0.000240
950,592.863831,210.359802,43.221069,97.615601,0.000240
950,448.774597,89.770851,46.949493,106.118507,0.000204
950,431.058258,60.674839,49.155792,110.783890,0.000152
950,622.387207,168.619354,56.379089,114.820679,0.000150
950,187.553146,42.277431,116.581741,229.324097,0.000136
950,31.853027,318.505737,12.486462,26.776062,0.000128
950,91.284821,38.211819,110.999451,184.047287,0.000087
950,317.643036,90.512123,78.080109,162.272858,0.000056
950,115.013481,39.451881,132.675507,241.385437,0.000044
950,577.877075,161.510010,101.432556,213.972534,0.000038
950,428.055084,45.504070,86.034149,183.521942,0.000025
950,552.427795,75.546837,117.075378,244.024719,0.000020
950,267.590698,100.283722,107.721405,222.915070,0.000019
950,421.115906,64.763222,125.912720,268.134827,0.000013
950,465.469635,40.039761,108.401276,210.444183,0.000012
975,235.881165,135.627716,118.259857,263.461090,0.836304
975,132.662827,64.537552,48.293411,109.510635,0.801368
975,109.693512,136.014893,110.127762,240.527313,0.667412
975,120.797440,58.298710,71.368164,152.062881,0.026292
975,655.849792,177.882645,40.569519,89.789902,0.007727
975,655.565735,204.255157,23.952271,52.726013,0.005605
975,266.335754,156.082443,77.934326,172.010330,0.001739
975,578.988892,177.388947,45.123108,105.923950,0.001232
975,45.428589,54.224655,53.230667,116.857529,0.000898
975,13.259710,53.026047,54.949875,122.663986,0.000502
975,670.609924,172.711411,38.780457,87.797440,0.000459
975,416.975922,24.011595,90.159515,191.006882,0.000356
975,178.030121,50.940754,141.120972,255.515701,0.000287
975,443.291565,53.220657,53.777405,123.509064,0.000207
975,123.248657,64.962906,147.864990,262.390137,0.000122
975,42.841980,39.573956,88.035065,159.692184,0.000087
975,8.627663,57.579521,90.582024,193.954895,0.000080
975,237.762939,54.747383,101.161194,211.594025,0.000039
975,353.006775,125.012482,38.687988,87.432861,0.000035
975,271.748535,108.599960,44.900513,102.096054,0.000035
975,595.043640,99.452187,101.978638,208.630188,0.000010
975,544.724609,64.772514,124.690674,260.353638,0.000009
975,295.168274,73.710373,102.905273,217.453873,0.000009
1000,9.782415,124.630302,113.007095,261.690521,0.950319
1000,73.574501,247.793015,60.355431,130.395737,0.155619
1000,5.258409,239.715927,66.642090,144.814224,0.150789
1000,1.784584,136.623566,55.198856,124.368225,0.004296
1000,218.297653,44.138611,110.492599,203.917084,0.002339
1000,610.743347,146.765396,95.798340,210.248947,0.001932
1000,153.692795,50.377434,86.820557,168.380768,0.000980
1000,466.491150,24.891628,90.484558,194.306137,0.000979
1000,629.607971,183.062485,57.529602,127.883713,0.000976
1000,626.828247,150.882446,53.356506,116.910889,0.000716
1000,78.381012,60.494968,50.653122,108.822708,0.000581
1000,379.175293,90.905701,51.310944,117.839478,0.000471
1000,622.779358,79.419571,51.315369,115.243958,0.000385
1000,489.115112,53.450954,54.766235,124.016464,0.000340
1000,57.884964,64.846832,51.502457,107.493362,0.000337
1000,649.295471,193.626587,51.375916,115.107941,0.000238
1000,595.377747,48.057236,117.277527,253.523270,0.000143
1000,630.750244,114.768517,56.840027,123.418968,0.000121
1000,306.174500,181.462250,14.715027,33.459854,0.000092
1000,650.532104,141.340103,49.838318,110.472656,0.000072
1000,334.546906,84.828728,90.204315,190.336273,0.000070
1000,6.703190,53.634525,115.956085,226.413727,0.000068
1000,359.879700,70.697182,82.924133,175.686188,0.000066
1000,354.605988,142.755005,44.117035,95.563461,0.000058
1000,496.452240,100.996994,17.244965,37.825729,0.000037
1000,398.833344,114.984344,41.701385,97.208817,0.000035
1000,296.071930,64.394394,102.836243,211.276169,0.000033
1000,41.610218,51.922108,75.844604,159.615631,0.000029
1000,490.300934,85.653145,29.027863,66.427406,0.000025
1000,338.864441,130.127029,44.453400,97.757843,0.000016
1025,220.078613,54.550247,48.729797,113.209274,0.017023
1025,299.422302,62.252083,57.372162,126.957634,0.004489
1025,275.528809,47.773937,101.705627,194.385345,0.002724
1025,274.337463,191.148987,37.479889,81.574768,0.002196
1025,269.327026,201.435669,29.392456,64.442474,0.001667
1025,282.179596,227.013092,19.372528,40.992767,0.000943
1025,29.331520,67.220459,50.168350,109.451340,0.000912
1025,202.436157,46.072594,91.513885,162.588928,0.000887
1025,274.993103,227.389145,19.112671,40.326706,0.000826
1025,226.521393,47.178204,111.006378,212.352921,0.000686
1025,106.605804,54.353386,54.012970,118.636955,0.000585
1025,127.122414,54.006290,45.051872,109.055878,0.000584
1025,428.586975,88.074478,53.323761,118.662689,0.000467
1025,286.245117,240.489517,14.534119,30.372025,0.000374
1025,401.243652,148.097992,45.955811,100.006836,0.000344
1025,368.800232,175.606644,14.924011,33.046371,0.000295
1025,397.129852,174.707733,25.852875,56.273468,0.000241
1025,400.647552,182.968536,16.571014,36.826370,0.000223
1025,446.952271,112.045860,43.288849,97.128181,0.000132
1025,556.270386,61.061447,49.651306,114.361786,0.000087
1025,114.058762,38.812874,85.309464,170.866486,0.000072
1025,377.665344,84.837181,97.857758,208.272308,0.000043
1025,97.718689,105.606483,45.691406,98.003853,0.000035
1025,59.405525,40.430004,111.784142,217.229874,0.000031
1025,417.523376,106.957451,48.707733,110.637398,0.000030
1025,389.549713,152.616333,41.327942,86.651031,0.000026
1025,409.124237,70.728470,82.170685,172.735703,0.000023
1025,535.927246,25.933834,88.838196,185.786102,0.000020
1025,310.401794,50.581329,117.211639,244.533142,0.000019
1025,17.427664,34.540775,101.080658,217.525391,0.000013
1025,427.378052,59.306442,95.522034,200.955093,0.000009
1025,104.205292,82.523895,78.409653,163.436356,0.000007
1050,495.785431,133.539413,41.418427,93.925690,0.028908
1050,363.390350,51.262608,93.374420,191.059555,0.016142
1050,379.950775,55.709560,62.170624,135.226944,0.004642
1050,471.502777,85.561905,77.378998,160.877350,0.001516
1050,525.744751,150.357910,18.883362,41.137085,0.001161
1050,647.154724,85.684998,30.645630,71.148056,0.000851
1050,620.179626,36.792477,74.225525,167.298798,0.000843
1050,192.102142,61.882568,49.964386,110.514481,0.000812
1050,652.181458,83.377754,43.388367,94.964302,0.000602
1050,490.245819,157.907791,32.221710,68.798004,0.000516
1050,638.192810,72.291451,46.366943,100.230309,0.000479
1050,183.012741,47.329144,76.574753,157.650589,0.000465
1050,652.334045,85.598763,21.860168,45.066002,0.000345
1050,392.127899,85.749474,31.981140,66.258095,0.000319
1050,222.129242,57.037300,46.244507,105.913063,0.000252
1050,466.549927,110.858620,47.739563,107.154701,0.000242
1050,489.890808,70.260612,88.997864,187.351379,0.000222
1050,275.146790,44.476120,106.453369,180.106430,0.000220
1050,673.586365,79.477036,38.864990,89.055374,0.000126
1050,509.803436,93.574768,50.298248,116.795975,0.000087
1050,527.623901,95.734970,45.674561,105.264755,0.000077
1050,201.837250,58.283321,88.008026,184.811005,0.000060
1050,664.456848,34.782101,50.298950,187.447861,0.000059
1050,450.598053,180.916168,14.590515,32.018188,0.000044
1050,666.749207,471.232819,52.775879,104.767181,0.000041
1050,494.060089,79.440239,52.595734,120.541954,0.000034
1050,137.285065,40.877403,118.493683,224.237885,0.000027
1050,547.725464,119.878685,35.543518,83.538338,0.000020
1050,519.615051,65.168663,93.220886,194.488129,0.000018
1050,1.000000,472.301575,55.405937,103.698425,0.000010
1050,94.569824,24.518391,102.963654,215.508560,0.000002
1075,578.074524,126.385277,44.300049,100.958549,0.038375
1075,688.479919,179.518356,15.187805,32.202469,0.001560
1075,439.832916,39.457600,105.931183,211.413589,0.001444
1075,459.574554,53.136955,61.846832,134.027954,0.001029
1075,292.090881,117.533020,45.574005,101.726807,0.000803
1075,619.711060,76.540398,51.354614,114.087090,0.000538
1075,591.886902,56.001617,88.612061,182.896988,0.000343
1075,271.805176,60.714573,46.283447,105.913345,0.000276
1075,704.346619,179.031662,15.595154,36.655624,0.000223
1075,586.012390,75.641846,117.264832,259.110901,0.000196
1075,704.404480,165.363525,15.595520,36.867508,0.000194
1075,276.853394,68.482780,87.012238,191.667786,0.000190
1075,266.045135,45.551426,75.083954,158.167969,0.000153
1075,162.799301,186.225647,11.734161,25.572205,0.000147
1075,629.325256,89.855316,32.658752,73.535873,0.000134
1075,556.300171,56.742607,109.995544,229.079041,0.000112
1075,638.186279,99.534004,42.987244,97.582512,0.000107
1075,585.827454,163.675949,27.610657,63.423569,0.000093
1075,178.791107,187.223312,11.923706,25.904160,0.000090
1075,665.429993,471.463531,54.172729,104.536469,0.000087
1075,335.454102,33.776390,117.579651,179.126892,0.000083
1075,1.000000,550.095459,16.073792,25.904541,0.000082
1075,679.484802,164.296417,32.292725,68.766693,0.000065
1075,378.690948,30.822474,130.996033,218.521179,0.000060
1075,530.521484,179.720612,14.737427,32.901489,0.000052
1075,194.186142,186.510483,12.762848,27.097778,0.000047
1075,670.705505,103.293335,45.861755,182.262299,0.000041
1075,209.313782,182.800201,14.457962,30.673233,0.000020
1075,493.801910,46.739849,120.669159,249.655746,0.000019
1075,631.014038,108.479858,82.909302,229.360687,0.000013
1075,1.316069,529.349426,25.370041,46.650574,0.000012
1075,223.761734,180.567230,15.247711,32.603500,0.000011
1075,176.473663,28.553173,100.927155,210.469894,0.000005
1075,1.000000,480.023163,51.033566,95.976837,0.000005
1100,644.374695,133.413391,39.437805,88.691254,0.003531
1100,500.793152,30.582985,109.598450,210.963501,0.002549
1100,321.908508,55.366871,51.724457,120.416962,0.002091
1100,649.700806,161.657410,29.734558,68.207153,0.001978
1100,321.343384,41.388046,78.984833,168.426926,0.001384
1100,656.536804,191.942642,16.288818,35.340820,0.001201
1100,335.860413,57.497227,89.057526,183.130173,0.000730
1100,531.150208,49.875694,63.117676,134.809692,0.000720
1100,654.788025,177.147614,20.684570,44.355591,0.000554
1100,705.699402,553.598816,14.300598,22.401184,0.000199
1100,659.869568,37.128662,51.945618,198.130203,0.000152
1100,626.373596,91.387978,75.411560,154.555695,0.000150
1100,351.771149,117.302177,48.517853,107.203545,0.000083
1100,604.399475,165.202286,19.671509,44.060928,0.000072
1100,666.095642,472.430023,53.667297,103.569977,0.000064
1100,446.966644,23.126554,132.154877,221.927795,0.000058
1100,226.325989,186.602112,12.563904,27.018600,0.000057
1100,210.857025,185.820404,12.547760,26.988754,0.000055
1100,556.594666,37.228825,112.135559,230.013031,0.000051
1100,480.363037,199.182541,13.496613,28.620926,0.000046
1100,690.144592,524.811279,29.855408,51.188721,0.000045
1100,1.057944,550.353638,15.448995,25.646362,0.000045
1100,400.055237,31.952057,117.341187,185.920227,0.000041
1100,351.982513,31.693985,137.565033,232.031448,0.000034
1100,458.157257,37.635712,164.024200,283.895752,0.000032
1100,235.870499,72.106293,25.018448,52.856300,0.000030
1100,241.847168,186.524170,12.427582,26.552979,0.000027
1100,465.196167,196.270325,14.884430,31.679382,0.000027
1100,464.659729,183.240891,15.817657,34.717575,0.000022
1100,598.264465,141.293503,33.528687,74.368546,0.000018
1100,1.000000,469.723846,51.917973,106.276154,0.000016
1100,258.086975,185.149841,12.651184,26.746674,0.000015
1100,1.140399,527.934937,26.161009,48.065063,0.000012
1100,273.167969,182.901123,13.804688,29.493134,0.000010
1100,237.394608,30.180189,101.054031,215.115768,0.000004
1100,1.000000,27.598776,125.783363,307.219757,0.000003
1125,544.365173,33.063030,122.271851,231.364426,0.004599
1125,513.403198,195.867447,15.241455,32.665039,0.001496
1125,370.561768,58.299309,48.206909,110.847511,0.001064
1125,581.310486,52.897488,58.909912,128.109222,0.000817
1125,366.483673,45.613617,79.519958,167.764603,0.000642
1125,526.518799,198.400116,14.530762,30.790451,0.000335
1125,648.113220,140.946686,31.182861,65.592285,0.000276
1125,705.112854,552.961426,14.887146,23.038574,0.000253
1125,638.587158,83.418861,46.435486,101.079872,0.000212
1125,653.670227,150.775101,19.821960,42.137741,0.000186
1125,652.803040,99.334381,44.640625,98.472076,0.000153
1125,664.494141,144.593262,25.150208,55.855194,0.000147
1125,656.881348,132.812927,36.506653,80.665344,0.000142
1125,689.930542,259.751617,13.807312,30.304688,0.000109
1125,595.424866,25.766031,101.347290,210.895050,0.000098
1125,488.600494,38.018147,147.180756,251.352890,0.000098
1125,665.435913,473.604034,53.958740,102.395966,0.000095
1125,258.374695,186.287323,12.339996,27.211380,0.000085
1125,689.161377,523.532104,30.838623,52.467896,0.000070
1125,689.433594,247.995453,14.509766,31.409698,0.000063
1125,397.424133,119.057518,49.495361,110.156380,0.000062
1125,382.276428,66.747391,90.205078,190.847366,0.000050
1125,242.063324,184.255783,13.106140,28.367996,0.000047
1125,685.586853,242.829758,21.289368,44.625656,0.000042
1125,1.028796,550.265808,15.756219,25.734192,0.000032
1125,442.201385,30.435970,128.206879,195.419861,0.000031
1125,373.542053,29.260653,151.158630,222.859604,0.000029
1125,274.518677,187.407043,12.029419,26.367615,0.000028
1125,657.704834,37.104076,55.817993,203.181000,0.000022
1125,290.302795,187.128632,12.319031,26.355408,0.000019
1125,226.492432,183.259430,13.703171,29.192902,0.000014
1125,1.000000,481.210266,107.564651,94.789734,0.000009
1125,6.385690,31.537842,152.420395,313.548645,0.000009
1125,1.000000,474.805450,52.455818,101.194550,0.000008
1125,1.000000,526.258240,26.866901,49.741760,0.000006
