25,451.532,209.721,21.943,40.654,0.1531810
25,649.317,179.101,42.704,82.157,0.0861130
25,388.997,73.737,45.183,74.092,0.0117800
25,451.532,209.721,21.943,40.654,0.1303490
25,398.461,93.423,20.846,42.145,0.0154750
50,449.435,202.939,21.338,41.456,0.7597920
50,174.744,185.611,19.323,32.125,0.0157930
50,372.899,46.421,50.910,101.257,0.0094150
50,386.333,86.262,19.815,34.583,0.0074930
75,449.981,214.782,21.128,49.399,0.8309290
75,450.621,212.215,18.947,42.323,0.0193170
75,385.823,90.021,18.990,31.270,0.0116200
75,373.415,26.399,45.820,80.604,0.0051800
100,679.026,225.853,23.117,45.537,0.0149010
100,665.829,230.814,21.336,43.737,0.0214870
100,484.224,202.678,26.450,59.532,0.8751650
100,483.301,200.172,30.791,64.282,0.0090020
100,395.154,62.712,17.640,24.813,0.0067920
100,6.599,2.000,14.191,7.043,0.0050700
125,540.077,201.105,27.106,71.845,0.7692810
125,613.051,219.289,19.535,42.873,0.0086290
125,392.896,92.814,19.997,32.464,0.1198000
125,7.663,2.000,13.713,7.569,0.0062720
125,387.026,74.887,44.354,60.020,0.0061410
150,617.370,177.618,38.154,97.654,0.8641680
150,632.548,175.937,34.071,82.233,0.0118700
150,694.056,182.770,16.148,64.027,0.0064120
150,418.637,63.889,15.987,19.482,0.0125500
150,403.552,66.015,19.765,22.401,0.0211880
175,430.290,56.846,15.614,22.683,0.0050780
175,392.759,201.627,18.824,35.588,0.0106580
200,310.602,92.468,21.584,40.540,0.0381680
200,194.545,97.191,16.624,25.598,0.0138780
200,73.470,76.708,36.486,74.889,0.0079800
200,298.916,78.483,43.442,65.657,0.0064700
200,137.898,93.661,14.121,28.808,0.0063730
225,245.923,343.193,13.755,24.637,0.0052730
225,401.225,202.622,20.186,30.045,0.0521440
225,388.352,202.966,35.017,80.147,0.0376610
225,400.085,214.973,24.119,41.616,0.0207270
225,81.488,67.411,12.082,20.651,0.0059700
225,417.460,202.179,21.033,33.342,0.0057240
250,164.844,162.820,16.416,25.418,0.0132060
250,426.646,205.355,21.388,32.637,0.0376610
250,425.880,217.858,23.339,36.155,0.0195440
275,264.706,152.007,20.198,26.790,0.0073300
300,456.739,209.696,36.676,79.758,0.0056550
300,434.246,216.873,15.996,41.666,0.0065970
300,225.101,156.908,21.682,29.831,0.0058070
300,432.318,202.237,17.347,34.559,0.0051800
325,490.706,191.112,43.460,59.152,0.0081970
350,93.119,172.929,15.738,30.313,0.1045540
350,459.673,196.679,18.373,35.228,0.0108340
350,64.508,171.152,17.202,32.052,0.0070680
375,46.922,161.907,14.654,27.607,0.0086740
375,463.558,200.765,16.848,36.323,0.0052330
375,462.551,186.850,39.999,73.853,0.0050720
375,322.524,94.254,18.339,27.082,0.0300800
400,317.090,94.412,19.495,23.294,0.0123220
400,282.307,89.549,18.254,24.890,0.0059650
400,319.886,68.372,16.452,18.666,0.0052240
425,96.949,65.358,13.081,17.965,0.0069480
425,308.670,93.630,16.379,25.300,0.0152840
425,4.359,2.000,14.187,6.739,0.0050850
450,158.633,83.027,13.916,32.644,0.0078450
450,83.087,65.729,14.208,20.412,0.0213900
475,573.798,201.179,17.973,42.202,0.0107010
475,231.340,89.483,14.869,24.050,0.0055600
475,244.198,68.456,11.053,14.760,0.0053720
500,574.521,203.464,15.943,37.585,0.0092310
500,391.175,208.135,16.750,32.212,0.0072350
500,359.797,207.553,15.054,31.899,0.0061790
525,542.261,199.815,16.156,36.526,0.0097410
525,173.639,117.888,14.980,32.811,0.0054040
525,207.060,28.558,16.248,19.888,0.0054430
525,229.738,2.000,46.434,76.297,0.0054060
550,172.353,102.771,14.000,20.240,0.0188330
550,504.714,200.103,17.751,36.427,0.0167920
550,75.988,88.503,15.710,29.356,0.0135930
550,387.369,203.655,17.805,37.974,0.0060020
550,392.813,149.204,103.091,212.488,0.0055070
550,190.859,2.000,50.579,73.179,0.0075260
550,224.998,2.000,43.764,71.246,0.0056840
575,465.577,223.841,18.243,38.079,0.0078360
575,383.605,207.733,14.786,27.138,0.0052890
575,467.763,205.347,17.337,29.004,0.0050530
575,39.638,2.000,46.488,63.561,0.0061080
600,213.058,91.826,14.437,24.000,0.0108620
600,498.404,192.406,19.504,45.572,0.0103760
600,270.322,2.000,43.628,68.837,0.0079130
600,285.728,21.116,16.872,23.779,0.0050400
625,255.313,99.812,13.884,22.678,0.0299820
625,2.969,2.638,17.843,27.582,0.0113920
625,346.838,58.542,14.944,21.094,0.0083220
650,542.473,254.693,16.180,45.626,0.4094830
650,499.680,241.086,42.028,88.919,0.0077190
650,463.765,218.581,94.980,152.132,0.0070050
650,254.451,92.749,12.936,21.749,0.0081580
650,577.124,229.661,18.925,61.765,0.0121390
650,527.890,240.800,30.029,77.283,0.0071910
650,269.799,86.872,16.103,25.594,0.0052880
650,254.451,92.749,12.936,21.749,0.0059140
650,350.671,20.315,14.269,22.229,0.0055310
675,576.910,220.353,29.600,76.988,0.0078500
675,248.504,66.047,14.028,17.435,0.0077390
675,244.920,86.480,13.731,20.405,0.0066460
675,545.090,238.398,18.536,47.061,0.0065210
675,496.303,255.291,29.074,65.437,0.0061370
675,607.763,205.647,28.131,108.214,0.0055260
675,312.537,280.344,16.727,31.963,0.0145360
675,309.248,2.000,47.498,59.394,0.0076890
675,124.429,60.318,13.437,19.248,0.0076540
675,332.762,2.000,48.434,62.590,0.0068050
700,574.046,236.425,21.060,57.373,0.0626760
700,605.486,250.993,22.481,51.720,0.0109520
700,558.741,242.588,18.608,47.275,0.7408590
700,93.871,15.207,17.831,23.352,0.0216520
700,78.684,2.000,41.593,51.212,0.0134130
700,325.902,92.758,15.787,21.740,0.0079700
700,224.374,2.000,42.833,75.932,0.0075360
725,557.643,230.560,20.978,55.289,0.2541990
725,563.178,218.821,34.390,80.001,0.0064590
725,310.846,264.088,20.108,33.058,0.0246930
725,313.934,62.167,12.596,14.293,0.0108420
750,459.709,239.833,22.116,45.121,0.0105720
750,581.621,224.311,20.874,70.976,0.0729580
750,651.302,203.944,31.108,105.233,0.0597030
750,611.931,212.356,30.446,88.495,0.0394350
750,661.591,243.000,22.222,70.670,0.0356110
750,542.391,229.277,21.529,57.957,0.0148550
750,585.208,246.811,19.995,59.487,0.0096960
750,542.667,208.890,31.698,88.602,0.0094680
750,618.485,246.755,20.358,60.674,0.0090960
750,6.055,8.979,15.440,23.707,0.0069470
775,595.230,216.162,32.184,82.081,0.8337990
775,588.837,217.948,24.776,77.551,0.1052730
775,643.512,204.440,35.076,91.918,0.0050750
800,619.676,225.825,23.228,69.043,0.0118380
800,630.806,214.345,41.259,95.485,0.8177550
800,99.131,2.000,79.645,287.368,0.0079200
800,7.573,7.394,15.286,26.809,0.0093550
800,124.808,256.456,28.855,68.068,0.0073550
800,7.651,41.206,11.387,22.853,0.0061840
825,42.305,2.000,116.670,267.385,0.0066220
825,91.482,2.000,89.079,244.516,0.0060990
825,394.369,203.688,15.512,35.186,0.0125730
825,389.028,237.180,21.103,42.230,0.0440840
825,391.281,254.713,21.790,43.193,0.0160460
825,391.155,221.328,28.134,62.396,0.0155550
850,652.241,211.702,33.130,81.383,0.0054520
850,418.586,212.512,38.301,74.321,0.0169450
850,426.470,249.505,24.897,57.337,0.0162380
1000,394.646,102.825,96.714,248.389,0.0134190
1000,72.783,205.346,36.037,80.088,0.0065430
1025,657.211,188.196,19.595,56.375,0.0055090
1025,228.127,240.769,21.416,27.961,0.0297950
1025,407.056,171.785,70.503,169.875,0.0051070
1050,126.424,245.766,20.987,31.420,0.0090240
1050,683.365,188.100,17.838,49.471,0.1067070
1050,683.566,171.462,24.068,87.380,0.0073420
1050,126.424,245.766,20.987,31.420,0.2235960
1050,131.809,257.767,18.010,32.134,0.0097810
1050,119.161,235.315,34.849,42.661,0.0090430
1075,666.870,197.173,20.261,50.206,0.0326280
1075,658.123,185.689,25.648,64.969,0.0052120
1100,202.503,269.553,19.978,29.107,0.0089310
1100,274.773,243.157,21.459,30.541,0.0062120
1150,210.070,15.812,11.675,15.760,0.0052010
1175,565.608,227.657,19.953,48.905,0.0574490
1225,688.108,201.062,16.711,41.413,0.0073480
1325,577.392,201.729,18.726,37.001,0.0069990
1350,677.599,186.266,20.462,42.225,0.2733730
1350,671.667,188.425,16.706,38.299,0.4003110
1350,676.581,181.551,32.959,65.965,0.0086160
1350,680.573,171.740,21.664,43.302,0.0068690
1350,656.067,185.748,37.584,61.469,0.0066670
1375,616.549,164.754,24.362,40.528,0.0120360
1375,618.429,163.143,34.175,74.147,0.0266070
1375,573.759,168.081,18.710,36.253,0.0666110
1375,616.549,164.754,24.362,40.528,0.0051150
1375,608.353,157.188,47.727,64.290,0.0286510
1375,573.759,168.081,18.710,36.253,0.0056400
1375,569.864,111.858,115.351,146.377,0.0122200
1400,541.968,179.459,19.848,29.955,0.0137560
1400,504.583,179.729,16.790,30.471,0.2247860
1400,684.494,196.064,18.389,31.290,0.0090770
1400,508.893,183.862,17.505,31.294,0.0990530
1400,538.474,184.667,20.013,34.721,0.2633400
1400,504.583,179.729,16.790,30.471,0.0189380
1400,508.893,183.862,17.505,31.294,0.5761080
1425,682.884,192.070,15.834,33.286,0.0094430
1425,462.473,187.175,24.640,40.314,0.0770660
1425,611.229,196.634,17.082,27.489,0.2383180
1425,460.212,177.735,21.537,33.198,0.0427150
1425,671.763,195.426,14.748,31.142,0.0275050
1425,535.409,201.063,14.209,23.581,0.0063980
1425,592.926,199.144,15.584,26.737,0.0063000
1425,419.293,196.340,21.083,33.420,0.3761530
1425,452.913,179.910,36.978,55.947,0.3129790
1425,418.363,177.770,19.544,32.459,0.0054940
1450,603.320,194.541,21.839,52.739,0.1437810
1450,517.857,215.535,15.909,31.447,0.1036080
1450,272.404,221.204,28.557,46.841,0.0121600
1450,350.547,196.223,36.116,64.134,0.7318410
1450,304.740,197.687,55.239,58.795,0.0137880
1450,518.190,218.876,15.615,32.181,0.0882670
1450,272.404,221.204,28.557,46.841,0.0513970
1450,350.547,196.223,36.116,64.134,0.0102940
1450,301.940,213.146,49.217,59.584,0.0077220
1475,26.228,219.037,43.402,79.857,0.1261490
1475,261.710,180.261,26.197,53.354,0.1677590
1475,19.549,219.626,35.087,110.908,0.0068760
1475,206.977,184.422,20.295,43.385,0.6572550
1475,534.571,190.451,21.621,43.775,0.1104110
1475,195.256,185.605,35.780,70.802,0.0667930
1475,253.606,183.532,20.375,44.205,0.0307210
1475,205.967,178.779,14.060,32.563,0.0126440
1475,430.700,199.493,16.499,32.063,0.0115410
1475,463.135,199.446,17.597,31.418,0.0056080
1475,26.228,219.037,43.402,79.857,0.1464630
1475,261.710,180.261,26.197,53.354,0.0062120
1475,19.549,219.626,35.087,110.908,0.0194160
1475,33.286,190.855,52.362,139.397,0.0053560
1500,397.552,219.111,18.877,33.609,0.0469960
1500,442.500,211.731,16.374,34.486,0.0095130
1500,206.432,189.311,26.209,50.696,0.1870000
1500,223.681,194.481,25.910,48.737,0.0447700
1500,142.873,192.515,24.822,46.907,0.8049360
1500,508.618,203.341,20.477,47.450,0.4126430
1500,503.242,204.886,33.011,63.069,0.0181490
1500,469.861,203.556,17.127,40.770,0.0055260
1500,528.126,196.006,21.807,50.472,0.0051640
1500,397.552,219.111,18.877,33.609,0.0992390
1500,206.432,189.311,26.209,50.696,0.0303730
1500,223.681,194.481,25.910,48.737,0.0485630
1500,142.873,192.515,24.822,46.907,0.0394750
1500,376.332,207.176,30.093,59.529,0.0085220
1525,649.978,169.943,41.642,91.947,0.0051020
1525,453.880,201.264,19.145,45.100,0.0204830
1525,101.551,181.962,22.058,41.977,0.6052560
1525,98.939,175.230,18.921,36.834,0.0340440
1525,388.238,217.268,18.740,37.450,0.4032530
1525,169.614,173.858,39.334,73.169,0.5552390
1525,379.157,209.053,34.627,57.073,0.0180140
1525,191.698,188.368,24.837,49.598,0.0399820
1525,540.026,194.385,25.903,58.828,0.6327240
1525,366.962,213.881,18.729,43.302,0.0142250
1525,191.698,188.368,24.837,49.598,0.0094280
1525,302.976,2.000,47.913,59.888,0.0067660
1550,380.629,219.951,38.365,66.805,0.0482400
1550,386.277,228.468,20.187,48.695,0.1640660
1550,463.696,189.665,34.236,83.659,0.8439450
1550,142.467,189.890,48.591,89.313,0.2136100
1550,159.415,197.902,27.393,60.312,0.0848710
1550,36.507,193.417,33.569,66.642,0.8278040
1550,123.317,184.222,37.127,88.547,0.7365190
1550,561.424,214.781,31.176,57.420,0.7002760
1550,547.571,210.556,37.479,69.055,0.0540850
1550,413.858,205.102,51.834,80.948,0.0185380
1550,72.644,179.709,48.647,86.446,0.0104920
1550,456.380,150.375,47.296,194.199,0.0061240
1550,115.482,166.478,64.125,149.204,0.0051630
1550,159.415,197.902,27.393,60.312,0.0288640
1550,41.651,195.975,30.001,56.693,0.0099950
1550,293.496,2.000,46.108,66.254,0.0079050
1550,333.631,2.000,49.985,68.478,0.0071410
1575,548.597,200.575,20.207,55.788,0.0079370
1575,485.881,185.354,38.245,90.836,0.6311310
1575,625.892,209.044,24.296,58.520,0.4308720
1575,413.279,232.045,22.935,51.725,0.2194900
1575,105.651,183.455,51.622,90.887,0.1284130
1575,401.070,231.721,28.647,53.247,0.6836150
1575,98.105,135.184,74.080,191.025,0.0084900
1575,136.484,183.959,40.666,91.268,0.1798030
1575,55.054,168.103,36.502,109.404,0.5458240
1575,71.492,171.728,39.316,112.574,0.4689130
1575,145.321,211.675,25.069,55.602,0.0617780
1575,639.175,178.541,36.749,93.254,0.0062180
1575,485.881,185.354,38.245,90.836,0.0985100
1575,105.651,183.455,51.622,90.887,0.0081860
1575,340.201,2.000,47.287,63.034,0.0119920
1575,136.484,183.959,40.666,91.268,0.0090120
1575,377.641,2.000,42.271,62.425,0.0053990
1600,217.326,235.083,30.176,53.370,0.3209090
1600,34.695,170.345,52.010,104.049,0.4655540
1600,423.303,233.817,27.405,52.677,0.6717630
1600,80.326,174.944,50.236,102.454,0.4317250
1600,539.216,159.405,46.349,128.810,0.7005770
1600,2.000,151.648,28.452,115.410,0.7033060
1600,559.043,153.829,36.920,122.680,0.0590970
1600,3.515,163.949,20.195,86.715,0.0489350
1600,63.801,154.754,71.452,164.354,0.0399960
1600,22.706,150.909,74.000,171.440,0.0333420
1600,108.573,210.260,26.348,58.121,0.0184410
1600,8.602,165.333,46.605,118.006,0.0172350
1600,101.047,193.227,37.517,91.033,0.0130130
1600,4.000,118.790,57.717,240.427,0.0103200
1600,46.319,207.875,26.632,53.394,0.0082910
1600,42.819,180.661,25.697,67.082,0.0052620
1600,217.326,235.083,30.176,53.370,0.3154380
1600,34.695,170.345,52.010,104.049,0.2248380
1600,80.326,174.944,50.236,102.454,0.1615300
1600,539.216,159.405,46.349,128.810,0.0728320
1600,2.000,151.648,28.452,115.410,0.0079360
1625,8.849,209.790,24.595,77.688,0.0513900
1625,178.597,222.514,32.783,79.855,0.0371410
1625,610.987,125.486,49.413,201.132,0.0769570
1625,599.904,189.351,45.307,122.320,0.7084710
1625,430.808,244.098,26.563,61.925,0.7066520
1625,631.117,182.676,47.130,122.788,0.4246810
1625,629.886,126.941,47.709,127.523,0.0602120
1625,156.295,217.263,53.770,124.136,0.0080280
1625,581.868,198.377,39.339,107.555,0.0073410
1625,616.653,215.418,21.852,71.036,0.0065650
1625,454.510,237.230,19.728,60.004,0.0057710
1625,8.849,209.790,24.595,77.688,0.0117780
1625,163.101,223.907,38.697,81.225,0.7864120
1625,610.987,125.486,49.413,201.132,0.0119300
1625,630.164,149.120,51.126,144.791,0.0073630
1650,165.743,301.598,20.208,34.944,0.6702170
1650,129.185,296.347,28.322,37.266,0.0956750
1650,102.000,246.603,50.694,99.752,0.0337850
1650,444.751,253.438,36.611,85.766,0.6654550
1650,78.405,207.799,59.158,140.015,0.5618760
1650,355.613,293.904,25.354,42.255,0.8143200
1650,436.777,261.098,29.935,75.859,0.0512260
1650,98.492,295.028,20.289,41.891,0.0389960
1650,460.414,284.977,26.072,51.268,0.0121000
1650,77.169,134.520,56.682,364.651,0.0112850
1650,604.817,261.233,28.279,71.924,0.0090100
1650,101.422,201.923,45.533,243.629,0.0082840
1650,85.125,256.810,26.763,61.643,0.0056180
1650,83.542,206.454,80.024,180.856,0.0324170
1650,129.185,296.347,28.322,37.266,0.0054970
1650,102.000,246.603,50.694,99.752,0.0747660
1650,81.792,195.638,54.136,140.887,0.4833330
1650,203.288,61.026,11.607,12.474,0.0057670
1675,94.894,303.753,33.605,64.908,0.1050700
1675,108.177,310.195,27.624,53.311,0.1297500
1675,286.776,321.588,21.848,43.527,0.6346820
1675,241.572,320.655,25.392,43.982,0.1067690
1675,204.927,328.031,27.644,40.971,0.0304040
1675,359.902,307.597,32.268,65.384,0.9042840
1675,148.579,313.306,25.496,55.707,0.8254180
1675,461.551,259.264,41.584,122.643,0.7876760
1675,503.546,265.722,37.030,122.375,0.7031110
1675,678.913,315.816,27.193,80.370,0.5480410
1675,521.903,283.120,35.926,104.634,0.0281100
1675,421.418,269.080,42.455,104.509,0.0196900
1675,373.253,299.484,36.113,74.625,0.0165500
1675,202.840,320.169,23.756,45.810,0.0627990
1700,163.434,285.138,39.487,73.658,0.5429480
1700,77.523,287.412,37.914,72.060,0.5749630
1700,110.296,289.090,53.661,77.279,0.0167520
1700,499.853,250.636,55.445,140.202,0.8910830
1700,387.489,291.706,36.984,73.504,0.8772320
1700,563.988,244.754,53.483,148.451,0.8568060
1700,297.949,299.164,29.356,55.379,0.8281040
1700,602.783,259.003,43.451,141.839,0.0755380
1700,57.143,298.261,22.876,59.580,0.0142920
1700,478.047,164.495,90.859,284.242,0.0083930
1700,348.906,278.196,40.875,86.145,0.0065840
1700,181.855,301.063,48.083,58.130,0.0063120
1700,163.434,285.138,39.487,73.658,0.2594340
1700,110.296,289.090,53.661,77.279,0.0058190
1725,195.591,211.193,48.982,88.926,0.0716790
1725,152.048,216.881,39.239,82.545,0.0166410
1725,465.197,219.849,42.496,97.768,0.8177480
1725,613.935,172.963,82.560,204.813,0.9065810
1725,227.259,219.052,32.926,74.383,0.8261650
1725,347.563,224.826,35.398,68.005,0.8243140
1725,87.244,213.616,37.377,85.644,0.7454690
1725,114.988,223.949,33.185,71.300,0.5491220
1725,129.327,229.958,26.117,62.057,0.3518370
1725,468.529,243.386,23.525,63.312,0.0143360
1725,75.311,189.946,60.082,143.505,0.0087290
1725,487.262,218.062,35.663,90.735,0.0082960
1725,566.744,140.648,56.922,243.498,0.0069140
1725,450.986,156.935,60.109,216.860,0.0057080
1725,195.591,211.193,48.982,88.926,0.0187820
1725,152.048,216.881,39.239,82.545,0.0346260
1750,218.742,216.197,30.077,46.987,0.0221440
1750,398.105,198.007,35.171,77.763,0.9063570
1750,293.638,193.144,39.622,91.156,0.8693370
1750,561.371,184.786,50.971,138.884,0.8213430
1750,102.763,189.346,41.219,83.174,0.7885490
1750,73.983,181.003,43.878,100.004,0.6379920
1750,306.220,212.956,26.207,58.228,0.0358080
1750,54.712,173.690,37.323,102.572,0.0237220
1750,412.749,204.502,30.879,71.963,0.0200350
1750,119.970,172.489,42.829,146.331,0.0077790
1750,300.012,173.052,49.772,169.138,0.0066560
1750,573.856,187.287,34.016,91.538,0.0059560
1750,113.866,202.322,22.364,53.253,0.0059060
1750,54.840,166.996,93.565,126.027,0.0055890
1750,383.311,166.509,54.954,174.461,0.0055590
1750,172.492,202.994,26.832,53.696,0.5469570
1750,159.232,197.742,38.385,77.772,0.2344640
1750,294.076,190.774,35.805,84.365,0.0132160
1775,26.890,167.028,53.989,122.318,0.6162850
1775,6.267,167.117,51.839,121.529,0.6197590
1775,64.066,181.372,41.930,93.909,0.6572440
1775,79.735,195.319,22.989,59.200,0.0217020
1775,346.248,171.278,47.961,112.594,0.8469490
1775,431.589,175.135,45.350,102.666,0.8405330
1775,188.499,189.192,34.939,77.745,0.8402670
1775,68.008,151.628,49.641,172.044,0.0116870
1775,371.710,178.128,43.260,89.834,0.0098900
1775,453.870,191.015,25.687,61.028,0.0080500
1775,26.890,167.028,53.989,122.318,0.0074870
1775,6.267,167.117,51.839,121.529,0.1253050
1775,64.066,181.372,41.930,93.909,0.1479710
1775,106.246,182.543,43.370,83.183,0.0323950
1775,158.719,212.439,21.169,48.059,0.0160480
1775,155.339,183.816,40.032,82.099,0.0132700
1775,119.923,213.369,22.765,48.213,0.0121040
1775,79.735,195.319,22.989,59.200,0.0090400
1775,9.274,193.443,19.940,56.090,0.0053020
1800,10.078,176.526,34.748,120.519,0.7738320
1800,32.009,193.714,34.384,95.633,0.0150780
1800,420.444,174.262,61.880,159.534,0.8536920
1800,500.409,180.297,48.467,135.294,0.8503090
1800,201.186,195.794,39.199,91.184,0.7821070
1800,518.842,188.258,40.502,115.916,0.1435010
1800,204.808,211.995,24.406,62.996,0.1028230
1800,462.517,223.165,21.300,44.301,0.0337270
1800,532.734,220.703,23.320,56.861,0.0320330
1800,217.192,197.051,33.753,96.633,0.0146730
1800,14.094,202.057,19.938,71.832,0.0115420
1800,499.634,216.445,20.487,57.106,0.0106370
1800,448.269,190.446,31.927,83.855,0.0089420
1800,458.333,200.317,20.411,56.751,0.0080160
1800,196.851,177.075,49.223,162.748,0.0062180
1800,427.595,221.243,19.058,42.824,0.0050550
1800,11.307,179.610,34.770,105.664,0.0831020
1800,32.009,193.714,34.384,95.633,0.0240830
1825,673.537,130.267,34.241,226.063,0.1086430
1825,657.279,75.798,44.916,321.834,0.7370370
1825,660.286,158.650,37.988,171.748,0.0373560
1825,259.720,166.414,50.673,116.397,0.8152810
1825,540.252,185.826,21.512,58.890,0.0273300
1825,293.412,180.100,40.593,94.053,0.0166160
1825,277.986,189.085,20.988,60.726,0.0054050
1825,673.537,130.267,34.241,226.063,0.0254910
1825,657.279,75.798,44.916,321.834,0.0181930
1825,660.286,158.650,37.988,171.748,0.0162560
1850,384.805,176.178,59.889,133.132,0.8053900
1875,609.554,197.002,18.265,51.787,0.0113340
1875,212.460,222.767,20.070,34.585,0.0103610
1900,309.748,203.730,21.156,33.509,0.1760800
1900,528.171,258.759,20.050,38.045,0.5056040
1900,514.848,257.786,17.951,42.773,0.0177900
1925,615.205,242.220,24.867,48.159,0.0466240
1925,588.584,226.190,22.261,55.694,0.0556480
1925,339.436,190.477,22.979,36.355,0.2427420
1925,612.341,240.229,37.189,73.251,0.0062570
1925,588.584,226.190,22.261,55.694,0.0055460
1925,191.983,175.064,59.050,55.325,0.0083200
1950,158.288,163.312,23.204,42.267,0.0744220
1950,155.240,179.940,21.081,35.262,0.0095300
1975,581.787,160.856,23.703,44.932,0.4345640
1975,616.987,170.723,34.303,67.661,0.4671270
1975,620.326,168.930,22.484,44.314,0.0741260
1975,635.549,169.010,39.111,84.968,0.0634340
1975,643.954,182.673,22.985,54.074,0.0124050
1975,574.364,163.351,31.949,72.056,0.0112710
1975,539.890,164.551,32.265,81.395,0.0103900
1975,527.754,85.513,51.631,260.493,0.0069540
1975,632.029,109.573,57.073,214.917,0.0060680
1975,604.974,151.452,60.377,128.576,0.0050820
1975,197.199,183.872,39.876,61.814,0.1907990
1975,581.787,160.856,23.703,44.932,0.0386740
1975,231.087,196.167,20.687,34.682,0.0060300
2000,565.418,150.601,29.912,65.075,0.1030700
2000,643.739,139.037,15.387,31.549,0.0326680
2000,630.889,154.995,17.052,30.040,0.0245170
2000,641.845,148.854,15.875,37.973,0.1649990
2000,576.890,137.597,15.983,34.657,0.0606380
2000,563.319,139.012,36.570,125.316,0.0119380
2000,564.205,125.307,58.679,181.955,0.0068150
2000,19.204,2.000,77.421,383.213,0.0063930
2000,570.374,146.373,24.159,53.328,0.2925610
2000,209.478,231.582,18.768,46.212,0.0124420
2025,2.894,129.624,39.435,113.652,0.4171920
2025,10.528,149.077,20.592,58.881,0.0362790
2025,2.000,80.012,54.065,258.867,0.0622580
2025,318.417,170.195,19.575,36.546,0.0522220
2025,130.055,57.873,92.982,314.067,0.0176960
2025,166.648,40.529,82.328,356.811,0.0081050
2025,321.412,186.637,19.033,33.779,0.0076740
2025,81.403,72.465,112.337,220.258,0.0073210
2025,2.894,129.624,39.435,113.652,0.1038770
2025,2.000,80.012,54.065,258.867,0.0240160
2025,318.417,170.195,19.575,36.546,0.0262970
2050,280.684,168.749,24.291,36.641,0.0177070
2050,502.441,94.431,95.925,188.119,0.0067240
2075,234.624,104.619,52.017,89.600,0.0061660
2075,121.943,148.800,26.395,32.613,0.0153770
2200,4.372,38.235,15.649,34.309,0.0054330
2325,108.967,353.871,51.322,90.567,0.0139140
2350,431.066,269.882,17.113,30.197,0.0057460
2375,594.599,337.065,36.864,81.584,0.0652360
2375,573.258,322.653,60.000,99.068,0.3352240
2375,565.065,134.414,47.976,320.376,0.0069700
2400,75.132,176.791,38.144,100.327,0.7470430
2400,317.101,315.679,21.386,37.065,0.0932590
2400,166.501,291.728,21.101,48.540,0.0382750
2400,164.484,259.310,33.474,62.090,0.0174330
2400,158.588,267.969,19.045,51.019,0.0067890
2400,308.810,299.493,35.086,61.517,0.0054450
