25,238.444977,153.324020,15.012589,32.037781,0.979146
25,235.343216,144.680954,18.309006,40.474182,0.979146
25,238.485443,147.169373,14.661774,31.727570,0.979146
25,236.674286,150.443619,14.674576,31.659363,0.963577
25,235.081665,145.981827,25.141876,53.190735,0.066772
50,542.077637,218.071136,23.542725,50.937469,0.341732
50,537.266479,209.768372,28.863037,61.461609,0.197249
50,550.866638,215.440506,23.778687,51.992569,0.197249
50,548.840027,208.129471,28.799500,63.861038,0.197249
50,531.710022,220.189087,25.875854,52.744690,0.103168
50,528.781189,206.267853,31.723145,68.538269,0.103168
50,542.181458,210.972595,20.492432,48.152832,0.057886
50,544.853210,232.851456,16.367981,38.214951,0.036600
75,163.762711,204.058929,26.080704,56.666687,0.970585
75,167.053772,201.148270,29.558975,63.849716,0.922990
75,170.422318,205.624023,24.662277,53.034454,0.922990
75,173.786194,212.128204,18.995911,40.183212,0.922990
75,316.636017,212.263031,21.850189,47.631409,0.917127
75,313.351196,207.202713,26.712952,57.566849,0.917127
75,318.937836,216.763550,16.655884,36.105865,0.917127
75,334.091736,213.750153,21.272308,46.559967,0.698038
75,336.507751,217.193832,17.261200,37.650894,0.698038
75,163.793839,214.842453,20.232712,44.083572,0.618489
75,317.567657,222.714066,18.971985,43.131119,0.585872
75,162.971664,204.779922,19.639893,42.674606,0.502495
75,310.090515,210.782211,21.497528,47.393661,0.411302
75,180.406082,207.859390,24.311447,53.689926,0.352809
75,171.706985,216.797256,22.268692,50.263382,0.330446
75,157.110840,211.606812,26.582672,57.886139,0.316285
75,318.043762,208.809418,19.057465,41.092896,0.309124
75,466.596985,218.300217,16.538544,35.571167,0.289256
75,334.218781,207.949982,18.641754,42.552475,0.206540
75,334.360626,225.215775,19.520447,43.811172,0.198830
75,329.208527,207.868073,26.930878,57.762451,0.117392
75,185.551453,213.130066,17.797028,37.791794,0.110736
75,463.164795,214.843277,22.735596,47.607712,0.086750
75,165.404388,191.272629,36.842606,80.678360,0.084908
75,337.334808,208.117279,15.106506,33.882767,0.080463
75,466.430511,210.984024,16.489380,34.652847,0.073418
75,159.369370,192.036148,31.253082,67.785385,0.072092
75,630.740662,183.750580,36.349487,78.049133,0.066092
75,643.346924,186.732666,34.742310,77.146637,0.066092
100,599.655518,213.518524,27.502258,60.273468,0.037282
125,600.649170,220.358490,25.200012,54.566803,0.919541
125,646.328979,186.871109,33.770935,74.522873,0.886298
125,637.302979,183.774857,37.646484,81.089554,0.845085
125,558.885193,220.343903,24.389404,52.533966,0.829317
125,560.785217,226.213730,19.233032,40.896744,0.829317
125,602.836243,222.977386,19.729858,43.639618,0.770150
125,591.182922,219.160873,25.712830,55.547836,0.762248
125,592.208679,226.320633,19.692993,42.840897,0.762248
125,638.031982,173.675522,44.843201,96.844803,0.735456
125,418.111725,159.794327,43.404327,94.792923,0.550642
125,287.999329,185.908203,17.161469,36.745895,0.503600
125,289.782440,188.130112,13.473328,28.861786,0.503600
125,413.804382,171.966568,34.356964,74.078873,0.491685
125,414.197266,188.078079,31.857086,68.122421,0.490644
125,288.771912,193.411194,15.246735,32.927551,0.483301
125,427.125732,194.580338,24.318909,51.934708,0.413838
125,429.910950,203.428375,20.063477,41.936890,0.413838
125,635.325500,195.868515,30.020264,66.171463,0.412864
125,640.901794,211.768524,22.262817,50.747162,0.390912
125,642.035339,213.459061,17.829407,39.406754,0.377411
125,423.531097,187.657242,30.674072,67.772171,0.366707
125,426.843658,180.066360,30.776917,66.505310,0.352631
125,667.349976,193.278961,52.650024,142.048370,0.349758
125,565.831177,218.235229,26.795837,57.751923,0.348493
125,571.373657,224.520248,20.622437,45.639969,0.348493
125,574.250061,230.341827,16.329895,34.340363,0.348493
125,641.423340,222.591522,17.764343,39.392792,0.286517
125,603.602478,234.525299,19.480347,45.005402,0.261286
125,543.775940,222.525635,24.229187,50.959106,0.254652
125,421.249695,166.253586,35.218842,78.772659,0.229191
125,288.760254,179.149475,17.099243,36.169159,0.217736
125,540.764526,224.827957,19.050842,40.215439,0.205101
125,539.224365,219.238876,23.207153,51.305466,0.205101
125,542.287781,230.817307,19.865417,45.190903,0.205101
125,639.905762,225.208755,19.632507,46.190872,0.202507
125,557.074158,209.251816,28.437256,57.760422,0.158770
125,558.971313,233.976318,20.117004,46.882843,0.149592
125,642.923584,175.354782,34.183105,78.754089,0.130246
125,676.730530,248.488525,39.038330,82.800415,0.130067
125,539.799744,211.093628,28.638855,62.826202,0.118660
125,595.619690,201.743774,33.155640,74.031860,0.081904
125,285.816376,176.892395,23.198822,49.128677,0.081699
125,683.571106,216.162643,36.428894,118.824112,0.078757
125,534.115540,227.272705,18.736450,40.268341,0.075561
125,532.967957,219.373505,18.832458,40.773712,0.075561
125,533.457947,231.273224,15.243103,32.771729,0.075561
125,629.848389,175.124985,50.899414,113.001846,0.064513
150,597.763916,185.484726,69.170044,149.000443,0.994700
150,504.514893,214.665329,27.521729,59.452499,0.973612
150,508.507538,222.990234,21.367584,46.090698,0.973612
150,459.818451,218.610107,23.348999,50.405396,0.972543
150,462.524078,224.637665,18.297363,39.452911,0.972543
150,477.049713,216.001541,27.071014,58.529068,0.920345
150,480.262939,222.673889,21.082642,46.458649,0.920345
150,482.056915,228.646744,16.433167,35.309921,0.920345
150,457.881622,211.176987,28.129242,61.534561,0.903458
150,491.700470,217.845367,25.388031,55.282776,0.845105
150,493.835419,222.919220,20.802826,45.685913,0.845105
150,495.651855,228.508560,16.410522,35.332718,0.845105
150,316.889008,183.944168,31.244110,67.184311,0.813720
150,600.837280,214.725616,57.816284,123.113190,0.779920
150,324.646027,183.023529,31.495850,67.050766,0.757560
150,328.888885,189.968658,25.316345,53.714249,0.757560
150,543.000916,177.414322,37.816223,84.893051,0.736408
150,548.076477,184.701874,30.863159,66.724579,0.736408
150,437.058777,222.738220,20.582458,44.742767,0.726203
150,436.762299,228.021606,16.396088,35.640625,0.726203
150,435.908112,217.728058,17.256683,37.473938,0.726203
150,329.293091,177.373657,28.545929,63.750824,0.672110
150,461.711761,227.365952,20.548676,44.826157,0.620924
150,319.619568,163.736450,38.973267,86.374496,0.610128
150,436.584625,230.741211,18.388153,42.007080,0.566368
150,495.023682,220.797363,18.104248,38.886566,0.516875
150,444.343933,221.635056,19.750488,42.254471,0.506017
150,443.346863,225.755798,23.260559,49.018524,0.506017
150,477.670502,210.850342,22.274078,49.300171,0.444877
150,538.639526,177.524841,35.087952,79.314331,0.399575
150,532.790710,177.074127,47.217163,95.826691,0.389325
150,472.204651,212.177414,29.622040,66.465134,0.344435
150,443.722656,210.644485,27.057800,57.513443,0.311676
150,433.141022,211.034164,27.036987,55.464432,0.311676
150,541.390625,200.675339,24.888123,52.932541,0.304297
150,543.891235,208.413620,18.641479,40.673203,0.304297
150,489.082764,210.148407,30.650940,67.798065,0.300524
150,508.968109,234.026443,19.772491,45.557846,0.289837
150,329.278717,200.325287,25.377319,58.130768,0.280578
150,608.492493,233.239807,46.130432,102.024414,0.246753
150,604.018738,187.940277,54.438049,117.012817,0.243257
150,461.640717,236.016220,18.913757,43.810532,0.220327
150,541.585510,215.097900,21.426880,44.822693,0.215543
150,543.965332,221.067719,16.956299,37.428925,0.215543
150,507.078888,213.003845,21.533295,49.860626,0.180383
175,564.899597,181.334732,67.821045,147.512680,0.994411
175,458.674896,204.717087,27.290131,59.451859,0.983263
175,427.995453,211.770233,25.313660,55.666534,0.977180
175,430.509979,216.733521,20.189911,42.525330,0.977180
175,425.952911,202.249786,28.453003,59.890442,0.977180
175,461.599579,214.152756,21.334869,47.237442,0.965599
175,459.972015,217.157501,23.796967,54.535217,0.965599
175,443.061462,209.675537,28.457306,60.507935,0.915964
175,406.948456,206.916061,27.735931,58.925949,0.836998
175,410.453430,211.325897,22.267090,48.456024,0.836998
175,413.263794,215.642075,17.751587,37.851410,0.836998
175,408.133057,202.139160,24.953369,52.103516,0.836998
175,447.758026,217.519119,18.656250,38.925217,0.805736
175,398.298889,205.377731,26.782867,57.892014,0.703209
175,400.062317,210.202499,22.258759,47.686386,0.703209
175,401.803925,214.536285,18.124908,39.300034,0.703209
175,99.693947,182.960861,16.518822,35.292206,0.693483
175,100.261566,174.816086,18.740311,40.552261,0.693483
175,100.143593,174.974060,14.913658,32.725479,0.693483
175,445.219727,219.951553,22.849304,52.305161,0.625790
175,449.667755,195.447388,38.614136,84.611664,0.593110
175,264.038666,152.079391,48.129181,105.942795,0.584144
175,467.583832,203.963562,28.518005,59.878754,0.558549
175,98.608101,181.832520,20.669174,45.695068,0.528112
175,385.585571,204.872452,26.963440,57.374588,0.522101
175,440.459442,201.995773,38.102112,82.057938,0.500697
175,413.892914,220.601654,17.743896,39.873047,0.469716
175,430.709869,206.449661,19.874207,45.188522,0.451288
175,94.856171,173.967957,23.412758,48.653625,0.403409
175,412.687714,223.659271,19.863708,45.454346,0.386913
175,384.865479,209.832367,22.263855,48.466461,0.378392
175,385.962769,215.519684,17.600403,37.454910,0.378392
175,261.820679,159.419128,41.329620,88.985229,0.366291
175,581.767883,206.072678,49.403931,112.747879,0.348953
175,461.106262,204.623428,21.859528,46.410248,0.268329
175,468.193604,214.046478,27.718048,61.930481,0.258164
175,442.880859,193.644028,32.658386,67.028763,0.231241
175,422.682739,196.329910,37.369690,80.510208,0.230752
175,572.982544,195.222687,51.214294,115.397278,0.226480
175,385.976227,223.080383,16.616608,36.208984,0.215677
175,39.745922,169.128906,43.195652,93.913757,0.205858
175,270.650696,159.690567,37.452118,82.573074,0.187713
175,275.482117,176.992172,30.356476,68.084457,0.187713
200,564.393677,165.810364,69.969666,151.451080,0.994661
200,456.765594,196.220200,23.314301,51.060226,0.963553
200,454.206635,189.461365,28.596130,61.828857,0.953995
200,394.341705,196.903290,22.221527,47.919617,0.938385
200,391.305450,186.419586,26.779449,56.325287,0.938385
200,444.424774,193.145813,25.762970,55.489944,0.924032
200,444.218079,200.858337,27.209595,59.793396,0.924032
200,412.574524,193.009201,25.212097,53.891800,0.912074
200,413.460602,202.166183,25.828796,57.865097,0.912074
200,392.555328,193.810532,27.329712,56.981827,0.871145
200,395.497528,203.771011,21.929443,50.513214,0.846227
200,367.279022,193.901215,22.461121,48.855820,0.737673
200,368.605011,198.662155,18.095612,38.709976,0.737673
200,365.678894,186.846176,22.945923,49.143082,0.737673
200,425.096436,195.207291,28.029114,59.297501,0.693371
200,250.185898,154.408524,29.402390,62.564377,0.680822
200,237.203766,152.981506,29.992065,64.482788,0.680822
200,383.129395,190.343765,26.667358,57.913712,0.584307
200,384.723053,195.058914,21.941895,46.978455,0.584307
200,386.289948,199.124863,17.789642,38.870193,0.584307
200,383.524567,186.727005,22.821198,48.502304,0.584307
200,428.370453,197.109589,22.544861,49.553818,0.555050
200,567.558044,170.277924,56.960999,127.475586,0.501476
200,238.186111,165.469223,26.082932,55.825226,0.402662
200,248.829559,162.624222,28.976074,64.663208,0.397496
200,239.765732,166.345398,20.515915,43.336288,0.367635
200,438.471771,183.311615,38.107697,82.708282,0.297883
200,253.345261,166.151260,21.286057,44.894104,0.258739
200,386.669769,205.514023,17.999084,38.668213,0.256798
200,461.846832,192.482346,18.262268,39.349243,0.236907
200,388.296783,181.995285,37.845551,81.493576,0.221138
200,558.431335,135.425613,83.493042,186.277725,0.201361
200,240.997955,157.811554,17.285461,37.035629,0.170406
200,414.974152,191.199265,19.786682,43.360672,0.163908
200,240.422729,175.621597,18.535980,40.411819,0.144229
200,238.787949,176.501480,22.965225,52.620651,0.135895
200,243.600418,140.584778,35.600937,78.539703,0.130889
225,562.368591,193.458145,67.036560,144.327194,0.995213
225,469.845551,219.605591,25.189453,53.882477,0.993830
225,462.145630,217.286179,26.524445,57.965134,0.993830
225,428.709259,215.471710,27.499237,59.701416,0.991534
225,440.071777,212.358856,28.782532,61.196625,0.983881
225,473.017853,223.767136,21.116577,42.401138,0.976932
225,467.470398,224.291672,19.131561,40.666031,0.963984
225,466.318756,227.692688,23.041962,50.881531,0.963984
225,380.778656,219.559937,20.843964,45.205139,0.961671
225,380.304688,219.996628,24.472382,55.699875,0.961671
225,435.324005,216.417130,27.891113,60.470779,0.957220
225,397.409790,213.730133,29.067535,63.392914,0.942034
225,399.679291,225.762482,23.827789,53.440918,0.917733
225,435.487488,222.230392,19.833832,42.704880,0.909838
225,434.254852,226.522278,24.025116,52.518860,0.909838
225,378.741058,207.628525,24.949677,54.181503,0.900536
225,380.730621,211.322449,30.978638,66.563873,0.896601
225,60.874470,184.668381,18.254002,39.684082,0.886648
225,59.864269,173.630646,19.409702,43.023071,0.886648
225,440.787811,218.509506,22.839905,49.878342,0.821136
225,437.636810,203.936996,25.662048,57.048416,0.821136
225,404.480347,209.353088,32.558594,70.939209,0.810696
225,405.155182,214.280167,26.667755,56.311783,0.782783
225,409.608856,221.497757,20.472443,44.267105,0.782783
225,569.869690,197.034378,52.912781,121.921188,0.732499
225,354.570312,223.757721,20.231384,43.544830,0.720071
225,354.542297,218.543777,18.472534,38.666275,0.720071
225,355.003326,228.104553,16.369720,35.326721,0.720071
225,82.033577,184.531250,16.943695,36.522400,0.717821
225,81.093048,181.709229,20.660881,44.804413,0.717821
225,81.503548,172.849365,18.884956,42.495560,0.717821
225,90.290245,183.477921,17.122208,36.508591,0.598314
225,87.013557,178.465912,22.169350,47.900818,0.598314
225,555.666626,184.755066,63.519104,138.053040,0.553957
225,458.791687,209.021408,35.727264,76.764450,0.528567
225,431.613037,204.122696,36.265442,77.047073,0.520765
225,383.944061,231.112411,17.941467,40.084396,0.518822
225,464.646820,212.678131,22.796814,49.589081,0.513793
225,471.136475,211.847260,21.792633,50.007935,0.482908
225,351.583984,226.679703,22.669983,49.039963,0.472528
225,431.274933,210.917847,23.928650,51.515259,0.366695
225,353.373016,215.055084,22.960907,49.042816,0.351380
225,59.043564,177.020889,22.396973,47.654556,0.304833
250,566.067078,186.435272,68.399902,147.987793,0.996351
250,487.596222,200.892639,32.308502,70.585266,0.995473
250,426.307617,211.817352,27.854614,60.036774,0.991115
250,487.671539,219.309586,27.487396,59.677109,0.990533
250,491.285706,216.661331,23.244751,47.741837,0.990533
250,391.789215,211.948257,27.685669,59.660172,0.985729
250,490.621368,213.519485,27.093170,59.459488,0.978868
250,484.075531,212.120178,24.003113,52.164124,0.978868
250,426.729645,223.212723,23.708862,51.998581,0.978217
250,422.351776,201.634079,33.028534,74.087570,0.969035
250,364.711182,214.015121,23.881317,52.429337,0.963944
250,367.230774,217.963608,19.294373,41.123672,0.963944
250,362.997559,203.813705,26.548737,56.985428,0.963944
250,482.566681,215.967957,27.823517,59.766968,0.951642
250,391.627991,202.098862,26.462860,57.806717,0.944239
250,379.785675,206.760086,28.724823,62.519821,0.921122
250,433.723724,212.399887,23.989105,52.747635,0.906436
250,431.304474,205.562103,28.909698,63.276154,0.906436
250,31.779171,173.326691,16.614758,36.242569,0.867544
250,413.644775,209.456360,26.494690,57.824860,0.848002
250,46.019161,172.406601,18.160793,39.069275,0.824384
250,48.875771,174.199356,14.513401,31.981583,0.824384
250,387.453156,200.204910,33.123962,73.990585,0.752079
250,46.266273,183.710190,18.132561,39.179977,0.637784
250,344.906342,207.302002,27.240265,57.906067,0.580673
250,347.218201,212.093567,22.683655,48.022522,0.580673
250,350.111511,215.521042,18.277802,40.173813,0.580673
250,556.702393,161.058136,85.707947,183.484375,0.491251
250,66.642639,181.938431,14.215248,31.693863,0.470776
250,63.775234,168.977814,20.545589,44.747742,0.470776
250,66.284805,171.071533,16.597992,36.650543,0.470776
250,67.004463,173.231094,13.655945,30.146088,0.470776
250,221.679245,185.003998,31.826508,68.998993,0.459259
250,228.594971,183.140762,27.469940,62.539001,0.459135
250,490.775604,227.442871,22.146027,50.864838,0.385458
250,224.837418,191.673828,20.812729,45.104156,0.381185
250,218.931030,172.269547,32.591919,71.530014,0.375083
250,497.915894,218.272949,20.889587,47.654053,0.363809
250,496.177155,218.224854,26.784332,61.886536,0.363809
250,385.164856,215.512817,20.574463,43.700317,0.348309
250,379.424255,205.596252,37.188293,78.897308,0.343005
250,384.722229,220.007828,23.690704,54.944107,0.322098
250,223.597275,176.428268,37.373154,80.342880,0.316884
250,389.792389,216.748459,31.828339,70.194443,0.295024
250,428.594849,208.363434,21.055084,44.752197,0.292468
275,564.840271,201.234528,66.477966,144.199799,0.995762
275,412.049652,225.068588,28.121399,63.441147,0.995289
275,506.712372,223.156067,29.667938,63.454254,0.987476
275,514.333252,220.797256,29.304260,64.048904,0.987476
275,413.635193,216.882401,29.749817,64.904648,0.977759
275,419.542267,221.463333,24.691193,55.117142,0.977759
275,414.534149,224.923508,22.727295,50.161575,0.961355
275,511.859131,237.182556,24.646057,54.999939,0.960641
275,511.563751,231.292664,23.407990,49.122406,0.956287
275,374.382324,221.592377,30.711823,70.460693,0.953720
275,361.720337,218.406570,27.545319,59.868301,0.949693
275,351.034149,216.959457,30.110168,65.073990,0.938936
275,352.325958,224.685745,23.142731,49.167526,0.938936
275,354.401306,230.121735,17.864746,38.715240,0.938936
275,19.957802,185.921967,16.712448,36.380844,0.926677
275,17.649473,181.939926,20.176638,44.171738,0.926677
275,378.046387,226.473846,23.079163,47.367188,0.913274
275,31.936205,191.720917,16.036661,34.839340,0.911359
275,519.146851,224.233154,29.043274,63.204681,0.899967
275,18.692381,182.913376,16.221357,34.889435,0.898666
275,29.397821,183.869949,19.806570,43.402100,0.881533
275,409.671051,221.847931,26.368042,58.118927,0.849674
275,50.018551,185.796707,14.787174,31.998596,0.776097
275,49.004910,191.398483,16.620876,35.224945,0.776097
275,363.635834,224.297195,22.304810,48.066422,0.769687
275,551.866882,180.856995,82.987549,172.420013,0.763632
275,332.227783,229.453598,19.443481,41.034042,0.743778
275,330.716309,225.208847,23.275391,50.472061,0.743778
275,335.289856,232.976929,14.975281,32.902679,0.743778
275,47.807964,184.205750,19.982105,42.870132,0.739270
275,375.624023,218.189529,27.574127,59.265732,0.650725
275,335.864380,220.684036,28.186371,61.783127,0.584444
275,504.350372,231.930130,25.408600,54.050613,0.538917
275,413.075043,214.549591,22.441040,51.319641,0.527474
275,352.863678,237.654968,19.792877,45.343781,0.515706
275,357.574280,209.155945,35.070618,76.655884,0.484331
275,334.744171,234.699265,18.842102,39.897659,0.481327
275,336.378357,240.165771,14.970398,32.788818,0.481327
275,570.203308,213.977081,52.549561,117.798065,0.436356
275,510.826538,217.350937,38.975403,84.225052,0.366347
275,393.900970,219.775589,30.646729,63.113235,0.354529
300,549.669067,196.193039,69.706421,149.198868,0.997516
300,520.213806,214.643402,30.361389,64.529816,0.995843
300,523.604736,227.211884,25.062439,53.746948,0.995843
300,401.518188,201.418930,36.926208,80.750992,0.994627
300,394.299652,192.022980,39.836731,87.336395,0.994627
300,406.032715,209.917023,30.117493,66.748718,0.993056
300,342.650909,209.093445,32.573639,71.631409,0.979267
300,352.052338,212.114410,30.668976,67.102173,0.979267
300,327.097717,204.934372,31.568726,68.265701,0.979244
300,397.503235,205.832733,31.256287,69.090424,0.958146
300,518.849365,220.808838,25.121155,55.435791,0.944001
300,354.634613,202.707275,32.203766,70.365601,0.942857
300,330.790192,214.737473,24.112640,51.920242,0.935716
300,351.338898,214.572052,25.555817,55.491364,0.912265
300,353.416199,220.809341,20.958252,44.799271,0.912265
300,334.080597,217.504486,26.023010,55.840515,0.908905
300,530.897888,230.917450,26.399963,56.987305,0.875535
300,393.165192,214.037720,32.482208,70.805725,0.773514
300,513.021729,226.149918,29.867432,66.909897,0.731665
300,316.696320,215.442261,26.012726,55.243225,0.634524
300,554.632446,210.548737,52.010864,115.779633,0.612583
300,317.727722,218.371017,21.256256,46.713120,0.610736
300,319.891357,224.191010,17.459412,37.695679,0.610736
300,320.485474,230.647598,19.033783,43.339676,0.610736
300,400.647461,212.446457,31.545959,71.397232,0.567245
300,355.939453,216.317719,24.744995,54.257019,0.467650
300,307.098083,224.677307,17.107880,37.424713,0.467327
300,402.185638,217.378922,25.842346,53.587509,0.411796
300,525.648804,215.200165,20.533875,47.083923,0.378183
300,302.840027,209.885773,25.015869,53.498901,0.377600
300,304.518860,214.871307,20.143585,42.615356,0.377600
300,306.309021,218.384781,16.369110,34.765610,0.377600
300,320.677124,219.318771,15.603851,34.355103,0.364706
300,327.729950,218.154831,31.054626,68.207077,0.322873
300,567.662476,223.530090,46.199951,104.174164,0.317892
300,324.996399,194.066269,41.267914,85.358383,0.308052
325,532.556091,199.594009,70.030334,151.454422,0.997398
325,394.680908,216.497833,32.741119,71.519409,0.994993
325,401.423920,214.606750,31.043732,66.416779,0.994788
325,508.828857,228.708115,28.404053,60.581589,0.988139
325,515.901123,223.027985,29.742798,63.773163,0.988139
325,399.746857,204.870499,37.619781,82.212662,0.984174
325,394.241486,202.881256,32.810638,69.964935,0.957797
325,326.330353,210.467834,29.731995,65.590454,0.954282
325,508.421417,222.085602,33.907928,74.544647,0.938652
325,527.000488,172.316467,87.536499,189.988556,0.914498
325,315.656311,207.620911,32.313629,69.174438,0.890209
325,389.697876,202.398102,39.386658,86.600891,0.886650
325,379.290527,211.811279,21.742157,46.311829,0.860857
325,382.198669,216.333008,17.619293,36.945145,0.860857
325,292.798462,205.661270,34.026001,72.370834,0.836727
325,297.552124,216.328094,25.173065,53.785034,0.831137
325,523.509888,199.167892,65.185059,136.683395,0.820186
325,319.969116,205.261353,35.653107,78.460693,0.773301
325,284.892517,212.034805,27.348358,59.532852,0.753581
325,402.318420,224.455322,22.207306,47.481689,0.749205
325,269.936981,203.518204,25.988831,56.483749,0.734055
325,271.606445,209.373520,21.096893,44.765381,0.734055
325,273.629242,214.099152,16.994904,36.227997,0.734055
325,385.443359,204.063095,32.903229,71.029831,0.677524
325,542.270935,205.454269,57.189148,125.639481,0.675995
325,381.305817,204.045486,18.996185,40.772552,0.618498
325,379.671783,203.730606,26.057800,56.228714,0.557897
325,406.259735,229.627487,24.811371,57.033890,0.539349
325,504.735504,232.387543,26.386078,55.791870,0.507460
325,370.337463,212.201202,18.432373,39.664520,0.495552
325,369.453979,207.264145,22.626221,49.869644,0.495552
325,371.080627,216.001190,14.189453,30.824982,0.495552
325,517.574402,179.500900,77.581909,175.430161,0.455361
325,382.542450,221.480133,18.353912,39.841522,0.416020
325,380.143341,196.621399,32.959106,74.032898,0.377803
325,368.377838,202.746887,19.612030,42.699081,0.374979
325,369.912720,205.210724,15.602661,33.978302,0.374979
325,271.925751,217.649689,20.044189,43.219788,0.371493
325,274.234070,226.066696,15.969635,33.628036,0.371493
325,152.686356,181.383728,28.262222,60.705994,0.338620
325,519.181091,228.326645,22.730835,49.958878,0.317880
350,523.320984,200.018997,74.571106,161.770584,0.996593
350,398.295593,216.405884,32.091522,69.845123,0.993695
350,394.772186,208.090881,38.602783,85.865204,0.993695
350,247.636780,207.111465,32.798218,71.562943,0.980626
350,280.264709,209.195526,29.896820,62.591278,0.976082
350,488.500153,222.655762,30.374237,65.785339,0.974707
350,236.687454,211.863754,33.683456,72.272476,0.971738
350,482.935944,220.354523,30.673553,66.678955,0.964913
350,395.508087,212.835770,30.042358,63.294418,0.961919
350,402.767029,208.995773,36.079926,80.266891,0.961919
350,290.270630,211.542252,31.809845,69.302261,0.958987
350,275.789276,202.938522,36.717224,79.848343,0.935903
350,249.242294,213.906479,25.640945,54.899246,0.914445
350,403.328827,219.676620,29.930725,61.643936,0.882394
350,495.759033,222.219528,31.446472,68.323715,0.862427
350,102.388344,172.597824,34.126472,74.923386,0.845248
350,296.696777,214.660126,25.507385,56.833191,0.822571
350,492.057312,232.562851,23.875549,50.704330,0.817413
350,98.078934,183.810303,28.059593,62.924088,0.789954
350,282.113983,218.626907,26.354065,58.949173,0.784651
350,264.283173,206.685974,34.163025,73.481659,0.774072
350,482.498535,217.518997,38.048950,79.810593,0.756422
350,399.621643,224.761734,27.220642,56.785233,0.638640
350,399.872589,233.721527,24.505829,57.230682,0.638640
350,240.675995,198.709824,32.422455,70.255112,0.582192
350,107.353539,182.488739,25.159081,54.384995,0.513804
350,104.540161,169.166534,29.643616,65.420807,0.513804
350,93.770531,179.908722,35.840096,73.406998,0.481123
350,270.147461,210.480652,26.246185,55.792328,0.433414
350,114.613426,174.281631,31.326363,66.857208,0.428122
350,237.328522,192.350906,44.606415,96.301346,0.424694
350,147.738174,227.826141,14.989685,32.326599,0.407915
350,242.806717,210.634552,24.108078,50.619415,0.375934
375,536.240479,206.416962,90.679688,201.869568,0.997671
375,417.389252,231.795746,33.582733,71.817993,0.996353
375,412.255524,225.240112,32.904175,72.292114,0.996353
375,208.936218,211.077271,43.607803,92.472778,0.989217
375,214.732376,217.066696,33.356171,75.865311,0.989217
375,246.150375,215.468262,39.005600,84.101959,0.986391
375,205.392792,211.155502,38.525269,81.258987,0.986282
375,274.522339,225.908813,35.077179,77.018188,0.980005
375,259.535553,219.244308,36.646484,79.999832,0.979229
375,487.556793,240.652267,33.890839,73.072556,0.977997
375,477.440002,240.457138,33.080505,72.063431,0.977997
375,488.781036,242.494385,27.969635,59.781616,0.961865
375,209.854996,223.061234,34.790375,76.382675,0.906398
375,250.640839,228.762878,29.802399,69.183289,0.889825
375,498.971863,247.879822,28.337036,60.870544,0.816968
375,277.971832,229.622116,28.223541,61.326553,0.760494
375,420.738159,237.021729,27.865997,59.360168,0.715933
375,487.527283,250.129379,26.724060,59.272446,0.661046
375,80.111961,178.229309,41.674866,91.486115,0.653461
375,491.350861,251.228363,22.514191,47.903717,0.630000
375,474.022614,250.447144,30.211090,65.823303,0.608835
375,119.287804,243.173477,14.698387,32.407791,0.596712
375,117.808846,246.440826,13.226845,28.861053,0.596712
375,118.218300,233.391312,15.370857,34.596176,0.596712
375,230.410843,214.481445,42.368881,90.567688,0.568863
375,481.662018,246.446442,26.199890,56.843964,0.555853
375,422.815582,227.842453,30.931305,67.395279,0.499236
375,217.921326,228.302139,24.006897,52.260666,0.490014
375,510.261383,258.864990,18.466705,39.831085,0.456297
375,421.459229,241.933594,33.390656,73.157440,0.417353
375,507.246460,249.273071,21.943848,48.410522,0.416642
400,573.243652,170.763763,105.928833,224.479126,0.997546
400,441.348297,202.745499,35.889465,78.922226,0.995229
400,62.216511,137.593628,43.582355,91.325119,0.992941
400,56.802891,145.468872,40.237568,89.206711,0.992941
400,67.340736,149.201782,34.756538,78.486618,0.992941
400,262.464203,204.461166,33.213379,71.917496,0.989518
400,190.779480,187.262909,42.101440,89.682434,0.985836
400,196.912140,194.870102,32.283142,73.306259,0.985836
400,222.104416,177.311111,47.961288,105.979630,0.983159
400,447.596069,209.859421,38.138184,84.873825,0.982668
400,230.454971,194.326767,35.123245,78.777512,0.980405
400,186.221725,182.712357,39.704559,82.675705,0.964302
400,252.905762,209.289627,30.164124,67.902451,0.953838
400,240.730469,193.327515,41.152161,88.396667,0.910085
400,487.758820,216.192902,33.839691,72.872009,0.906345
400,497.647919,216.109634,32.362152,70.321335,0.906345
400,267.485596,199.049759,32.389160,69.503098,0.887495
400,190.065643,199.156265,30.952255,69.707565,0.776666
400,262.266022,196.724915,40.123291,89.237640,0.699773
400,216.944824,178.048126,43.654846,96.780457,0.676227
400,219.511276,191.178909,35.225403,77.334183,0.604903
400,234.494720,211.623688,28.039215,55.255310,0.494665
400,491.743774,226.411728,27.122559,57.908127,0.484132
425,210.416550,178.190323,44.182312,96.044510,0.994065
425,174.665359,181.305908,41.135498,87.804047,0.993625
425,473.288788,200.369751,37.319550,81.117371,0.991659
425,249.248032,191.411194,36.980392,80.867737,0.986883
425,41.687908,121.407738,55.223476,120.609093,0.983108
425,472.664154,189.634186,45.244293,98.247894,0.977718
425,480.629211,195.377182,39.290405,82.015732,0.972233
425,202.734573,184.731430,39.899033,88.556961,0.955481
425,254.551117,188.244232,37.321777,80.584747,0.911819
425,219.104065,182.439590,44.013062,95.641586,0.897385
425,48.333344,137.131882,43.964310,94.836319,0.845195
425,215.304611,196.677551,31.601257,73.175659,0.778557
425,168.709717,188.297211,37.688065,78.930756,0.770436
425,467.161346,206.771561,37.106506,79.385300,0.637378
425,630.727600,153.633652,89.272400,246.056778,0.637078
425,474.825012,198.933868,30.213318,67.162384,0.630676
425,74.419754,211.423325,15.191986,32.596909,0.588486
425,74.319244,202.939438,16.826927,34.316391,0.588486
425,213.704956,182.216568,36.503036,79.712601,0.570852
425,37.392185,125.138008,45.848171,102.213356,0.534361
425,1.000000,90.079666,35.531307,112.385742,0.422644
425,637.684509,212.151505,82.315491,185.680923,0.393379
425,485.473755,213.270844,32.209473,72.562958,0.344356
425,4.671003,94.141090,40.303230,135.285767,0.330687
425,202.421219,161.206909,56.426620,124.019104,0.316162
425,180.212265,196.881317,31.445602,72.363922,0.262810
450,196.852234,190.609833,45.656006,99.783356,0.995557
450,155.412384,191.762207,45.825607,96.883636,0.994739
450,429.389221,206.819931,44.248993,96.002365,0.994476
450,427.120148,215.032959,37.308441,82.304474,0.994476
450,236.328415,200.171890,45.066177,97.791306,0.993976
450,438.351105,207.419510,43.835358,93.914169,0.992854
450,231.593353,199.654984,41.451324,91.342636,0.987002
450,242.953537,204.748871,36.281052,80.164581,0.987002
450,28.628674,127.780273,57.064816,125.363541,0.925658
450,184.150833,192.756256,44.013809,93.934509,0.901573
450,149.935974,196.014343,42.568176,94.296234,0.901201
450,437.865021,220.367096,36.348541,82.916473,0.851360
450,198.387115,183.891357,56.790634,120.707764,0.794834
450,54.399426,223.263458,16.437305,36.220703,0.782437
450,53.173351,227.539673,14.261311,30.664337,0.782437
450,51.950035,217.927338,14.980293,32.207611,0.782437
450,492.061768,206.886658,42.796753,93.858795,0.741607
450,246.511444,197.906525,40.016907,86.401978,0.646608
450,205.842529,201.849152,40.889969,88.771942,0.562268
450,200.725281,212.075577,31.323151,74.490799,0.510873
450,445.665436,221.833969,33.298218,78.925888,0.430920
450,502.746063,206.139130,34.030731,72.318573,0.377176
450,36.564030,165.337952,38.038647,81.143402,0.371306
450,240.828568,215.060623,34.764389,77.456223,0.316850
450,31.169239,150.561356,48.083477,103.257126,0.307580
450,500.863281,205.788116,40.905762,90.294952,0.286788
450,164.311783,211.055710,30.896042,74.067734,0.280146
450,162.175415,204.568619,39.349777,90.904221,0.280146
450,157.066589,194.822159,34.348007,81.466965,0.278752
450,213.025101,175.600159,61.802780,129.003418,0.247706
450,237.619675,216.177963,30.890396,73.099503,0.234627
450,199.192001,195.195786,37.453888,82.074844,0.220599
450,173.505142,174.894821,58.671890,124.645035,0.205162
450,534.333740,228.304611,27.992065,59.202103,0.195083
450,57.631618,227.949188,15.590015,33.255341,0.174877
450,62.015282,230.914032,12.706657,27.582825,0.174877
450,59.429203,221.489227,14.687481,30.818970,0.174877
450,157.327484,212.050980,29.919876,72.765854,0.170630
450,428.758118,218.928864,32.837585,64.733368,0.168876
475,359.236633,192.292786,46.984955,102.970703,0.997268
475,117.320839,186.480484,48.533012,105.725937,0.996584
475,158.013870,175.451294,56.009491,121.640533,0.995966
475,349.883728,189.268845,49.884430,110.131363,0.995479
475,217.257721,192.159103,50.187561,107.375076,0.992253
475,506.109467,186.974686,50.821075,108.177109,0.983788
475,170.575439,183.834061,46.215744,102.478775,0.982198
475,151.901627,183.920685,47.236160,102.304108,0.977833
475,497.353058,214.115845,30.452484,64.096588,0.973593
475,493.096832,222.125046,32.404449,69.347000,0.973593
475,211.189926,203.394028,42.384644,94.615341,0.969556
475,225.855179,198.643646,38.263229,87.492523,0.965527
475,498.669342,227.619019,23.170502,48.128571,0.960601
475,113.101921,194.110016,42.946846,96.774078,0.959967
475,504.460846,200.881027,39.766510,83.240921,0.950313
475,505.728729,218.255798,27.268829,60.866272,0.938402
475,185.680756,178.630280,56.351669,120.255859,0.917790
475,194.245331,186.060837,45.024261,97.664322,0.882110
475,354.867340,208.639420,40.029144,89.324539,0.880598
475,212.375992,186.757584,47.584641,103.645737,0.863000
475,111.957535,194.502670,34.574173,79.970016,0.833189
475,160.965683,196.841278,41.629974,95.311798,0.786275
475,522.695007,202.168243,44.526428,97.777283,0.743659
475,126.763245,183.068771,43.667389,92.298599,0.661230
475,514.421692,207.833893,36.605713,80.040588,0.660867
475,9.419605,149.283401,48.993076,107.784744,0.544793
475,195.542084,200.729401,35.541946,77.032684,0.534615
475,496.534119,206.053909,36.335571,80.428574,0.510945
475,502.162903,221.963760,27.492981,62.127029,0.467873
475,198.060471,203.697876,40.632919,89.055023,0.466881
475,498.154419,220.989960,20.732361,45.178925,0.462414
500,252.180603,190.282394,57.716766,124.608139,0.996305
500,90.448021,193.013992,56.235588,121.551193,0.993133
500,53.287090,190.271866,55.007084,120.702621,0.992719
500,81.168861,187.444946,55.957481,121.700623,0.991590
500,508.416473,198.267776,63.812836,139.038834,0.980314
500,485.742920,226.212402,32.024963,69.349152,0.974013
500,476.978821,218.544876,40.817200,89.284836,0.974013
500,111.448647,193.688354,54.330788,116.956573,0.963576
500,478.513885,223.115723,32.205963,67.326141,0.916393
500,509.021820,204.187042,51.634735,108.883270,0.874145
500,474.739197,229.984100,32.127411,70.134338,0.849190
500,171.251465,195.772903,51.564926,112.964005,0.726003
500,482.021423,234.673065,26.748566,54.869659,0.700324
500,519.286621,206.212585,52.165222,115.320435,0.700320
500,98.386208,198.640182,40.313362,93.830032,0.620294
500,124.283417,205.105377,46.949677,103.404572,0.601256
500,61.107708,200.917130,42.106785,92.745926,0.560532
500,260.907867,234.434814,38.379547,81.616028,0.537350
500,261.079132,212.172256,47.242523,108.578018,0.468111
500,53.203716,196.753860,41.750492,100.530777,0.437581
500,86.964836,199.240417,39.790474,93.024689,0.398251
500,134.865097,182.389740,63.707138,134.217773,0.357364
500,248.513672,174.397186,70.286316,148.959625,0.351077
500,157.146530,184.204514,62.522614,134.377945,0.310556
500,573.286743,243.710831,17.287109,37.450455,0.308006
500,570.836731,239.051422,21.197021,44.881531,0.308006
500,571.290466,248.670364,19.843628,43.435226,0.308006
500,487.586273,234.457657,26.494049,54.977005,0.279858
500,491.374146,239.905579,21.427612,47.019165,0.279858
525,9.430242,171.844818,67.830811,148.807159,0.994949
525,89.775612,168.503860,72.514748,158.158707,0.994634
525,19.145321,164.250580,70.916260,150.598267,0.992205
525,508.424622,200.603561,60.012146,131.140640,0.990780
525,445.563904,216.275711,33.435883,72.267136,0.980999
525,448.789703,214.297256,37.453613,80.734940,0.980999
525,499.743469,188.329819,74.920105,164.274368,0.979261
525,8.288701,174.312225,46.994747,141.465759,0.968462
525,1.000000,164.470490,65.530815,148.586884,0.926781
525,98.734879,167.476196,78.570709,167.624847,0.925247
525,26.305225,190.111328,52.722805,118.989410,0.896907
525,442.536163,212.955948,32.563110,66.204880,0.881127
525,456.443481,211.333313,31.422729,67.734100,0.881127
525,64.385765,175.051086,67.378105,138.802124,0.880596
525,79.894440,209.750671,17.972267,39.365738,0.705703
525,76.480499,202.413696,23.169228,54.172058,0.705703
525,107.203636,189.195053,53.674492,122.480453,0.672211
525,510.482971,182.691086,72.180725,154.457321,0.665271
525,496.391235,196.704849,62.106445,138.106827,0.545454
525,77.940628,199.100403,20.801842,45.545883,0.474419
525,80.652290,203.436752,16.758667,36.881195,0.474419
525,79.580330,220.490173,18.741829,41.027191,0.381293
525,13.811475,184.179367,48.273998,111.150772,0.346160
525,451.713409,222.629211,30.984558,66.726746,0.271569
525,42.408947,199.854385,46.599659,102.239273,0.262200
525,448.789978,231.472855,23.413300,53.007187,0.261023
525,9.134579,143.765427,50.549732,202.824203,0.245454
525,437.494354,217.451385,33.933502,70.875793,0.224016
525,76.342567,190.616821,33.162079,72.590912,0.201798
525,91.801392,190.670868,31.455551,69.345581,0.201798
550,474.018250,172.692642,82.572876,177.440048,0.997674
550,462.071564,169.131378,79.576202,176.462616,0.987320
550,396.919525,202.497391,41.381470,89.315964,0.981597
550,397.752655,212.469833,32.286255,71.420883,0.981597
550,406.900269,209.727936,33.794403,76.576233,0.981597
550,452.334320,198.508438,48.442535,103.947250,0.775502
550,442.852539,214.083008,35.314636,76.179565,0.727133
550,417.205566,210.210144,35.724945,75.782623,0.720958
550,455.256531,217.864456,34.569214,73.951401,0.638188
550,482.922668,180.087479,60.600464,140.836288,0.416944
550,412.721008,199.678513,45.158783,96.859482,0.393975
550,87.429756,140.728607,55.886665,118.324066,0.319899
550,469.288910,177.748749,60.918243,134.510559,0.274857
550,487.747833,209.662277,56.564728,127.873215,0.192732
550,88.168159,152.312271,43.733818,98.277130,0.175773
550,405.314209,225.410904,35.175629,76.491348,0.145754
550,490.793182,167.702774,84.419403,181.442459,0.105512
550,468.570221,202.289276,49.022003,110.865875,0.101050
550,400.648804,231.661209,28.973724,65.461716,0.094342
550,401.277283,231.844879,25.112732,49.802795,0.094342
550,412.366943,190.088455,54.872070,118.629868,0.089722
550,401.350494,223.224258,22.815460,51.499252,0.081677
550,459.488312,230.886642,27.999329,56.175919,0.078607
550,462.699066,235.399689,21.556396,48.911652,0.078607
550,95.959114,150.222702,44.201454,101.304688,0.071056
550,466.720642,218.007050,38.710938,82.212311,0.068785
550,419.933655,196.458817,38.640442,85.528427,0.059843
550,85.520889,145.122299,39.930199,92.633820,0.058137
550,32.161526,169.828201,16.320629,34.309784,0.054890
550,32.939129,182.177246,15.324749,32.612701,0.054890
550,150.180313,170.870331,37.831024,83.498123,0.054590
550,138.970749,169.702606,38.428772,85.313004,0.054590
550,409.950928,229.263992,27.055573,53.051773,0.053322
550,484.968140,200.672226,48.023132,110.478653,0.048855
550,406.292480,197.669449,30.825043,74.757767,0.035564
550,425.089935,219.461945,33.135437,74.691376,0.034893
575,392.259277,200.640228,47.848694,102.598785,0.995723
575,499.713379,144.092377,112.207397,240.407104,0.991228
575,455.367340,197.922318,50.298798,110.227585,0.986818
575,398.454315,211.452057,39.303711,84.970642,0.971945
575,17.821154,159.912262,46.497910,100.302338,0.924580
575,415.965790,202.616913,46.412842,98.017242,0.898639
575,22.801365,162.733871,38.216305,84.295898,0.832072
575,454.603088,211.846207,41.655151,93.021042,0.831179
575,432.434998,202.981064,48.594971,103.507950,0.799727
575,464.829834,197.968689,51.800232,108.308105,0.575605
575,392.311432,217.020462,39.900238,85.521957,0.565747
575,387.098938,206.145050,39.783752,85.575653,0.518452
575,517.121704,157.183121,75.583069,152.776505,0.464781
575,29.472157,157.606461,41.353924,93.626984,0.405446
575,13.315250,163.719284,41.052738,91.829193,0.361555
575,432.752258,191.367493,58.485046,128.050110,0.206000
575,408.254822,191.384918,58.535614,125.995789,0.189426
575,11.876625,41.703743,69.136742,225.318451,0.172635
575,470.005280,207.829193,40.105865,90.920258,0.169145
575,331.646973,214.859589,27.881500,59.506195,0.101916
575,122.780342,153.316040,25.124031,52.590668,0.092435
575,125.247421,155.028107,19.744324,44.702560,0.092435
575,334.086212,216.301788,21.187256,45.289062,0.080729
575,542.557251,176.640137,51.839722,123.055054,0.066912
575,464.578217,217.201202,38.307159,82.649200,0.055289
575,383.101685,203.000290,35.486053,77.804642,0.045525
575,23.850025,175.583542,38.086910,86.041702,0.042824
600,443.592438,181.875748,61.491486,131.676407,0.996125
600,458.046234,195.453278,48.641449,110.357391,0.993961
600,528.000793,187.600006,58.080750,127.128204,0.992966
600,513.618774,190.496582,56.985596,122.989563,0.988801
600,35.157024,226.098312,24.461094,54.392776,0.987276
600,38.808117,224.859146,31.321926,67.140274,0.969007
600,487.571259,185.076614,63.462372,136.493820,0.963073
600,29.635170,226.859360,29.666908,65.101791,0.954118
600,40.040268,229.445496,22.882538,46.354553,0.941315
600,36.626884,220.859604,25.709225,53.040268,0.941315
600,501.919830,184.668701,63.985626,137.612671,0.910557
600,474.729156,184.277649,57.488190,123.663269,0.897577
600,104.629517,146.469879,52.293106,113.265472,0.880716
600,164.530548,118.893669,66.078461,144.783661,0.698139
600,466.569550,200.050079,38.598511,91.851440,0.680766
600,530.587219,207.609024,45.456848,103.356461,0.620547
600,541.717346,199.088608,43.343872,100.360306,0.558781
600,158.452957,139.039597,55.982849,117.535568,0.515585
600,34.670441,213.379425,32.425537,70.626007,0.496433
600,92.630585,114.514099,70.093643,151.602936,0.330034
600,114.715775,156.955673,41.415161,94.065918,0.324065
600,103.030525,153.185089,41.860130,97.127090,0.324065
600,498.879852,196.312607,47.939972,109.500381,0.258231
600,162.018372,153.997238,44.214676,100.920517,0.256721
600,146.789108,109.228165,71.885071,159.911667,0.234157
600,456.261597,198.898834,40.042053,95.530212,0.232413
600,463.730164,158.742340,77.240906,168.524933,0.183581
600,36.902977,223.181244,18.798851,40.426727,0.166061
625,516.062439,166.965637,79.479004,172.762970,0.996460
625,584.920959,166.635178,81.958252,173.683090,0.992230
625,602.689148,170.998703,82.695007,181.041672,0.991841
625,538.521423,170.009354,78.769958,165.538528,0.986038
625,564.924194,166.460251,83.971924,178.287186,0.985037
625,475.987122,207.742325,28.078705,60.573074,0.960473
625,479.281311,220.197052,20.825470,45.021057,0.942261
625,108.528976,147.630142,53.897919,116.912308,0.918316
625,56.489204,150.599365,51.673073,112.350342,0.853768
625,470.861481,212.452271,29.722015,65.403870,0.853103
625,484.247437,217.459366,27.050842,59.912704,0.853103
625,161.794266,152.827682,48.193665,102.391357,0.834507
625,170.645447,141.582352,53.583359,110.924026,0.742782
625,523.927734,183.267807,58.927795,139.242142,0.711648
625,53.086288,131.745392,62.366974,136.178040,0.680530
625,528.743530,149.010757,94.093323,201.619247,0.649016
625,476.925690,220.998856,25.477570,55.345810,0.400436
625,479.312103,228.903748,20.451569,45.642975,0.400436
625,56.274982,160.140915,40.667286,92.254501,0.362463
625,531.290710,195.328079,63.686646,134.521347,0.345609
625,104.247902,139.157623,51.035866,112.522232,0.334393
625,468.829498,206.175949,28.347504,58.942062,0.308973
625,468.660645,217.931946,24.233612,53.513916,0.308973
625,177.153061,130.444397,61.051285,129.704529,0.302387
625,601.156799,189.061768,72.216492,149.939087,0.284530
625,151.199402,148.058289,56.136734,117.583771,0.277699
625,472.334869,199.986237,38.329102,82.798737,0.261405
625,154.120575,124.205658,65.220703,139.356232,0.257740
625,550.232605,185.893036,64.513611,137.338348,0.214705
625,619.749695,196.567047,56.639038,131.051758,0.176746
625,488.669922,204.977463,22.993134,50.289246,0.174444
625,167.251373,169.140976,36.471008,79.732651,0.173021
625,76.580811,148.910538,47.188774,103.320084,0.144097
625,117.855064,151.872894,33.824974,80.331482,0.140973
625,619.307068,169.567749,71.597412,152.805847,0.130575
625,119.016663,167.208023,36.293594,83.995071,0.127607
625,106.531822,156.889343,36.994240,83.412964,0.119860
650,623.839600,119.910789,86.396301,260.931610,0.998249
650,484.003662,222.748718,23.138123,50.201080,0.980043
650,483.500122,227.721985,18.054779,38.875488,0.980043
650,490.739166,219.449539,23.130219,50.628342,0.979943
650,45.012829,136.218597,53.397717,116.203033,0.973532
650,1.000000,211.971848,40.956059,91.685226,0.952385
650,5.284073,217.682205,32.805794,71.938797,0.952385
650,1.000000,214.882507,28.819103,79.233215,0.952385
650,34.760464,132.795181,57.640461,125.492599,0.945719
650,479.724487,217.803955,25.113800,54.057190,0.929277
650,493.731689,219.034744,19.463928,41.065994,0.882729
650,95.770164,114.106712,64.587929,138.594818,0.818186
650,492.666321,229.692017,18.442444,40.766083,0.726187
650,592.703918,140.240677,110.955200,241.016037,0.724627
650,104.355034,95.013557,74.304680,165.046021,0.675501
650,116.345657,83.619011,77.383133,166.753601,0.660272
650,620.422424,127.761803,88.969788,189.015381,0.613273
650,154.815994,116.234001,63.793350,143.818817,0.510986
650,509.113190,222.468948,17.835907,38.522964,0.506900
650,511.397125,226.616257,14.549286,31.989151,0.506900
650,105.541550,151.414322,49.423508,104.253113,0.435614
650,2.460463,179.221649,40.741432,127.432373,0.312591
650,139.592331,106.195312,72.788361,157.937103,0.300523
650,511.712677,219.783966,15.111847,33.357758,0.287961
650,49.633091,154.526413,43.502819,94.124664,0.274906
650,158.203354,146.954437,50.487305,109.334564,0.269651
650,613.668884,154.727844,85.374573,180.158112,0.183178
650,625.958496,206.136688,74.972107,161.061523,0.178124
650,43.468819,159.254257,39.786652,91.087128,0.150631
650,114.365761,172.958588,38.789528,85.734955,0.134390
650,102.858856,169.118668,41.319717,91.371658,0.134390
650,128.088211,66.900246,92.401077,204.153687,0.128096
650,477.517059,206.515015,30.984802,69.206970,0.107116
650,507.414673,229.303207,16.971191,39.368729,0.102906
650,505.244141,225.606628,21.453369,45.858765,0.102906
675,445.949402,225.840729,24.514404,53.723907,0.986628
675,447.476593,229.463867,19.443787,42.875183,0.986628
675,457.415894,227.409454,20.960999,45.405090,0.956541
675,461.007507,229.951035,17.599579,37.368301,0.956541
675,454.786774,222.865814,25.283569,55.239227,0.956541
675,36.133923,117.126968,63.042973,138.813690,0.695268
675,438.408569,224.002869,23.417999,51.809967,0.435154
675,27.682926,84.461845,80.478729,175.892487,0.417139
675,93.341354,54.651730,91.969681,198.982422,0.402063
675,16.270313,41.122330,102.371124,221.362350,0.363397
675,458.343079,238.281281,19.242249,43.301392,0.334055
675,74.752243,44.155983,105.094101,225.650696,0.287340
675,31.642624,30.855843,125.358109,241.136932,0.267481
675,100.358910,153.664261,49.118340,109.199966,0.214613
675,111.525879,65.631462,74.939896,166.883026,0.199359
675,44.484058,137.346130,52.221989,115.320251,0.188018
675,124.364365,64.084801,77.329895,163.170227,0.137053
675,350.045319,232.660934,23.238556,50.545395,0.134444
675,351.679474,235.018417,18.965668,40.762405,0.134444
675,46.183277,116.974030,49.457325,114.607956,0.112447
675,11.994202,36.943340,69.027863,235.284225,0.092628
675,105.113281,128.767868,53.481583,121.802689,0.062326
675,105.385406,58.334660,96.058228,206.963074,0.056542
675,351.382660,226.426102,19.640900,43.550827,0.051971
675,15.044956,69.452103,82.567535,200.483841,0.051905
675,455.926086,212.410782,27.242615,60.749680,0.044294
675,78.525139,81.471489,84.299278,184.396271,0.036121
700,348.220001,218.092804,22.958069,50.574402,0.500454
700,346.517059,219.930328,27.347717,60.026550,0.500454
700,240.457550,222.554443,23.008850,48.563202,0.408046
700,241.268234,227.367645,18.243118,38.470459,0.408046
700,346.989990,207.758957,23.174469,51.662277,0.392471
700,340.362640,217.709839,24.446442,53.000122,0.356903
700,336.848785,206.306183,31.690155,68.604279,0.356903
700,240.856445,220.189194,18.035675,39.483505,0.331617
700,356.899841,217.550415,24.341003,52.477478,0.281503
700,354.453186,210.472473,29.466766,62.548096,0.134397
700,335.117828,217.364639,31.098389,68.509048,0.132417
700,240.925964,234.022568,19.400940,43.352219,0.128071
700,345.827698,206.822800,29.104584,64.136459,0.098322
700,339.725342,204.596985,41.003967,86.634216,0.066913
700,344.147125,222.840866,31.697815,71.921097,0.063441
700,342.952484,218.516922,18.282623,38.241867,0.055799
700,351.800781,231.547516,18.322540,42.075806,0.053233
700,248.605759,210.767715,28.214127,61.456070,0.051683
700,336.243561,208.760330,25.568390,54.566330,0.047478
700,357.106049,201.149261,27.927490,64.751678,0.040603
700,234.625397,215.416168,30.879425,66.120789,0.035493
725,216.619904,230.322403,20.797394,45.007248,0.950646
725,220.959396,233.168198,17.144470,35.856644,0.950646
725,217.533051,226.444061,26.306519,54.970734,0.748928
725,209.029205,229.845886,24.268372,50.882660,0.748928
725,206.217300,224.487961,29.457809,61.866653,0.748928
725,217.445206,236.700119,21.774338,49.064346,0.662089
725,19.296179,184.886093,15.128973,33.146774,0.482239
725,19.200584,189.137207,17.366055,37.675217,0.482239
725,19.900517,192.770020,14.018822,31.502151,0.482239
725,105.797119,226.777283,25.847916,55.022186,0.327307
725,103.279129,224.689346,32.311417,68.202652,0.327307
725,97.892769,223.945724,25.458290,54.880325,0.327307
725,96.692719,230.746857,28.600716,59.694458,0.327307
725,107.658264,232.613327,19.918556,41.487930,0.282427
725,212.008896,228.600021,19.312302,41.078415,0.055566
725,212.576889,231.534912,15.940872,34.275543,0.055566
725,100.708565,213.937500,31.022438,67.657471,0.048012
750,116.406143,203.579361,28.109344,61.590652,0.995050
750,113.966881,200.355026,34.521355,73.190536,0.995050
750,109.378685,209.937332,28.915855,61.808762,0.988860
750,119.382439,214.418671,26.294212,59.048340,0.980495
750,120.119217,212.214401,22.937531,46.971725,0.922483
750,113.873100,210.412018,23.313896,49.509918,0.622148
750,115.685905,212.395859,34.448387,76.988754,0.247559
750,113.128601,201.513138,24.298828,50.950745,0.084381
750,113.712387,204.233368,18.738953,41.305923,0.084381
750,103.980583,208.990631,36.709526,81.122650,0.056670
750,127.781029,206.363373,24.825188,53.050873,0.052024
750,86.327484,199.681259,36.105904,76.156662,0.043903
775,71.514854,209.786774,34.005814,74.162109,0.851966
775,77.896614,199.207855,35.819008,79.014648,0.851966
775,70.547394,192.325821,46.546272,101.118088,0.706801
775,80.715019,215.081741,36.832497,83.326828,0.278741
775,73.442802,214.639450,36.319366,80.604874,0.203814
775,82.302223,206.168182,29.129166,65.878601,0.187543
775,85.485054,209.865250,24.284416,51.766983,0.057115
775,75.183083,201.881073,30.270760,64.853149,0.050448
775,80.324097,211.988846,20.884140,45.352066,0.036879
800,41.300411,209.177811,45.232311,97.390701,0.727829
800,37.825226,215.443176,38.654388,83.691132,0.489218
800,152.278824,198.986252,30.871353,66.210342,0.481242
800,157.596207,205.186737,20.143021,43.270782,0.424464
800,155.759888,207.963837,23.914566,54.172119,0.424464
800,48.994076,221.328659,35.614361,79.236130,0.303139
800,147.673798,199.940399,24.188705,55.238663,0.134878
800,154.924561,194.218933,26.155273,57.387131,0.120178
800,39.127113,224.435486,42.047729,92.339081,0.066306
800,160.145279,220.435699,16.939270,36.433014,0.053725
800,142.351761,199.750946,30.738693,68.083099,0.052282
800,146.686493,209.053497,24.405029,53.258453,0.052282
800,46.682621,223.053558,42.625431,94.381683,0.045612
800,34.907494,218.626770,13.019043,29.106888,0.033338
825,9.163085,194.237610,46.339443,99.682495,0.882994
825,40.567532,197.881241,17.972797,39.837250,0.801174
825,45.634499,192.786652,14.207798,30.832352,0.798550
825,43.947765,199.097305,15.817295,33.582352,0.755765
825,5.257485,190.418640,38.961960,125.717560,0.644434
825,18.241341,207.995453,34.663219,79.143616,0.527473
825,43.757881,210.894470,15.647850,33.666519,0.338535
825,15.294486,186.663925,55.741043,113.673569,0.267702
825,2.557280,204.792770,33.443623,90.527267,0.257726
825,23.887169,194.708252,41.567261,90.320343,0.232185
825,7.076239,168.810928,42.537949,139.904221,0.189773
825,3.261006,208.273560,42.983006,92.867096,0.164171
825,33.569920,200.626556,30.162949,66.357880,0.138784
825,37.280209,193.127670,27.447872,59.628616,0.138784
825,15.836020,218.397476,41.111061,91.895432,0.104525
825,41.228790,190.162750,23.691956,49.638275,0.083625
825,26.068459,185.057465,27.478050,59.854645,0.083625
825,8.255727,217.985443,33.950253,77.753754,0.062734
825,39.877319,204.751877,20.150280,41.227905,0.052138
825,21.332722,190.668808,36.665627,79.664261,0.033302
850,40.773552,177.409943,21.824276,47.355240,0.995993
850,31.852705,172.209335,25.721346,55.611694,0.995993
850,38.297825,183.009018,24.350456,51.016815,0.994826
850,28.589516,178.009720,26.196404,56.064362,0.990521
850,36.510429,174.917282,22.364822,48.947311,0.960158
850,36.217628,180.069336,18.096260,38.460297,0.960158
850,43.566711,174.354996,18.590439,40.341049,0.959453
850,1.000000,176.077713,45.513386,130.286423,0.949037
850,36.259106,179.338333,30.816456,67.627182,0.893975
850,7.856550,181.070557,48.337917,115.357300,0.761865
850,1.000000,189.844101,32.879673,106.264206,0.692136
850,38.961449,163.583237,27.483299,60.859192,0.599155
850,34.943081,186.064987,19.714005,43.612701,0.594807
850,28.661980,159.054184,41.364868,87.796280,0.497514
850,32.676460,176.659988,29.290440,61.102417,0.441443
850,14.799270,177.952637,52.608543,108.797394,0.409331
850,49.969471,175.406052,22.187016,48.018967,0.402330
850,1.844063,201.372314,40.010437,90.502197,0.225395
850,4.559904,223.343628,39.025753,85.950104,0.125381
850,29.015024,167.342163,25.862230,54.215897,0.092076
850,18.707865,178.007309,41.844566,89.453476,0.058328
850,11.401543,204.817368,38.259972,88.070786,0.044022
875,70.557297,182.509460,18.854469,40.723557,0.993454
875,66.231819,182.123230,22.864883,48.419312,0.993454
875,69.970413,185.342789,16.119438,34.796951,0.979155
875,74.129219,182.385986,18.422241,39.687744,0.969211
875,73.341370,175.273361,24.213875,51.933853,0.951190
875,66.523834,171.692245,25.271393,55.823563,0.945819
875,76.485649,190.032776,16.333015,35.464355,0.940375
875,1.000000,175.964264,52.704468,144.018585,0.927904
875,72.363907,182.579620,22.168907,50.723969,0.607830
875,73.773026,192.073395,17.242188,38.697403,0.607830
875,68.925575,175.893951,15.941101,36.142014,0.595454
875,74.194031,171.167313,20.671631,45.410019,0.513027
875,77.496078,174.180984,16.743607,36.560211,0.513027
875,71.800575,157.312408,28.308167,66.227905,0.479610
875,61.928532,158.558899,27.743923,64.332977,0.479610
875,137.693756,182.064728,17.889404,39.435165,0.479588
875,141.249588,184.101898,15.766129,32.985382,0.479588
875,135.962128,170.651535,24.153976,52.571518,0.479588
875,67.100800,191.736557,17.625175,40.482681,0.432779
875,133.190826,183.199112,19.471832,41.732773,0.401974
875,1.435224,208.207077,47.250561,103.829575,0.206433
875,138.296707,178.490387,24.245697,52.884933,0.174927
875,131.967682,171.443497,21.557968,48.656326,0.098729
875,140.787216,188.219589,16.795258,37.408295,0.090640
875,126.932289,174.415146,25.455711,55.632462,0.064816
875,582.390564,233.618439,42.714233,91.572479,0.056109
875,585.984497,242.922745,34.428528,76.647720,0.056109
875,597.262085,243.855103,33.856140,74.510132,0.048777
875,584.428894,250.826736,38.134216,84.713394,0.033812
900,94.459633,157.335541,21.526093,46.634720,0.994624
900,142.190781,150.105774,19.013855,41.628372,0.989708
900,144.855927,157.247269,15.559540,34.460739,0.989708
900,171.673279,150.362305,18.436844,38.172318,0.979654
900,171.087311,154.769745,18.994888,43.368546,0.979654
900,168.419861,143.161850,23.722260,51.471527,0.976430
900,96.301125,151.471558,18.282921,40.983765,0.942904
900,97.538437,165.679550,15.551888,35.221161,0.878356
900,143.200226,156.253433,19.579102,42.137314,0.748579
900,156.349609,144.988770,24.822021,52.213913,0.662688
900,124.886551,143.749664,25.610886,51.832047,0.261567
900,162.121811,152.986084,17.154770,37.608368,0.246862
900,163.135880,160.474365,14.336075,32.362732,0.246862
900,161.006668,141.966080,19.990692,45.457031,0.154741
900,428.996307,178.836273,27.726135,59.469025,0.128271
900,431.678436,182.995804,21.097046,45.196472,0.128271
900,432.273651,175.719040,18.578125,40.423447,0.127526
900,418.561340,182.480011,49.833893,108.751709,0.126882
900,93.441620,143.210083,25.196983,56.870850,0.116369
900,173.621445,162.872757,17.578903,36.640213,0.078803
900,140.165970,147.434631,24.684723,52.470932,0.070278
900,514.272949,128.543976,91.738647,196.937103,0.069732
900,528.123962,134.848251,75.704651,164.113663,0.063913
900,500.685822,139.494522,98.319611,211.340836,0.063785
900,548.653992,130.425934,79.447815,168.471832,0.063098
900,145.789368,164.828766,14.775558,31.316620,0.061292
900,110.657562,152.454910,16.994812,36.902130,0.059011
900,113.163773,155.620667,13.921036,29.310822,0.059011
900,110.076782,159.277237,16.135193,34.785049,0.059011
900,113.320107,163.309357,12.918228,29.417465,0.059011
900,127.862389,150.485809,20.115578,43.736450,0.052125
900,125.240654,138.182800,22.038399,49.558182,0.052125
900,104.359306,156.316162,24.205711,53.161316,0.050808
900,107.108574,165.275620,17.527222,39.082718,0.045719
900,528.372864,141.133591,95.623474,202.596024,0.042629
925,108.702728,165.073563,27.043747,58.938416,0.992349
925,112.060181,171.750290,19.281662,41.719330,0.980780
925,459.132385,194.750259,24.673218,52.466278,0.892574
925,461.715759,198.770309,19.823151,41.909607,0.892574
925,124.823189,166.443817,21.377464,46.359406,0.831735
925,127.059509,168.992508,17.454697,38.497787,0.831735
925,121.187073,161.142136,26.124512,57.087341,0.831735
925,124.587257,158.113327,20.775261,45.790329,0.831735
925,143.148026,158.302414,17.976089,38.733078,0.580568
925,144.823807,160.148621,14.776794,32.107285,0.580568
925,143.053116,165.148102,17.076477,37.193619,0.579057
925,139.502701,158.616699,23.115341,50.622757,0.579057
925,112.759903,180.103714,17.773956,39.387619,0.550488
925,121.767342,174.138199,20.090172,45.994751,0.402270
925,144.489014,173.659348,14.194199,32.297211,0.260087
925,456.419189,184.285095,30.203613,66.371017,0.183682
925,97.574196,172.632172,23.868729,50.749420,0.175201
925,459.871796,194.917633,30.013824,65.215912,0.157988
925,449.908661,187.975067,29.360992,62.280792,0.157988
925,109.435944,160.517090,23.929718,52.769989,0.124113
925,111.800003,162.752045,19.324951,42.268265,0.124113
925,105.478523,151.984024,38.002525,80.939651,0.121522
925,448.789215,180.699554,45.124634,95.557861,0.119018
925,453.796021,189.071182,44.098083,97.272171,0.103256
925,466.201538,189.032333,27.351685,61.121582,0.067530
925,466.199524,197.962921,28.653381,64.726898,0.067530
925,454.661316,199.167862,36.557678,80.228043,0.049166
925,158.892685,157.598633,13.820648,29.558060,0.044425
925,155.150055,153.219635,17.361618,39.109283,0.044425
925,448.706451,198.988312,30.355835,63.317902,0.036592
950,88.401443,157.740982,30.900818,66.181870,0.976788
950,98.809357,161.222198,23.810005,52.932236,0.976788
950,95.471283,169.620987,24.138893,55.056519,0.940005
950,94.409195,158.753632,30.352371,65.489700,0.937707
950,97.180412,167.427475,20.070030,43.638931,0.937707
950,252.723434,169.859879,20.105698,42.801147,0.862265
950,254.993607,178.025955,16.888412,35.793289,0.862265
950,100.947678,166.047272,27.045830,61.890320,0.726227
950,65.260674,163.493271,16.512352,36.212585,0.690600
950,75.769035,161.555206,19.624115,41.948212,0.684920
950,73.618736,156.163559,23.863777,52.392975,0.684920
950,75.280136,167.178268,21.391182,47.331375,0.684920
950,101.420013,176.823334,21.760818,49.652634,0.553442
950,64.039864,156.283478,19.974953,42.902847,0.549760
950,252.897797,178.188507,19.907654,45.340012,0.522441
950,53.125938,151.402969,19.127884,41.993149,0.506531
950,103.294960,167.691818,19.405884,41.577606,0.489630
950,73.997452,153.866882,30.945152,66.318268,0.425581
950,106.970421,176.988907,17.375954,36.876251,0.377449
950,87.601120,141.703568,40.915466,88.183762,0.366697
950,51.505581,148.937027,16.743343,36.736115,0.337493
950,51.830933,160.741531,15.748482,35.119034,0.337493
950,60.640350,155.388977,25.233261,54.064270,0.320491
950,96.121201,159.238876,20.005066,42.920105,0.254968
950,62.189503,143.074402,19.389492,44.768021,0.231708
950,49.030804,151.183319,27.870403,57.144623,0.228685
950,250.337616,163.333267,26.010406,54.539993,0.214871
950,441.958130,172.251755,21.447876,45.073044,0.198845
950,445.253082,173.300949,16.771179,37.620438,0.198845
950,438.957306,175.530701,25.080658,53.854034,0.193470
950,471.720490,191.698425,22.619598,48.987549,0.183293
950,475.903107,197.295044,17.765015,38.936249,0.183293
950,51.762165,144.211334,14.349033,32.603806,0.178435
950,471.339874,187.696320,27.562225,59.652603,0.150130
950,473.382263,185.331787,21.342773,45.434387,0.140086
950,477.128632,187.689377,16.456696,37.497070,0.140086
950,87.104584,141.460846,34.228516,75.514130,0.127744
950,79.178452,169.389893,18.041634,39.084518,0.085011
950,80.395477,174.534607,14.451523,32.810379,0.085011
950,78.149773,164.897446,27.763885,58.767609,0.083362
950,98.366455,183.711838,16.330063,37.480835,0.064331
950,245.178207,169.855743,20.699051,46.331467,0.062912
950,435.108368,175.790878,34.687683,74.704498,0.060966
950,65.903572,169.220047,17.003708,37.733902,0.060722
950,440.200165,170.435211,29.485382,63.059158,0.050028
950,428.906616,167.298218,29.120453,63.411285,0.050028
950,256.422089,188.621201,14.096924,32.904694,0.046007
950,48.829910,144.081253,24.395012,52.524475,0.044106
950,465.542938,190.107147,22.197296,47.443649,0.042796
950,467.085419,196.059540,16.843079,37.288269,0.042796
950,579.409607,128.717636,108.329956,229.550949,0.036829
950,466.121765,185.553970,17.093414,36.791016,0.035096
975,190.381500,146.023834,21.986313,47.132095,0.991763
975,77.892212,144.946609,25.310257,54.821823,0.985995
975,58.272934,125.730751,19.911095,42.656960,0.963452
975,62.249714,126.751450,15.805553,34.852295,0.963452
975,62.736069,133.470825,15.118660,32.482452,0.934925
975,56.478275,123.565048,25.147625,54.805435,0.934925
975,75.487556,136.481506,31.263756,67.681686,0.902060
975,81.740814,138.078720,30.496452,65.520325,0.902060
975,86.310463,131.588928,27.733040,61.844864,0.902060
975,86.624893,143.709610,24.212372,54.364731,0.902060
975,236.402618,151.698746,15.757019,33.227310,0.899220
975,233.296463,155.738800,19.229721,40.350021,0.899220
975,236.320816,160.016739,15.342575,34.286713,0.899220
975,78.613220,132.692459,26.692024,58.353409,0.800070
975,80.551620,155.339096,22.410515,51.139404,0.790914
975,193.012619,151.285278,21.035980,47.466797,0.765910
975,53.185947,125.498566,20.780239,46.123001,0.697703
975,474.260498,169.958496,25.225677,55.759583,0.651990
975,477.870728,177.259796,20.027710,43.846573,0.651990
975,62.106327,132.732376,20.753803,46.895615,0.620257
975,478.081970,170.180496,18.983276,41.870422,0.490023
975,55.635258,134.887177,15.221668,32.695953,0.430212
975,54.916061,123.704033,17.217491,37.796135,0.430212
975,54.310722,125.896622,13.747932,29.691132,0.430212
975,197.666687,137.014740,26.816788,61.848724,0.411189
975,229.600616,159.096634,17.207581,37.307419,0.377262
975,229.372177,162.541504,13.755112,31.734970,0.377262
975,64.024818,140.556717,15.466789,34.322937,0.375157
975,234.053421,146.501068,19.044296,42.494888,0.373803
975,231.865219,154.201248,16.065994,34.655777,0.337904
975,229.963287,149.239120,20.758148,45.262527,0.337904
975,86.367332,158.676682,21.044044,48.125092,0.305338
975,234.727325,164.157898,18.389084,40.998215,0.290495
975,229.464615,153.528015,15.183105,32.527039,0.276805
975,180.388336,139.367783,24.578812,50.420792,0.264389
975,223.736908,152.611267,22.245590,46.863739,0.235870
975,233.122116,149.347443,25.250565,53.991821,0.235870
975,73.529083,119.895622,33.538254,74.367989,0.230787
975,90.605835,149.775177,19.937035,43.135254,0.224783
975,63.516705,135.124893,30.013058,63.914780,0.202732
975,80.491356,137.352600,19.124344,41.502945,0.179402
975,80.531815,150.052902,19.890945,42.839508,0.179402
975,76.684601,123.773888,39.452950,84.673424,0.173852
975,478.905365,186.968781,18.502960,40.292511,0.140762
975,59.689007,129.024033,27.372601,59.193130,0.093392
975,473.000977,170.826950,30.871582,67.251968,0.064084
975,187.046478,148.508148,26.311279,57.525772,0.063709
975,91.250443,139.687317,19.519524,40.407776,0.050135
975,186.929382,135.741852,34.339920,71.690140,0.047336
975,464.124512,178.413116,27.946106,62.307831,0.039398
975,229.232803,146.602951,16.746475,35.407181,0.038092
975,229.551880,146.755905,12.522598,27.996445,0.038092
975,474.963867,152.186569,24.418030,57.260574,0.037554
1000,218.619324,155.850098,22.042694,48.308044,0.983390
1000,218.107346,157.369278,26.007477,57.781174,0.983390
1000,76.103874,132.507431,31.312073,67.778946,0.972871
1000,64.468063,127.961998,37.933151,81.205452,0.972871
1000,71.371643,134.931671,30.884857,67.854446,0.968879
1000,106.007835,144.279938,19.130615,42.142975,0.950873
1000,107.919930,137.123337,17.933647,37.141571,0.950873
1000,62.130402,132.149567,32.489624,73.172897,0.949941
1000,104.553146,134.060669,23.667496,50.923096,0.938568
1000,220.709854,164.616806,20.480972,42.620483,0.938319
1000,100.561325,135.860611,26.316666,58.608139,0.936504
1000,88.577072,127.883568,31.025177,67.029274,0.912946
1000,477.870361,168.744995,30.438324,64.986572,0.910899
1000,483.878754,169.873230,29.985321,64.575348,0.910899
1000,97.260391,138.323364,21.712570,47.898712,0.876187
1000,94.665543,142.081589,24.060646,53.598221,0.876187
1000,98.045860,147.121628,18.314972,39.439102,0.868121
1000,98.077652,138.117355,18.002724,38.469482,0.868121
1000,83.976845,133.966965,32.562714,73.257736,0.652153
1000,72.900749,147.701996,27.765816,62.315735,0.623743
1000,483.038147,177.066849,21.350037,45.328003,0.578737
1000,103.821037,124.089905,28.231483,59.968445,0.440713
1000,207.658051,150.181183,28.468430,62.062363,0.423881
1000,211.693176,159.392014,22.548676,48.744308,0.423881
1000,487.369507,176.982590,22.025299,47.583389,0.382236
1000,104.074791,125.373291,21.695633,50.666779,0.348412
1000,227.162598,157.505173,22.582977,49.285980,0.277734
1000,74.938980,133.022171,24.573433,53.544540,0.232569
1000,108.921425,153.752029,15.282822,34.656784,0.225984
1000,84.872894,111.043640,38.553596,85.063950,0.187543
1000,223.058121,172.763947,18.667145,43.546387,0.157401
1000,491.544556,172.916962,17.569885,39.467850,0.152216
1000,108.903191,126.846710,18.070969,37.506897,0.145903
1000,217.688477,138.566284,27.974792,62.841537,0.129499
1000,94.841805,126.939995,22.387459,51.103172,0.123883
1000,89.923409,110.686363,43.456215,90.832436,0.114832
1000,477.896057,166.564941,25.901520,54.455200,0.114784
1000,95.808128,110.126068,33.821373,76.203583,0.082881
1000,102.301003,143.581894,28.084053,63.281876,0.080228
1000,210.508316,135.694595,41.805389,85.983185,0.076712
1000,62.707165,91.853867,58.730083,127.200394,0.071690
1000,95.381287,149.426514,19.122185,41.473801,0.063273
1000,189.319321,123.586678,17.887115,37.737083,0.058364
1000,191.874084,125.247765,14.082291,31.338387,0.058364
1000,180.201508,122.134369,16.479568,35.535873,0.047301
1000,180.856857,124.343842,13.344070,29.703094,0.047301
1000,187.320831,131.084778,23.770599,51.978271,0.043117
1000,223.607941,148.068527,16.821243,35.231171,0.037565
1025,77.001389,138.685974,28.826714,64.419830,0.990273
1025,111.796440,134.423157,19.113564,41.252228,0.988818
1025,109.053391,129.013443,23.901306,52.269852,0.988818
1025,218.816483,136.723099,28.883316,62.563065,0.984036
1025,214.864685,122.083122,40.580887,87.778481,0.971086
1025,209.791397,128.126389,31.711151,66.160950,0.971086
1025,84.853165,141.823151,26.728691,57.365265,0.968520
1025,213.499435,128.601181,32.741150,75.585159,0.965127
1025,113.318604,131.261597,15.766541,36.043594,0.958068
1025,79.363686,145.754318,23.787498,50.454971,0.899083
1025,109.613289,140.519760,17.896889,41.719757,0.813669
1025,77.536995,136.329788,24.711723,52.043411,0.684401
1025,216.222534,122.601234,26.724487,65.020699,0.634970
1025,219.230545,143.885086,24.016693,50.440216,0.631780
1025,86.611908,127.046280,29.631416,62.837997,0.499725
1025,505.055298,176.492386,33.168762,71.540070,0.452933
1025,68.273735,134.757462,34.615646,73.496902,0.442352
1025,70.798012,139.682816,27.158936,58.169403,0.442352
1025,222.034271,125.969299,32.582565,72.886368,0.388901
1025,77.422684,122.253418,39.434364,85.865707,0.338933
1025,104.547333,139.148743,25.711212,56.740448,0.290844
1025,218.564117,150.569351,25.857498,58.091461,0.225419
1025,509.244171,160.410568,39.939056,87.619263,0.207702
1025,224.275009,140.150574,29.943939,67.974091,0.197304
1025,499.041412,165.497543,46.047699,98.479141,0.191214
1025,503.094788,161.452301,35.372375,76.836212,0.175443
1025,219.257843,132.418625,23.471527,50.953583,0.127302
1025,212.200485,133.250397,23.133667,51.267990,0.124904
1025,506.916351,169.928192,28.825592,62.445084,0.087875
1025,513.224731,172.069122,31.386597,68.653915,0.084492
1025,494.706512,162.599960,38.356476,82.862518,0.075619
1025,64.846611,144.872650,29.854301,66.368561,0.069148
1025,88.017128,140.456558,22.595856,46.974747,0.047302
1025,221.033279,124.251709,19.956146,42.610519,0.041902
1025,215.638840,143.700211,21.152618,45.201706,0.034901
1050,218.967163,151.534225,24.515594,53.238541,0.993333
1050,222.441437,159.587128,19.215881,40.184631,0.993333
1050,533.169922,170.776001,42.881897,93.197113,0.986513
1050,81.178062,143.440903,28.879585,65.179794,0.968754
1050,88.204735,137.567627,31.373001,68.695618,0.962709
1050,148.511703,147.606018,16.700470,36.683151,0.948874
1050,150.113968,141.105423,18.131699,39.404373,0.948874
1050,148.418076,141.261810,15.978210,34.140045,0.948874
1050,146.868713,144.988510,21.791183,47.463257,0.871799
1050,156.453598,148.057495,16.119781,34.828369,0.651091
1050,157.384796,142.007446,15.215149,32.714371,0.651091
1050,222.077133,149.781219,26.930481,58.069092,0.649492
1050,92.253571,141.615662,33.079468,73.510315,0.639163
1050,540.892029,163.925430,42.032410,91.977310,0.628457
1050,526.099854,178.542465,33.590942,75.747543,0.617792
1050,95.609055,142.374878,25.029518,55.740768,0.581544
1050,154.239380,144.036407,16.799042,36.026428,0.478054
1050,150.735184,137.758301,21.951767,47.808136,0.478054
1050,152.335114,147.127289,21.452499,46.049713,0.478054
1050,256.432892,138.053177,17.520172,37.566422,0.473002
1050,254.839798,139.962799,19.525955,45.256409,0.458112
1050,154.504410,134.438461,23.472214,51.173508,0.414858
1050,92.393890,151.228226,23.908813,53.000549,0.408928
1050,252.828995,134.774796,25.125015,54.248962,0.383276
1050,524.627258,173.102722,44.018616,94.564728,0.320459
1050,222.038712,170.780914,18.761230,43.409790,0.313371
1050,209.491226,148.676895,27.796829,59.130859,0.303344
1050,531.713379,161.758209,51.999329,111.406097,0.283143
1050,80.528702,124.201096,43.775970,91.343826,0.267901
1050,213.277847,141.517426,38.250748,80.158325,0.239579
1050,227.476120,154.978104,28.111526,60.861237,0.232703
1050,148.849274,153.382507,14.379761,33.409439,0.210763
1050,84.411133,142.418076,36.684906,81.121811,0.187884
1050,90.069679,137.415024,26.453659,55.986023,0.150033
1050,99.767296,144.576797,27.510162,63.759857,0.134084
1050,521.122375,160.275665,52.346924,114.615051,0.125114
1050,222.613541,145.518326,20.909637,43.215469,0.122056
1050,230.328140,141.221329,29.808334,64.907410,0.103626
1050,530.646667,185.248779,42.148499,91.740753,0.089304
1050,92.769363,130.836624,22.479088,53.703049,0.081447
1050,547.213684,165.536209,31.095215,72.201706,0.069165
1050,263.734680,132.113449,23.640167,53.386627,0.063170
1050,78.252045,138.749176,35.973236,77.184891,0.058362
1050,255.721695,127.702637,17.840469,37.235001,0.048107
1050,257.453735,129.051300,13.962891,30.437485,0.048107
1050,262.401947,143.418228,21.964600,48.715195,0.046293
1050,535.226318,183.615128,35.074341,78.601486,0.043640
1050,85.116936,145.772293,22.621498,49.429657,0.037400
1050,85.896362,151.023514,17.119186,37.916138,0.037400
1075,570.118530,154.929077,58.258911,124.259735,0.995436
1075,87.226364,126.884842,35.229073,75.474457,0.993450
1075,559.959839,151.848129,57.552368,123.490250,0.989822
1075,80.491531,117.857605,42.387383,92.636032,0.985655
1075,551.219299,162.780975,55.692627,117.588043,0.974899
1075,94.537209,134.847244,29.515099,68.623123,0.955948
1075,91.207924,124.013763,37.562965,86.226105,0.903773
1075,79.323814,131.896408,33.093155,73.931747,0.865402
1075,544.538513,165.267685,50.508850,110.090958,0.789469
1075,215.473068,151.736450,21.634857,49.492767,0.782244
1075,188.449554,138.873032,21.884872,48.059998,0.754236
1075,190.711334,141.044128,17.600952,38.159134,0.754236
1075,202.745712,140.374435,27.760284,58.737473,0.725906
1075,209.361526,142.065842,27.942062,59.342575,0.725906
1075,93.342896,139.144287,24.412842,52.939743,0.695255
1075,213.911682,157.412186,25.206894,53.880508,0.685063
1075,544.848633,141.123215,67.267578,143.182632,0.625263
1075,578.016724,162.162933,41.408691,94.982635,0.590504
1075,88.860336,122.676765,29.067406,62.055855,0.530666
1075,206.837891,148.979446,24.763763,53.641968,0.441868
1075,208.522751,158.620758,21.804977,49.665329,0.414618
1075,190.616287,143.677017,22.478897,48.437042,0.391986
1075,219.062851,162.430267,19.329315,40.780960,0.245568
1075,219.144424,152.184280,19.300674,40.040817,0.245568
1075,565.916870,158.834061,43.610291,95.314789,0.238233
1075,553.677124,184.424438,34.816345,80.180115,0.209260
1075,542.766724,185.693039,35.073120,80.553024,0.209260
1075,553.366089,126.246490,75.688538,164.169250,0.207236
1075,91.868935,144.140808,27.956146,56.468048,0.149216
1075,208.457306,128.994324,32.301300,70.257599,0.141881
1075,188.144775,136.634064,28.459244,61.395767,0.140634
1075,193.016525,154.441467,16.942200,36.692184,0.095274
1075,197.434464,122.084366,42.294357,91.884201,0.087976
1075,544.375732,202.526001,30.539368,68.251465,0.082071
1075,182.756027,140.289917,20.992584,44.923874,0.079431
1075,214.773621,139.456253,22.338959,51.196152,0.066216
1100,73.147423,123.932762,40.108437,87.820961,0.993389
1100,71.521461,130.180588,33.636406,72.904114,0.990423
1100,553.695496,156.321045,65.973877,140.417175,0.938400
1100,181.698898,145.472000,33.303238,71.135895,0.916059
1100,194.958755,148.780945,31.344284,65.724335,0.916059
1100,563.761230,163.728027,65.156555,141.177856,0.886883
1100,186.196793,139.542038,33.884720,74.648987,0.839950
1100,189.317978,150.055817,28.011261,58.592117,0.839950
1100,599.218018,172.168777,51.507385,117.353195,0.809140
1100,80.446793,132.880905,33.971367,70.082870,0.676897
1100,223.532913,149.226944,22.429947,48.658447,0.665836
1100,224.518906,155.133713,18.314255,40.604355,0.665836
1100,224.253494,139.931595,22.804886,50.801285,0.635582
1100,585.081787,159.287323,62.711304,135.973816,0.575336
1100,174.728134,138.996063,38.463791,82.365967,0.332178
1100,78.754639,141.174652,24.147385,53.174301,0.324239
1100,180.507858,126.832085,39.451630,82.782524,0.294894
1100,317.086517,143.047668,27.015839,58.212952,0.271231
1100,70.099602,115.984291,51.466232,111.512886,0.226581
1100,318.705750,147.730896,22.183380,47.671158,0.189269
1100,319.908600,151.334137,18.094055,38.788437,0.189269
1100,187.818863,157.136154,29.864365,64.865189,0.156271
1100,190.227905,167.259293,21.816086,50.824615,0.156271
1100,558.590881,132.519302,84.878845,182.392136,0.150403
1100,79.106804,120.392982,39.870895,87.205116,0.144319
1100,571.418518,160.259918,50.583557,117.189423,0.119126
1100,225.694366,144.387680,16.355576,36.716202,0.116739
1100,231.122665,148.834488,22.221283,48.576645,0.113179
1100,228.375687,141.029327,28.005997,60.789459,0.113179
1100,610.676392,201.896957,37.018982,80.263168,0.101455
1100,319.175995,140.610733,19.658722,42.681625,0.096983
1100,77.817833,146.413925,27.492393,56.093430,0.096949
1100,613.935791,232.332367,28.693115,62.994507,0.072671
1100,610.892090,182.732437,38.188354,80.672379,0.071779
1100,620.339661,250.126419,20.241577,45.127640,0.071519
1100,617.664612,240.744019,22.345398,49.191956,0.070448
1100,197.516159,143.340973,25.227982,57.679474,0.066807
1100,323.764252,137.510757,29.779724,66.990128,0.058030
1100,618.174194,243.210312,25.330017,55.821945,0.052263
1100,86.051804,142.033981,25.970993,52.420120,0.051510
1100,183.002457,129.795700,46.152130,97.200851,0.049892
1100,218.817795,132.635178,30.275269,66.081726,0.049606
1125,571.204041,143.094376,81.731689,179.290634,0.995093
1125,555.117310,149.436691,81.727539,175.300491,0.992037
1125,136.246567,151.458405,32.400360,70.051437,0.977230
1125,127.953583,138.896515,37.857513,82.339340,0.977230
1125,130.159973,161.469971,26.667252,59.304276,0.959236
1125,131.220261,154.451294,31.850464,67.872543,0.943501
1125,124.673958,153.713120,35.721657,77.516479,0.929276
1125,12.827207,121.109978,46.464813,100.178627,0.863800
1125,20.097052,135.183777,38.004822,83.989304,0.863800
1125,588.181946,158.226837,59.761536,135.062347,0.654953
1125,565.845825,133.025085,97.848755,215.365448,0.539595
1125,137.449341,159.798798,26.640488,58.049561,0.498147
1125,12.907470,119.811058,38.553795,86.090218,0.489740
1125,551.169922,146.919189,69.803833,150.230927,0.477269
1125,142.750793,155.453995,29.620667,67.791000,0.448597
1125,559.282227,155.491714,53.157959,120.606339,0.301569
1125,27.714991,128.414948,36.129463,82.806900,0.299528
1125,136.402084,141.294830,26.970215,64.377457,0.289455
1125,141.607025,140.817337,32.411240,75.108643,0.284047
1125,591.598450,166.437668,48.815063,111.218704,0.174957
1125,328.261322,154.130554,27.763885,59.860947,0.168340
1125,330.978180,158.490173,23.000366,48.912338,0.168340
1125,333.430267,163.531418,18.711212,39.817688,0.168340
1125,124.344589,140.961288,33.602570,72.639511,0.146194
1125,574.234802,167.719971,56.019165,132.191620,0.124713
1125,236.699570,154.400879,24.622055,54.407059,0.116230
1125,238.975952,160.783447,19.047302,41.336670,0.116230
1125,332.245209,153.007904,19.829224,42.754730,0.115203
1125,334.495300,155.154358,16.311401,35.586273,0.115203
1125,322.365021,155.406342,24.606873,53.269241,0.085606
1125,521.795166,126.648628,102.231628,219.161682,0.080718
1125,21.153864,121.212669,35.209625,78.444832,0.051142
1125,14.768413,111.616234,59.296307,128.731262,0.049744
1125,243.806091,153.311752,26.703705,59.896439,0.046174
