25,518.108215,153.676407,101.249451,227.357773,0.997435
25,185.822647,183.470963,59.816956,130.325485,0.995074
25,299.755493,227.927597,24.145081,52.214127,0.994435
25,301.369293,224.140015,21.394348,45.991425,0.994435
25,372.187317,234.761047,13.004761,27.999847,0.985512
25,370.515167,234.965683,15.791290,35.261276,0.985512
25,369.081024,222.546158,19.587433,41.905594,0.985512
25,370.653595,229.003922,13.764404,30.722610,0.980394
25,294.781860,226.099335,21.553864,48.551880,0.865735
25,156.665268,224.200699,17.327805,37.221329,0.835873
25,158.009537,221.941711,15.433273,32.456436,0.835873
25,308.041229,230.015137,19.608734,43.199524,0.784113
25,291.263519,222.387589,27.789429,57.592514,0.757695
25,512.090332,177.378464,91.642822,197.233536,0.702142
25,360.938660,236.033752,10.961060,23.696838,0.564227
25,530.612000,184.918045,83.421631,181.121597,0.491726
25,527.414001,225.210327,16.998718,41.245605,0.409562
25,179.529480,174.012497,75.255615,158.405533,0.380178
25,195.291504,191.375336,43.237457,108.306427,0.312603
25,184.212143,190.721909,49.889160,112.056625,0.304313
25,524.280273,215.970093,23.192200,52.455811,0.266797
25,528.982849,219.825348,15.123718,36.689819,0.266797
25,544.226501,158.059280,99.123230,215.735733,0.226186
25,368.193695,234.991653,20.291779,44.352158,0.165635
25,369.027283,240.847687,14.821442,34.235413,0.165635
25,166.673828,187.256516,63.296219,132.630356,0.095036
25,155.585526,222.672485,22.930908,50.612061,0.093079
25,545.729126,183.620407,79.915466,174.143936,0.087490
25,521.935608,219.506561,29.558228,60.824066,0.086794
25,375.465759,217.438004,24.135559,54.657852,0.081744
25,302.743927,241.200470,17.838287,38.298096,0.080508
25,158.509094,231.023621,16.336182,35.210022,0.047032
25,161.545364,237.999435,12.386795,28.030777,0.047032
25,523.158508,204.430603,26.297241,53.195984,0.046790
25,242.213333,220.424377,13.568970,28.874451,0.044131
50,59.599171,161.718918,76.892792,163.769455,0.998070
50,288.772614,120.728233,126.048584,280.607666,0.995627
50,69.533836,176.906998,76.283165,157.411758,0.990437
50,257.206360,229.445068,19.658173,42.218964,0.981578
50,253.054504,226.294373,24.144745,51.458649,0.956494
50,261.259491,226.186432,21.551086,48.959259,0.956494
50,278.092041,124.304092,111.634521,243.893234,0.847302
50,256.793854,223.551697,18.753693,41.690186,0.763409
50,520.548340,217.401520,23.042419,49.885315,0.729382
50,516.976868,217.168060,21.144653,46.540161,0.729382
50,522.532593,205.610168,26.991028,59.182251,0.729382
50,264.029144,219.594543,24.371216,56.286987,0.633761
50,520.173889,206.120316,22.068542,50.299911,0.532730
50,259.243927,223.778824,27.966949,61.618515,0.375234
50,60.999130,158.570099,97.737228,207.086090,0.354519
50,518.086914,214.769623,28.570618,59.338379,0.324453
50,512.733704,211.420517,28.899597,61.370255,0.324453
50,75.958069,189.692123,58.193832,129.524307,0.317140
50,159.988693,226.596771,14.879059,32.101044,0.287241
50,157.594376,220.006439,17.926575,37.989349,0.287241
50,160.529434,222.364624,13.771545,30.154831,0.287241
50,294.112671,143.583740,82.565155,169.208130,0.153508
50,311.220520,138.761475,121.024414,266.107849,0.117049
50,222.019638,220.037521,21.343521,45.684677,0.097172
50,518.559082,214.868317,18.861389,39.587585,0.078615
50,517.687195,224.583832,17.001221,36.484741,0.078615
50,38.901268,145.852539,111.719444,244.282684,0.070857
50,157.308731,231.176178,16.118576,35.699005,0.068897
50,250.999954,211.957306,38.521622,81.704346,0.061444
50,248.555267,223.564011,29.506714,65.604935,0.058162
50,223.410065,216.556473,18.602310,40.221024,0.048744
50,260.054840,227.613129,30.708801,71.375916,0.043731
50,265.959747,229.436722,17.629822,36.192978,0.042175
50,266.428070,240.551682,16.714935,36.111191,0.042175
50,523.424622,211.704285,19.862122,41.149857,0.041141
50,526.796753,211.471313,15.232117,35.051758,0.041141
50,72.806816,166.162552,57.125114,125.738998,0.040272
50,79.518227,212.530899,52.392143,116.233047,0.037956
50,221.590668,208.595261,19.529343,44.570129,0.037774
50,223.729660,212.678162,16.301331,34.654556,0.037774
50,226.073944,210.803223,12.419662,28.941742,0.037774
75,202.319687,215.040817,28.919739,62.270065,0.986641
75,315.609009,231.690872,15.093170,32.611984,0.976239
75,313.109650,227.046127,19.146393,41.470200,0.976239
75,311.870209,227.970184,22.586060,49.804871,0.976239
75,521.371155,210.162567,23.732666,51.593506,0.884760
75,514.080139,206.739731,25.540649,56.997787,0.884760
75,318.777954,225.849014,14.418762,32.210861,0.862302
75,518.716125,200.835114,23.812134,53.770554,0.833633
75,210.408463,215.749634,24.185425,53.996094,0.759612
75,206.031967,224.201294,22.517609,50.425049,0.737170
75,315.464935,217.970001,24.149048,53.359894,0.539696
75,195.487488,206.715530,33.174881,70.078232,0.531080
75,198.865433,219.194321,26.055389,53.795822,0.531080
75,210.559341,203.382401,27.849594,64.075790,0.348578
75,310.517151,230.789185,15.695038,34.065491,0.323498
75,524.920471,207.912125,17.577026,38.840576,0.299493
75,311.532837,224.213165,16.878815,37.681152,0.296712
75,310.357788,224.434265,13.849579,30.652115,0.296712
75,310.285553,234.843506,17.422363,36.976654,0.281647
75,310.643524,238.194824,13.818573,31.350403,0.281647
75,192.620209,205.192932,28.917953,63.514374,0.251764
75,517.786987,210.771790,21.102112,46.447601,0.184366
75,518.147949,214.915939,17.268005,36.358841,0.184366
75,582.274353,189.594955,46.310669,100.063675,0.129296
75,591.984070,190.362579,39.205322,86.872925,0.119549
75,215.180191,210.742599,23.912521,52.821274,0.100858
75,316.229462,242.300308,16.418365,37.408890,0.064356
75,583.103394,195.416473,55.417542,118.241577,0.050423
100,135.669937,218.591339,31.673141,69.117981,0.991756
100,137.973068,217.267532,26.785477,57.539871,0.987050
100,146.149353,215.362762,26.748169,57.873016,0.983175
100,284.495056,234.667450,14.315674,30.719360,0.975946
100,282.115326,230.981644,18.081055,38.895096,0.975946
100,666.193542,225.315720,19.954651,43.775528,0.955110
100,663.268982,219.603561,25.308167,55.558670,0.955110
100,287.165802,238.865875,14.274841,31.595795,0.947905
100,132.329880,215.372864,25.601807,56.128998,0.933749
100,149.756104,215.706619,28.686737,63.148941,0.926395
100,286.174866,227.295334,15.618103,33.563889,0.836597
100,154.237900,219.037399,20.694489,44.673752,0.825398
100,154.190323,227.733307,21.076675,43.298157,0.825398
100,128.092560,213.262741,34.018661,71.011093,0.825130
100,646.336609,226.073608,18.452881,40.515015,0.790191
100,644.079346,227.690292,16.752991,36.078079,0.790191
100,641.063232,225.242538,23.414124,49.909470,0.790191
100,139.616379,226.008408,24.224411,55.879562,0.701553
100,124.831573,222.581146,28.496964,62.557678,0.666827
100,559.125793,189.691345,45.775635,98.253754,0.534712
100,283.135345,224.369736,19.739471,42.682846,0.396183
100,551.306030,185.836655,63.907104,135.630051,0.309632
100,285.295502,243.322525,15.773712,35.934006,0.287437
100,278.266602,234.896347,20.607422,44.813614,0.279961
100,283.374695,218.373901,24.456207,53.232483,0.172938
100,513.323303,212.102966,20.460327,43.049667,0.162778
100,655.155640,227.798553,17.402222,37.582550,0.146147
100,652.909729,223.521591,20.838806,45.928879,0.146147
100,136.698013,225.715424,20.516846,42.457123,0.142468
100,668.411987,237.380859,18.565002,44.055389,0.119889
100,280.830017,230.086136,15.600433,33.871750,0.097663
100,278.948364,238.445007,15.986664,34.375763,0.097663
100,279.302856,241.699448,12.751465,28.983200,0.097663
100,508.455750,209.493683,25.826050,55.201569,0.087295
100,517.996460,209.788071,21.506287,48.068710,0.087295
100,557.456177,195.927795,36.860168,84.675323,0.077567
100,449.646667,218.549805,16.119843,35.264572,0.068622
100,448.830017,224.887695,17.139496,37.954803,0.068622
100,278.913391,234.090149,13.916992,29.755219,0.064714
100,641.816589,215.487213,23.006531,46.938324,0.043176
100,674.829956,223.978378,21.036316,45.585403,0.035910
125,152.519562,216.127487,21.660110,47.009445,0.992817
125,147.440750,214.091949,21.421310,47.226654,0.991360
125,394.082977,215.404556,29.553528,65.043320,0.989985
125,54.582188,200.490463,39.257763,85.388077,0.987648
125,397.367584,217.619644,23.380157,48.078049,0.985833
125,147.141968,204.175323,26.770065,62.296997,0.972807
125,63.854557,212.402557,28.073933,64.284515,0.970884
125,639.246399,215.080048,25.135071,55.365204,0.948753
125,639.776672,225.171295,20.815552,44.206909,0.948753
125,149.393784,205.212570,21.552567,49.200409,0.943976
125,645.319580,218.447174,26.718262,57.799652,0.937645
125,150.250641,222.217148,21.670090,49.100052,0.906468
125,637.905457,226.370026,25.010803,53.604889,0.877532
125,50.858932,201.981094,31.201332,69.477615,0.864359
125,400.208771,212.022339,28.364166,61.058167,0.827518
125,52.893066,213.690781,35.766731,78.764450,0.815475
125,58.315601,208.989334,31.099209,72.275589,0.794651
125,245.668152,229.981796,16.152344,35.032578,0.754857
125,241.968277,223.019287,23.331497,49.566315,0.754857
125,243.445770,234.512024,19.608734,43.037231,0.754857
125,61.556709,206.924194,37.766312,84.553528,0.732030
125,390.985565,211.186691,26.262238,56.014267,0.702094
125,405.446533,205.394653,28.399963,64.144775,0.634972
125,649.989136,223.279999,22.719543,48.355499,0.597210
125,535.662720,177.608917,47.288940,102.550537,0.577920
125,397.350677,228.876755,23.399109,53.349655,0.568435
125,247.096115,227.271255,19.160782,41.466690,0.565852
125,390.178131,221.454651,26.535583,55.547455,0.562424
125,62.598183,215.445633,23.830345,52.469131,0.505755
125,57.461308,198.943604,30.257946,67.055634,0.491977
125,245.095047,225.321701,15.465225,33.871201,0.479138
125,496.774811,206.211945,24.056671,50.740112,0.435372
125,503.277740,205.219559,21.535065,48.166977,0.435372
125,500.314270,202.385483,26.390930,58.012070,0.435372
125,253.313156,232.425156,13.718948,29.716568,0.427078
125,245.127686,239.422272,13.051544,30.373657,0.421178
125,654.060364,223.142517,17.334412,37.727386,0.365757
125,65.972504,194.185913,33.301758,76.681000,0.343786
125,384.629303,204.793900,29.471375,65.188065,0.329606
125,251.157532,233.629440,14.436554,31.575241,0.288646
125,252.961609,223.719406,14.301514,31.665176,0.288646
125,248.364594,220.572891,18.176636,39.925156,0.288646
150,512.722351,169.921204,63.462280,137.603424,0.995760
150,524.578613,179.119949,63.641724,132.106857,0.988478
150,359.968658,211.567902,29.834167,63.971466,0.981313
150,526.412659,188.016235,46.411011,107.325867,0.954212
150,492.713409,201.462341,24.159637,50.581055,0.908113
150,495.401306,202.413040,18.952515,42.560089,0.908113
150,363.584717,212.379044,32.729004,71.892624,0.907431
150,355.375214,215.230331,31.242432,64.970047,0.890660
150,352.526398,205.280762,30.831665,67.549286,0.727735
150,519.830444,177.272690,48.494568,110.717972,0.711669
150,363.901337,211.630966,23.859344,53.918381,0.668640
150,509.281860,150.902863,80.453613,163.866150,0.548067
150,361.948090,225.677307,26.199768,59.657074,0.536304
150,499.934418,165.857635,61.567352,132.593323,0.491360
150,368.418182,213.747269,25.040894,54.066147,0.488672
150,536.438171,189.031036,43.738525,101.108124,0.259119
150,432.063629,213.045502,23.261719,49.863708,0.226526
150,440.168274,212.412888,18.922638,42.028641,0.226526
150,496.164520,215.768723,16.958527,39.858200,0.225278
150,486.039856,197.277695,22.740082,50.820801,0.222566
150,500.560822,193.830475,25.784882,55.755737,0.206764
150,507.448212,180.594589,43.114899,95.916611,0.198204
150,40.744061,224.427338,20.933968,46.801758,0.183871
150,32.358723,218.817703,26.127972,57.372360,0.183871
150,436.218109,214.256805,18.772980,38.355896,0.176084
150,436.245636,202.653015,20.557831,46.062836,0.176084
150,370.479218,205.155640,28.403076,66.932922,0.175453
150,170.470642,213.300537,22.296295,48.881073,0.163256
150,166.918259,214.267838,19.813004,43.609818,0.163256
150,164.342911,209.829224,26.068375,54.831604,0.163256
150,38.527981,219.449982,28.370907,62.064667,0.135996
150,493.621368,194.256271,22.555328,47.175278,0.112477
150,496.499756,193.262924,16.123108,38.625732,0.112477
150,551.037048,206.071472,25.905396,55.537537,0.089296
150,359.135956,203.447800,39.884705,86.488174,0.080964
150,220.725372,222.282272,13.154648,28.953979,0.080764
150,220.842911,228.632660,13.477295,29.769073,0.080764
150,217.309525,218.639175,16.359818,35.343521,0.080764
150,217.152039,225.367462,16.865997,35.606628,0.080764
150,223.699661,231.213959,11.735977,26.075439,0.080764
150,352.228424,225.496414,27.135773,60.977402,0.069569
150,437.433350,214.631821,24.978912,55.473434,0.066181
150,555.505249,212.181549,21.361694,43.437515,0.065885
150,170.973846,216.678513,18.565445,39.466568,0.062059
175,566.505005,229.351212,50.281067,108.029953,0.974809
175,324.490723,228.203796,32.936737,71.430939,0.969171
175,329.294312,226.538544,34.336426,75.493622,0.969171
175,667.754944,234.251984,21.660522,47.559723,0.930837
175,664.420044,222.568069,26.559814,61.627029,0.930837
175,338.334656,239.179062,26.113281,58.575424,0.892206
175,562.785095,221.416550,43.234924,94.580368,0.822602
175,336.070435,220.826721,33.926483,77.112183,0.794952
175,332.653961,229.619690,35.892609,81.349701,0.741977
175,202.800812,236.514755,25.164566,53.550369,0.716346
175,548.874451,222.113235,46.043396,99.078720,0.666873
175,204.887650,224.414612,21.546860,48.292908,0.648862
175,442.996735,233.675156,18.081726,39.082748,0.625553
175,436.016388,228.777878,23.506653,51.567673,0.614578
175,318.615723,231.291168,37.265930,80.472656,0.599791
175,321.360870,222.882431,44.630157,93.439407,0.592497
175,550.352722,221.379822,34.843506,74.990082,0.525502
175,332.046936,233.181442,26.315552,55.283768,0.485195
175,319.566864,217.224960,35.756439,77.708755,0.372694
175,496.174591,214.274521,23.728668,51.501541,0.348539
175,670.455627,228.215530,17.453247,36.917923,0.332924
175,577.916138,238.748291,40.434021,88.360809,0.282109
175,489.252350,215.732925,28.666901,61.790817,0.272256
175,496.806305,217.693176,27.386383,60.294037,0.272256
175,552.558289,225.223526,28.251831,60.202591,0.248814
175,555.886536,229.077698,23.096680,48.390198,0.248814
175,660.561462,229.592697,30.792114,66.228897,0.241844
175,440.559692,233.251419,23.645721,50.871536,0.218327
175,648.791931,228.581207,31.196045,66.129425,0.174731
175,440.684723,223.240189,23.041718,51.269089,0.164784
175,444.127991,225.944168,18.715485,39.807816,0.164784
175,447.155243,226.063553,14.908752,34.216293,0.164784
175,432.468323,224.139297,23.827362,50.988419,0.154837
175,341.089508,224.983459,28.663757,62.236450,0.150519
175,642.406738,218.946426,42.433105,89.989792,0.133355
175,655.517456,215.834656,41.450928,88.073730,0.128220
175,549.056946,220.592819,26.336914,58.303574,0.124254
175,102.979424,206.209686,29.503609,64.259735,0.123477
175,94.368286,207.732956,29.598221,63.442825,0.123477
175,194.416275,232.445465,25.059799,54.391083,0.102821
175,439.421356,231.671799,18.972107,41.475113,0.095318
175,333.907684,245.952713,23.499481,52.694412,0.089326
200,236.645065,219.870667,29.616592,64.407715,0.980343
200,238.830338,226.026672,23.068771,49.323303,0.980343
200,639.120361,215.886307,56.908020,121.728134,0.978513
200,232.722321,217.711761,29.030548,61.984253,0.964672
200,297.037598,216.477737,35.339813,76.192276,0.956329
200,242.641098,224.903290,23.395950,52.246307,0.951644
200,302.020996,215.047699,36.964539,81.962402,0.942229
200,291.107208,208.339005,43.431976,93.060806,0.936751
200,293.062958,223.508423,32.490875,72.901337,0.890525
200,305.233795,224.978561,29.125916,64.665665,0.888445
200,242.575058,226.344955,29.070908,65.932541,0.745936
200,555.003662,227.280685,19.230286,41.961685,0.718584
200,559.005554,224.221527,16.132935,34.784058,0.718584
200,649.240479,228.239532,53.393433,118.416473,0.675239
200,645.575928,229.299515,44.092346,98.897690,0.630460
200,497.644287,205.382004,27.435242,61.413284,0.572260
200,228.592026,226.760345,27.401337,58.264832,0.523026
200,494.575378,208.155182,26.362122,54.538025,0.498089
200,488.418152,200.332535,32.978455,70.491867,0.459420
200,305.841644,206.964722,36.122772,80.595886,0.448151
200,245.121399,210.829620,28.982574,64.176178,0.272824
200,640.501770,239.817017,37.533813,82.665558,0.269011
200,491.122894,200.775757,39.581024,84.359619,0.249301
200,81.767082,186.442719,31.712494,70.175873,0.246564
200,304.161072,227.775604,35.609131,80.235840,0.221268
200,654.783997,236.802567,39.178772,89.620438,0.215436
200,74.308662,184.822739,34.473938,76.052841,0.190472
200,78.127342,197.634216,26.095444,58.970734,0.190472
200,84.825706,199.817520,28.998703,62.293808,0.190472
200,73.574753,199.231201,31.077011,70.287537,0.142966
200,501.559784,192.145126,31.586456,72.627457,0.112901
200,631.069946,211.110947,69.857849,144.030685,0.077919
200,437.888245,214.316681,45.329559,97.837006,0.075344
225,473.691681,199.002258,47.847321,105.207031,0.994979
225,259.042725,208.125626,43.737518,94.273605,0.969216
225,259.948669,212.832703,35.129700,76.646545,0.875682
225,469.543182,198.350693,41.866150,93.648605,0.626926
225,481.145721,214.964249,39.541595,87.834244,0.543520
225,471.728912,214.221664,41.172943,88.577499,0.492050
225,255.831818,217.800613,33.729156,74.488480,0.329895
225,268.986359,202.929016,39.567047,86.586914,0.327687
225,479.305115,192.742935,40.654724,89.329178,0.254673
225,142.392685,222.877716,13.502853,29.562973,0.234067
225,143.375595,229.667801,13.428070,29.976669,0.234067
225,486.296631,207.736053,37.583374,83.735962,0.162457
225,476.848480,184.328552,57.780060,124.450928,0.125764
225,140.939972,224.687195,18.319839,38.831451,0.089548
225,269.589478,222.551880,24.493774,53.195465,0.080296
225,462.809174,211.064102,46.162018,95.862320,0.077523
250,441.927887,196.757965,49.437012,108.867126,0.995149
250,450.644897,198.493027,52.875183,115.420212,0.995149
250,309.859283,211.291794,35.103943,75.983932,0.991122
250,538.392273,223.505875,21.926147,45.402298,0.980312
250,218.700775,199.250839,43.700012,94.484116,0.979887
250,211.480820,210.868149,42.528915,93.386734,0.975837
250,303.594116,214.078705,33.862091,75.728546,0.958301
250,536.720154,212.707703,26.321472,57.851440,0.955036
250,539.687744,212.418747,19.800293,45.404221,0.955036
250,317.063782,215.420166,30.149567,66.185883,0.942605
250,438.851898,208.969391,40.280182,90.269196,0.932989
250,534.440002,220.233002,20.783325,46.505890,0.898768
250,644.262512,224.115097,20.570435,44.508865,0.799984
250,643.489319,217.051849,18.502625,40.477356,0.799984
250,316.283844,222.938187,24.047668,51.983200,0.648979
250,527.495972,214.080521,29.210022,64.148636,0.642193
250,530.722534,222.457504,24.078918,51.917404,0.642193
250,313.432648,211.522263,39.826782,88.811050,0.632432
250,654.334900,217.983643,19.137390,41.388977,0.618445
250,654.385071,225.384216,19.490234,41.781189,0.618445
250,452.593353,216.584732,40.770172,92.535934,0.610336
250,652.470337,208.479156,28.499695,61.786591,0.551332
250,643.153992,207.968628,22.266663,48.284821,0.537164
250,665.369019,222.395844,19.158997,41.394867,0.500044
250,661.707336,224.398865,23.444031,53.393829,0.500044
250,529.796753,216.042664,22.212524,45.890167,0.269848
250,218.894836,215.106644,34.131409,80.390793,0.268129
250,209.685974,209.640717,36.480026,78.944061,0.202731
250,639.266907,210.028290,28.212097,61.092560,0.178196
250,301.370422,207.471802,33.245728,66.894836,0.144547
250,449.704620,192.644119,38.642487,84.036819,0.128050
250,660.960938,209.617889,27.881592,60.866364,0.123415
250,537.098083,217.678741,17.869934,39.012695,0.123390
275,353.209351,219.103989,38.668121,83.056931,0.994998
275,388.163757,212.502869,54.172241,117.462280,0.994887
275,156.006607,210.448151,48.084122,103.144531,0.992456
275,149.691879,204.299362,47.971527,102.953873,0.990127
275,349.468231,228.457794,33.471466,73.177429,0.981515
275,353.350922,211.129654,47.613403,100.375381,0.955263
275,150.599716,214.940353,38.318192,86.996445,0.948163
275,369.868805,203.541306,55.754944,119.635269,0.935957
275,389.425507,211.399429,44.014069,100.347092,0.933044
275,407.955109,205.360657,55.034607,114.178802,0.864088
275,513.869995,226.123611,22.850098,49.200241,0.764391
275,513.737915,229.090088,18.138062,38.621368,0.764391
275,347.773193,215.250076,34.309570,76.062485,0.673735
275,395.348572,200.936127,59.811310,128.371490,0.587575
275,518.219360,229.206772,18.054749,40.734177,0.555826
275,383.858002,222.677078,45.805359,103.576157,0.494719
275,360.483826,228.056625,28.680664,57.392197,0.494158
275,363.603485,235.775208,23.312164,52.334900,0.472954
275,366.987305,227.790543,32.059692,72.800278,0.407570
275,397.026154,207.425735,43.902435,97.548141,0.370048
275,390.810303,209.876114,38.274414,80.232071,0.316019
275,410.935272,225.008698,44.223877,101.276093,0.204668
275,509.460419,228.766876,23.774872,50.858734,0.178619
275,520.444092,225.907028,21.021545,45.197922,0.156063
275,517.254700,219.639481,26.145386,58.715012,0.156063
275,425.526489,221.245728,30.097046,66.977112,0.143678
275,429.920929,226.235382,22.667877,49.319275,0.143678
275,432.051422,231.573502,17.413696,39.526871,0.143678
275,364.499115,223.058426,40.062775,85.930161,0.120610
275,432.426422,221.633133,17.800323,35.953354,0.096136
275,367.218781,210.001953,46.277039,98.377472,0.089143
275,401.644714,231.760757,43.401276,97.285995,0.061903
275,171.885071,213.326462,33.791336,75.080917,0.051441
275,422.583527,216.615082,41.261017,91.254700,0.050450
275,428.375793,237.637192,23.206177,47.699936,0.044539
275,625.579773,222.831329,21.107849,44.677673,0.039006
300,58.922199,176.926071,59.070385,123.348831,0.996941
300,56.877945,186.101105,49.158676,105.719147,0.996569
300,395.708313,184.452042,40.858063,88.668716,0.993375
300,303.841766,171.019653,65.798584,144.249939,0.992764
300,313.386292,185.519287,62.552643,134.074188,0.960530
300,295.633148,176.107376,61.407501,132.627884,0.953459
300,392.402069,191.810165,36.126770,79.180557,0.724545
300,619.503845,206.514633,23.224243,48.700745,0.662379
300,615.491638,202.734863,29.427490,62.434235,0.636999
300,401.755219,190.825485,33.206024,74.078384,0.596833
300,385.873627,184.597916,44.922058,96.725845,0.534037
300,400.274048,175.808060,41.161926,91.038254,0.533046
300,309.573273,187.382370,49.123413,112.918777,0.506803
300,583.108398,200.355774,33.493347,73.572296,0.492999
300,587.966736,191.517105,24.804016,56.983429,0.391551
300,68.115112,199.085526,40.595451,93.639633,0.200199
300,606.781616,198.779709,48.451843,106.325668,0.171009
300,54.110699,176.656265,41.310024,93.159164,0.160550
300,582.004028,196.706131,43.256287,91.898788,0.159800
300,384.281494,198.434113,33.139587,72.077240,0.147524
300,318.404968,188.455704,41.983185,98.443405,0.146533
300,590.717590,188.690262,52.874817,118.335495,0.096397
300,599.907104,198.980835,33.551758,73.341156,0.092239
300,63.306347,180.974640,41.810940,90.838135,0.091358
300,387.535919,182.314865,38.439362,81.893936,0.091306
300,593.298523,195.157410,43.949951,95.801697,0.071598
300,624.953186,204.597992,22.976318,53.689514,0.066694
300,51.845524,191.156693,39.367489,88.087509,0.062101
300,589.541748,197.161392,21.208069,44.893372,0.048771
300,591.942383,196.772980,17.757080,36.581375,0.048771
300,396.599640,199.686844,29.550171,57.808792,0.048709
300,55.211483,202.946091,43.983326,94.554214,0.047557
300,621.377869,199.838623,20.208313,41.174088,0.044488
300,623.142151,197.612030,16.434021,32.882843,0.044488
325,213.647141,164.886185,71.314651,154.234177,0.995104
325,571.260803,198.977676,41.349792,88.803177,0.994813
325,562.669617,192.589828,43.170166,91.682877,0.978894
325,544.062744,193.132416,37.791199,82.476257,0.969600
325,543.085938,194.746872,32.234863,69.925156,0.906248
325,575.817627,195.238373,30.247437,68.684418,0.828360
325,221.033173,195.921814,58.841461,124.452545,0.556950
325,544.618347,198.863708,27.274353,54.374741,0.473841
325,217.736099,159.849548,57.981613,127.028717,0.297385
325,209.845123,147.827454,88.306915,188.296814,0.184123
325,576.213135,200.986282,22.359375,48.143829,0.179307
325,574.805481,191.954758,25.808777,53.465179,0.179307
325,452.430298,169.297501,36.387054,78.191025,0.179287
325,448.214905,161.701492,45.253082,96.843887,0.179287
325,226.966492,226.233597,44.942749,97.310959,0.142602
325,538.756226,189.359497,48.341736,107.599243,0.142067
325,556.283630,179.842682,53.418091,117.349945,0.113475
325,217.322266,201.730728,49.613403,110.423080,0.100063
325,223.742111,169.185364,47.329086,103.715668,0.099695
325,547.068909,197.721909,42.331787,88.720474,0.098699
325,572.732300,216.649216,26.468262,65.188766,0.084219
325,569.375916,209.682022,37.640930,85.918869,0.084219
325,551.609863,204.360489,24.475464,51.440414,0.081829
325,446.048126,171.359177,39.394897,84.940598,0.068680
325,199.242722,131.471725,85.046005,184.003860,0.064236
325,233.769913,203.277100,47.928391,107.368286,0.052522
325,549.845947,189.190048,24.956055,55.791245,0.048945
350,104.538795,171.951019,72.857353,157.600189,0.997858
350,324.714264,208.314301,32.694855,70.617035,0.979207
350,323.045258,206.041077,28.684204,62.869812,0.979207
350,321.146515,221.094101,27.139587,57.961899,0.927153
350,111.204689,167.677536,59.616646,131.007980,0.669675
350,314.725739,215.900925,32.859894,71.533096,0.563814
350,115.955193,203.382660,62.655571,136.391235,0.519914
350,530.730774,166.700531,41.124084,91.528625,0.510815
350,125.955009,226.361740,48.030327,106.888321,0.440491
350,328.648834,219.807938,24.845581,51.627274,0.276985
350,120.398224,242.604370,44.173447,96.872528,0.163736
350,120.948906,170.824692,50.052940,109.347305,0.141660
350,173.016663,216.005188,17.076874,38.174393,0.117187
350,175.475403,217.828369,13.586578,32.760681,0.117187
350,133.207520,250.864990,38.556503,84.542267,0.108273
350,516.614197,209.320007,20.834167,45.552765,0.100233
350,172.673447,227.307877,16.169098,36.050644,0.094919
350,113.809479,188.255386,57.325760,132.112015,0.092899
350,524.098572,174.061722,43.563354,93.494400,0.092292
350,135.108505,185.754425,51.459076,114.726440,0.091416
350,325.654541,195.100616,30.814423,67.595306,0.082217
350,116.863007,168.684174,43.960144,92.322357,0.080862
350,514.870972,215.800751,18.264709,38.279037,0.064856
350,515.215210,206.522430,19.466614,39.380493,0.064856
350,142.610794,196.966110,43.293564,92.655258,0.045803
350,328.330658,204.792770,25.916840,52.226883,0.042590
350,332.567139,206.858047,19.180603,42.379349,0.042590
350,115.381920,185.039429,47.468071,109.221985,0.041936
350,537.571777,173.544556,36.215454,77.415375,0.035807
350,106.974030,169.588577,51.925781,113.873672,0.035194
350,126.832863,178.898666,39.853203,92.557846,0.033734
375,306.214691,195.074280,32.485504,69.815765,0.993291
375,644.812622,141.388550,74.373779,161.588623,0.992298
375,301.351135,200.626846,33.410797,71.739822,0.989013
375,653.747681,119.897507,61.343872,212.830582,0.903741
375,657.906555,148.550720,60.219055,130.986725,0.894983
375,1.000000,147.221176,62.368813,188.099686,0.882238
375,312.355957,206.077515,24.314819,50.292175,0.524206
375,306.436127,206.840897,23.210022,49.430038,0.390476
375,26.829096,196.989899,51.649757,108.199402,0.242547
375,1.000000,136.633148,49.353424,124.990021,0.169053
375,35.469395,213.348007,39.663639,85.549271,0.165791
375,655.354248,146.571335,51.479248,106.235184,0.152841
375,305.511993,192.114563,25.016022,54.547348,0.109531
375,309.275330,211.105408,28.061829,63.189545,0.100417
375,38.335163,209.802490,33.099865,69.376465,0.093322
375,45.137280,208.944641,36.776600,78.595184,0.093322
375,50.985783,212.436432,28.541828,64.044373,0.093322
375,647.400940,152.755447,58.708557,133.011948,0.084177
375,303.902344,212.461792,27.510193,62.022034,0.083803
375,313.524414,195.783508,31.883789,68.008514,0.073204
375,44.025372,212.366989,27.286640,57.963638,0.067589
375,46.865593,216.067383,21.917603,44.822083,0.067589
375,9.727945,212.208862,56.184578,119.118500,0.056289
375,295.670197,197.582565,31.378937,69.680740,0.038630
375,3.882101,234.092606,48.847248,102.684677,0.038362
375,518.952271,193.891174,25.574768,54.017166,0.037320
375,523.929810,197.428513,20.056702,41.193436,0.037320
375,309.420563,181.289642,32.345001,72.021591,0.035704
400,294.539581,208.545303,35.196259,76.007889,0.987203
400,287.131500,203.568710,38.284943,83.278091,0.987203
400,282.585693,210.633545,35.606903,75.799347,0.956775
400,298.438324,220.634171,24.776611,52.427628,0.719699
400,300.820007,209.360916,29.726318,63.590042,0.602846
400,504.919373,201.419830,23.051270,48.040131,0.539552
400,295.323639,205.098709,29.429962,68.076340,0.525716
400,469.004456,198.277725,28.556915,63.760086,0.520047
400,503.109314,194.400131,29.113037,63.859024,0.438699
400,299.655304,199.008759,34.987701,80.814240,0.380530
400,475.447998,206.148956,21.834991,46.733673,0.370294
400,473.215912,203.218491,28.988770,64.052841,0.338573
400,300.316864,215.146164,34.781403,78.841049,0.239885
400,475.417725,197.567520,20.900177,48.018570,0.222683
400,294.405792,221.254883,30.216370,69.085266,0.173856
400,465.450897,205.651550,25.236053,55.386536,0.142587
400,503.975006,209.662338,24.960846,51.609848,0.140250
400,497.429169,192.061493,36.802765,78.220093,0.074873
400,461.505859,195.260101,28.942749,59.435150,0.063629
400,467.108276,192.073059,36.754700,78.665924,0.055549
400,290.339996,216.206161,29.503479,64.095901,0.033990
400,291.764832,224.823822,21.735107,46.471924,0.033990
400,306.356842,203.838654,29.424957,65.705811,0.033793
425,289.782349,211.256454,38.710846,84.436386,0.992981
425,284.594788,218.037003,39.230713,85.937607,0.988770
425,295.452393,219.397186,31.820343,68.261444,0.988770
425,342.699921,210.927505,33.561798,72.793839,0.976700
425,340.560547,204.180649,40.797180,89.761703,0.976700
425,475.510193,207.594421,30.261169,66.563446,0.856796
425,482.511414,210.061905,27.108185,59.038864,0.856796
425,292.347443,228.224930,30.890411,69.678909,0.792174
425,349.890076,202.183624,36.502258,83.535797,0.621385
425,296.101501,207.943878,39.225922,86.224884,0.540560
425,338.097015,215.676895,31.979828,68.678177,0.527705
425,480.722076,214.837692,22.500488,48.174210,0.434365
425,480.224030,205.405899,24.963409,53.432358,0.434365
425,298.229950,233.876328,24.104370,50.888901,0.418034
425,348.666016,219.760757,24.949646,53.784531,0.385915
425,480.535645,213.311081,32.291077,73.251328,0.273607
425,350.845490,211.927338,29.757690,69.156555,0.253201
425,480.090668,223.593155,24.774414,56.283157,0.166465
425,346.246613,206.639053,28.669495,65.915787,0.137926
425,344.615845,225.300949,30.151550,67.953262,0.076420
425,1.000000,153.727127,25.315132,82.454422,0.065227
425,3.264087,158.178284,33.557552,76.898529,0.065227
425,289.524139,233.540741,26.057922,54.122833,0.059534
425,477.193176,199.836365,36.902283,80.109100,0.048960
425,1.000000,143.218445,30.103069,103.783722,0.044703
425,285.534393,208.096298,50.091339,105.889023,0.042010
425,355.374390,205.522156,30.577301,67.949249,0.040997
425,1.000000,150.259018,22.546513,69.127396,0.037601
425,1.000000,159.781784,20.631073,49.344727,0.037601
425,1.000000,164.858612,16.840378,39.973495,0.037601
425,487.366455,212.978043,21.570923,45.084824,0.036690
425,489.603424,222.564804,20.255951,44.283432,0.036690
450,289.900360,214.574539,36.884094,79.239151,0.991066
450,298.025513,212.467133,40.941223,85.533569,0.991066
450,343.332306,208.215500,36.197296,78.419754,0.985548
450,296.837524,215.938248,33.609131,72.380386,0.981362
450,335.736816,203.777985,41.772278,89.698090,0.972453
450,285.900452,219.074142,34.275177,76.771988,0.948586
450,292.824951,217.582108,40.144135,88.689163,0.948586
450,4.005278,153.685577,33.528900,71.276001,0.887975
450,1.315966,163.235580,25.172987,70.391037,0.887975
450,294.235016,226.205780,31.084076,71.150726,0.881411
450,8.975447,161.990936,22.903065,48.913055,0.876777
450,300.380157,228.140594,30.677246,66.346649,0.868198
450,348.692749,203.126678,37.875031,87.645813,0.855574
450,1.374740,149.406326,23.984402,72.154175,0.755259
450,337.380920,218.062363,30.627777,64.962601,0.628680
450,299.634888,233.178894,23.921173,51.224060,0.573757
450,2.504343,148.462204,30.859632,93.744202,0.438751
450,349.396027,220.062607,25.361389,54.513016,0.401227
450,1.000000,160.133057,38.879555,85.123749,0.384946
450,3.404687,159.563797,21.447144,53.762527,0.261473
450,3.069549,165.657471,18.318712,40.771912,0.261473
450,10.354809,157.495773,20.715054,42.564743,0.226850
450,7.285616,147.160690,29.642874,64.907501,0.216866
450,349.175720,226.599380,27.268219,61.448593,0.162701
450,345.475098,205.443390,29.809540,69.321686,0.130039
450,353.840668,219.551636,26.799591,60.969391,0.112519
450,1.000000,166.087494,44.666191,98.472565,0.063782
450,470.275208,210.184067,23.841248,51.769211,0.062785
450,474.321198,215.032013,19.555054,40.079269,0.062785
450,467.541809,200.576813,28.189270,63.212830,0.062785
450,280.144714,213.946945,45.437622,98.817764,0.060983
450,353.906189,206.238647,32.069183,71.342682,0.059414
450,297.990967,218.664200,24.795776,50.335342,0.050401
450,2.977345,148.471878,38.449413,126.646011,0.046388
450,475.414795,207.961243,18.040863,37.749283,0.037828
450,284.735504,230.694687,30.803345,67.891190,0.036921
450,291.881195,236.597626,23.108521,48.173096,0.033764
475,382.754150,192.935410,38.078888,85.067398,0.977836
475,386.973541,182.618774,46.030090,100.975739,0.937336
475,413.274628,177.932739,50.491638,109.134766,0.880253
475,316.134796,190.650833,42.345581,95.219650,0.830667
475,307.469177,199.046738,38.640137,82.954727,0.810842
475,375.676086,184.899536,46.646973,103.077148,0.749884
475,418.184570,187.686111,40.509430,86.119186,0.460665
475,389.838348,205.970474,37.211365,80.114822,0.454350
475,407.276306,190.196442,40.800598,87.781738,0.434819
475,321.049652,209.912415,30.658478,68.858917,0.305099
475,227.800323,191.216888,31.166351,68.573029,0.195797
475,305.983398,210.943893,29.373749,64.247665,0.192422
475,231.120255,195.530258,23.735992,54.187439,0.168789
475,320.645996,212.458969,35.875183,80.802811,0.123973
475,227.233994,210.126801,18.996414,40.293686,0.110163
475,314.766571,214.087753,30.596893,70.060745,0.106716
475,224.281509,195.788116,25.981506,57.322296,0.096072
475,226.007126,199.469391,21.680328,46.703934,0.096072
475,228.046234,202.802307,17.569321,37.093414,0.096072
475,389.647278,186.985046,34.926453,79.661224,0.090310
475,420.906952,201.690598,34.538055,74.889481,0.083584
475,424.929199,188.316666,29.203094,64.244553,0.076259
475,235.404144,199.074005,18.415878,38.919922,0.062390
475,235.326691,211.836700,18.527603,39.851669,0.062390
475,304.629059,196.467422,32.327545,69.733261,0.056537
475,218.615173,199.888779,33.383926,71.020493,0.055629
475,391.445801,203.479935,29.888367,59.034531,0.052331
475,319.242920,218.375504,22.421082,49.254044,0.049367
475,427.464081,181.022842,37.852051,84.870285,0.048684
475,397.016296,216.517731,22.674866,51.171295,0.034605
500,374.643524,199.948151,46.111664,99.424896,0.994661
500,342.121704,213.443878,32.624786,74.175201,0.981295
500,324.970398,202.204926,40.368378,87.990601,0.978314
500,305.603455,197.259277,43.019562,91.955292,0.977368
500,334.066498,205.252518,39.631958,85.645737,0.971958
500,257.662445,202.582626,43.911713,94.653152,0.971346
500,311.419800,212.987839,32.964447,74.950790,0.908436
500,362.128143,202.431549,45.778534,97.270142,0.893529
500,317.098389,208.158173,34.219696,76.782196,0.892946
500,266.605133,206.659225,35.695587,81.729843,0.853650
500,257.217377,208.037445,34.617737,80.121582,0.853650
500,385.406921,210.090958,36.423920,84.524338,0.771313
500,302.852173,212.987259,33.443390,71.503677,0.676445
500,250.333679,205.363297,45.452911,98.305496,0.516102
500,326.659271,220.090744,37.210541,79.277542,0.506671
500,317.291870,220.234573,23.606995,53.940720,0.460016
500,261.723694,213.628860,35.200836,79.662369,0.420999
500,356.319031,210.649323,41.893005,86.874908,0.404340
500,312.053894,202.177902,31.634247,72.265823,0.327489
500,377.129761,210.316406,34.842010,80.337860,0.308232
500,364.774902,197.330826,40.033752,85.184708,0.290300
500,383.734161,189.925476,40.584442,91.730682,0.203186
500,316.163300,227.282425,27.124603,53.055496,0.200829
500,264.644379,205.492111,44.853210,95.092178,0.163929
500,344.135376,229.318375,28.695099,56.237656,0.158012
500,311.688110,224.892380,35.702972,76.384537,0.128897
500,347.109039,225.387878,22.579620,51.806366,0.081208
500,349.295685,209.855133,38.877594,84.190277,0.068834
500,265.137604,216.985565,30.038055,59.372009,0.058954
500,317.010742,199.210464,53.355347,113.590714,0.053137
500,261.270050,192.362778,37.314728,80.983231,0.039673
500,253.033401,216.773193,37.566940,82.015137,0.033416
525,78.406631,175.060074,54.137650,117.710464,0.994196
525,262.376648,199.561905,47.238892,100.443558,0.992377
525,264.507141,213.212692,38.308167,83.708511,0.992377
525,298.865082,209.034760,48.330688,102.608429,0.987857
525,289.701782,205.991730,49.962463,107.051910,0.968990
525,298.095215,217.145142,39.071777,88.138245,0.898127
525,253.517807,209.010666,48.199112,102.012650,0.706356
525,269.671387,195.198608,49.870544,107.070129,0.688593
525,255.820038,218.423874,35.588104,77.533432,0.389769
525,78.779541,181.286057,44.528702,90.596268,0.305940
525,273.026245,206.509140,34.267456,74.901718,0.281774
525,292.265503,203.059387,41.765198,92.244263,0.264525
525,304.092377,202.618881,39.231628,92.288406,0.264525
525,75.331581,176.315689,37.839081,83.490891,0.225960
525,308.434784,223.408890,36.894318,84.209366,0.220451
525,88.424042,181.992065,42.832336,95.802307,0.137238
525,312.615295,212.534409,38.645630,87.156509,0.092472
525,89.428230,183.895676,26.012161,53.964737,0.079601
525,84.455254,178.154449,34.354515,73.998932,0.079193
525,91.391716,192.441193,45.480034,103.963104,0.071460
525,77.965614,177.771332,30.875397,63.259674,0.065203
525,271.773438,215.075745,40.951202,88.738647,0.064056
525,267.093842,220.371933,30.254791,58.478470,0.054616
525,88.207993,220.346817,40.124329,89.275314,0.036050
525,252.559586,202.140549,40.108536,87.731400,0.034677
550,217.869644,198.942657,52.378738,113.346832,0.993978
550,271.833984,194.752136,40.294098,86.893951,0.989846
550,224.605560,206.562805,40.292664,92.871979,0.961924
550,207.743118,194.003128,54.577164,114.303818,0.926201
550,269.811951,203.043716,34.578796,72.252579,0.925487
550,281.620544,196.886826,34.338837,75.858719,0.827611
550,277.332703,189.775787,43.213043,93.740265,0.763199
550,195.842255,189.414078,54.318878,116.006973,0.509408
550,201.098953,200.327576,44.309219,95.915192,0.509408
550,217.245911,223.621719,35.855606,81.939529,0.446561
550,214.240555,205.890396,43.014755,98.143478,0.342233
550,194.074539,202.161804,22.332596,49.174820,0.285732
550,280.264801,214.082779,28.155273,64.503891,0.274875
550,279.738708,203.105408,30.040741,60.551392,0.245752
550,194.608246,199.890152,16.752197,37.876617,0.220426
550,284.454620,215.071945,22.979034,50.964798,0.149568
550,231.320007,204.782608,42.232330,93.048019,0.132191
550,194.956726,194.092728,14.041122,33.349609,0.077759
550,213.845413,189.702545,41.721893,91.075226,0.063721
550,223.366714,189.797531,40.901321,87.775436,0.055550
550,268.927521,191.297913,33.493103,70.872925,0.044130
550,187.703339,201.420364,40.478699,87.055466,0.043644
550,282.697174,200.473724,24.976471,51.510849,0.040391
575,184.738708,204.353104,45.284836,98.205582,0.991704
575,248.904282,195.303009,37.412430,81.320374,0.988488
575,194.668533,210.890839,37.823273,87.891632,0.968705
575,242.439865,190.292023,39.126877,83.675507,0.964439
575,254.259644,201.704132,37.707794,85.729462,0.867272
575,256.453918,192.901474,31.802826,72.890030,0.648722
575,248.641968,208.477097,35.719635,80.104446,0.447188
575,189.916916,196.340973,48.826874,102.628052,0.247482
575,203.290359,209.254684,36.358505,81.518906,0.169422
575,251.026688,204.497864,30.941269,61.079071,0.091873
575,252.585281,190.596771,26.789413,61.940598,0.058962
575,254.862610,215.074219,23.581482,52.967468,0.047183
575,198.087372,203.705734,30.644089,67.432785,0.046517
575,238.985641,200.946503,38.189255,83.640747,0.042540
575,260.691620,188.804199,32.420380,72.459229,0.042333
575,199.670349,221.403122,27.425613,53.953262,0.037119
575,238.876297,183.898651,52.846786,111.843781,0.036547
575,201.925583,214.072830,23.079865,47.465256,0.035870
600,213.910782,198.396469,42.481369,91.329910,0.995476
600,206.291092,191.859802,50.947800,109.476959,0.994060
600,253.107208,218.616058,42.239655,89.710999,0.990551
600,138.078583,191.868942,40.925613,89.075912,0.987924
600,135.295883,194.845032,34.742859,75.574860,0.986488
600,144.409668,192.432831,30.304199,70.693146,0.956441
600,250.318314,228.390213,39.343430,86.852066,0.953889
600,207.445358,188.734329,41.576492,92.486252,0.878956
600,210.512360,210.753159,32.882477,69.238052,0.869442
600,218.475876,199.790741,48.009018,104.481506,0.788008
600,228.521057,203.124023,51.490845,111.247131,0.655106
600,215.384613,203.963394,34.789627,74.382645,0.509777
600,221.078064,216.669754,24.508331,54.682938,0.509777
600,143.643677,206.716660,23.650330,52.318771,0.413334
600,219.913757,208.954773,39.592560,87.004913,0.261541
600,238.354919,223.680038,37.651337,86.589981,0.191328
600,129.243454,202.467148,32.661835,73.205704,0.177721
600,249.586349,206.852310,36.257919,77.525345,0.142657
600,259.158569,206.367706,34.837280,76.759979,0.130014
600,235.371765,204.505432,55.724640,114.361969,0.114097
600,221.115921,198.105652,38.371902,80.327454,0.111494
600,246.780655,239.489975,38.012253,83.261703,0.074693
600,259.535156,222.463531,29.185852,63.211060,0.072555
600,141.864151,212.338593,28.019409,55.950165,0.059236
600,127.138145,190.469559,34.392448,73.863815,0.058902
600,150.934448,208.469055,24.070496,48.283936,0.056478
600,254.905518,226.160950,26.687561,53.430847,0.047851
600,257.481842,225.067581,34.069458,72.937607,0.044753
600,261.631531,218.296143,22.507141,52.572968,0.044225
600,221.048996,228.236572,23.505066,53.257507,0.038405
600,207.075226,210.408020,39.650482,88.027039,0.037193
625,315.096161,218.269882,46.510132,100.088394,0.993439
625,157.617783,187.375015,46.145920,97.255264,0.986248
625,310.552734,221.743988,41.464539,92.683136,0.983579
625,179.219315,191.314743,39.258728,85.587173,0.977282
625,190.134476,196.197006,34.239639,75.475815,0.972007
625,184.982376,187.400238,45.520020,96.231964,0.787530
625,194.007446,202.340042,33.138474,79.374588,0.787530
625,164.046295,201.173950,34.912277,78.240143,0.711979
625,325.963043,221.463989,41.026154,91.749878,0.280551
625,154.352219,208.267349,37.299042,79.974869,0.178584
625,319.465302,209.308655,51.983948,110.040527,0.158982
625,168.235458,211.989365,28.127838,67.822586,0.148371
625,165.746536,208.178375,37.335892,83.551788,0.148371
625,167.908539,204.779709,29.857986,57.737625,0.137053
625,172.440079,210.198807,22.854965,50.764084,0.137053
625,321.133179,206.081757,40.556152,88.618622,0.129356
625,311.160675,206.032486,39.408905,87.806381,0.129356
625,188.491821,206.587173,27.997940,54.712814,0.124385
625,191.682175,211.581451,21.855453,47.616058,0.124385
625,196.787460,189.129959,32.134201,72.001633,0.070210
625,198.602310,208.465454,23.692368,48.734650,0.061376
625,303.209412,201.275620,61.641907,129.581039,0.056780
625,322.313477,232.371536,36.276428,81.874405,0.051630
625,187.177078,189.945999,26.799927,62.028610,0.044250
650,148.628113,188.087845,35.931274,77.887436,0.993878
650,145.680923,179.070938,43.140732,93.551682,0.993878
650,376.333374,195.308258,51.180450,109.991821,0.992246
650,188.879562,189.542480,43.322601,94.257080,0.991339
650,153.531387,193.332138,36.690002,79.866562,0.974692
650,385.052460,199.987259,39.433502,88.791275,0.964396
650,184.003143,187.737320,39.822357,83.157120,0.869295
650,197.226990,193.733261,37.331253,84.822586,0.858436
650,144.966812,192.038605,31.938110,69.339294,0.731594
650,193.397629,192.488327,47.190643,100.801071,0.554222
650,151.084351,185.913910,30.171539,67.896896,0.495674
650,156.271423,202.402496,23.791428,52.425049,0.469971
650,184.387878,203.172562,41.284439,88.699905,0.395644
650,377.799072,227.329193,37.317139,79.492584,0.262836
650,152.579834,172.781723,49.198624,105.833481,0.204279
650,386.077972,223.042816,39.501373,86.384003,0.168082
650,372.673859,196.955521,44.696564,99.833572,0.160233
650,377.762268,189.653412,40.918304,92.593323,0.154677
650,142.083221,190.865158,41.031509,88.181473,0.143026
650,197.510590,210.958115,31.416718,74.011429,0.123791
650,156.506577,181.506760,38.715714,82.177811,0.108089
650,199.023605,205.781128,30.062927,56.510956,0.105691
650,159.294220,192.316528,29.371445,65.028290,0.094884
650,197.333054,186.057999,29.896210,71.295425,0.061844
650,368.216583,218.686890,38.388824,81.619598,0.051132
650,205.347031,188.430695,36.082657,80.542755,0.048455
675,111.087341,164.909805,41.423737,89.520096,0.993089
675,229.421524,185.829544,42.260727,91.126053,0.991317
675,219.047928,183.154877,48.078873,105.484833,0.989820
675,108.532547,169.993607,36.597290,77.623108,0.980623
675,117.567253,179.164429,35.613319,74.731659,0.980623
675,106.988556,180.371292,34.654343,76.685562,0.924765
675,224.451111,189.624313,37.077576,86.786667,0.854058
675,110.920914,177.331406,30.941757,61.142288,0.729734
675,117.113182,170.733932,30.901375,72.294571,0.699859
675,236.307373,193.477570,41.004272,95.685272,0.627910
675,225.982407,197.264328,44.233780,96.188339,0.405898
675,119.085808,179.100464,27.384682,55.973633,0.274606
675,230.625015,197.602325,34.690292,83.039612,0.174628
675,120.211197,162.713806,37.095581,83.509567,0.079575
675,238.787537,193.828415,35.248596,74.293991,0.036040
700,80.344360,166.888840,40.545670,87.746582,0.995928
700,77.476418,181.221237,33.594917,75.070694,0.995928
700,268.057404,189.551437,49.470093,108.296005,0.994336
700,278.152771,190.164673,45.335693,99.542511,0.993119
700,83.293381,183.363098,32.689240,70.824692,0.989837
700,86.327164,172.043808,32.967346,71.590134,0.986848
700,78.633179,178.298691,30.891747,61.305664,0.794796
700,272.445740,194.576675,36.724426,85.744339,0.743691
700,281.872284,178.891449,55.293427,114.969513,0.479150
700,86.995163,179.788757,27.991570,57.066727,0.331497
700,91.967270,178.098358,33.459274,78.304749,0.143663
700,76.601059,164.319260,35.293594,77.565689,0.135065
700,279.909485,202.072342,33.982208,82.797836,0.093998
700,287.185577,203.859711,38.469666,83.818298,0.070792
700,94.932457,180.561203,27.302551,62.893127,0.059757
700,267.616119,202.846527,39.009430,88.463348,0.050227
700,299.551453,197.712265,34.132507,77.112686,0.035851
725,43.503326,150.958862,45.812218,100.333511,0.996594
725,49.493984,157.373566,38.692265,82.597870,0.996547
725,322.469543,170.656662,56.985046,124.812943,0.992610
725,44.772984,150.963348,38.087399,81.147781,0.965218
725,52.886608,143.472687,41.525974,93.385025,0.751375
725,333.144165,181.561417,40.057495,94.876328,0.718199
725,322.876617,190.047897,48.362823,100.629349,0.336043
725,51.750996,154.028717,31.749249,68.886963,0.304525
725,63.828621,173.135498,28.099167,62.589355,0.289864
725,319.968536,189.827957,36.203033,85.882492,0.203815
725,57.534874,153.455444,40.884872,91.185013,0.170752
725,48.793377,168.939102,28.470348,68.052994,0.148952
725,59.080109,171.220200,24.080994,52.339783,0.120956
725,49.875366,167.929962,40.128517,88.444458,0.107050
725,61.041134,161.386780,30.064831,68.880249,0.084891
725,334.530548,179.485504,49.965240,109.296387,0.081146
725,325.040436,204.602707,38.465454,85.790207,0.061634
725,317.975403,175.803299,48.601440,107.424728,0.041020
725,671.224243,167.113068,41.253235,87.248184,0.040830
750,16.051826,152.361725,39.965145,86.729279,0.996087
750,21.332249,156.909149,40.866207,88.842239,0.992955
750,382.411499,173.708176,64.697906,137.194443,0.991302
750,11.624766,146.867752,39.614124,83.917572,0.987318
750,11.174358,164.114182,37.512981,80.005142,0.951563
750,24.467297,150.294937,35.256481,75.232437,0.622168
750,389.834717,195.306046,43.245392,102.255081,0.514151
750,396.983490,184.461334,48.770294,112.755585,0.511982
750,19.868788,151.452301,32.280846,69.602219,0.438028
750,15.208000,141.709625,37.275337,115.013519,0.309169
750,9.383926,138.897705,52.699348,119.708252,0.282651
750,32.233059,172.740067,28.188366,62.122147,0.246741
750,22.150143,164.214432,31.431290,61.416702,0.142291
750,27.162189,171.068802,23.773151,51.661057,0.142291
750,29.481350,161.697159,30.120457,67.856186,0.125370
750,10.924382,145.307068,33.159061,69.577805,0.074239
750,387.586487,206.389343,50.355652,109.372894,0.062817
750,17.550829,170.039886,26.658457,54.403442,0.039073
750,404.993713,183.236526,46.709991,103.520950,0.036598
750,409.785095,184.397171,37.818024,86.281540,0.036598
775,515.494995,157.229919,71.537781,156.354919,0.995624
775,503.728363,142.412552,88.040985,193.218735,0.663918
775,526.130737,152.182404,59.525696,128.383606,0.638704
775,522.933533,171.374924,58.168884,133.100845,0.181466
775,514.880493,129.722092,89.074951,189.037430,0.103027
775,531.993713,158.327225,44.702698,97.585831,0.056662
775,527.036072,200.256180,49.601135,109.266251,0.040275
1375,569.690491,49.713524,134.776550,295.443634,0.045052
