25,550.970520,206.487106,31.305603,67.345322,0.992213
25,586.666199,206.308350,30.335693,66.094116,0.971074
25,593.603577,206.780624,29.551025,62.960709,0.971074
25,544.106750,201.325089,35.294373,75.770737,0.967962
25,551.300659,212.934296,33.916016,75.589447,0.955647
25,555.975830,216.174545,23.994446,51.205521,0.949058
25,558.255981,202.586929,36.149902,78.145370,0.934476
25,597.983704,211.392136,28.768677,64.686478,0.899854
25,589.457275,214.918121,23.095398,50.871765,0.788397
25,600.766968,214.441925,23.081604,48.482452,0.653362
25,554.990540,226.752151,24.620483,55.892044,0.303075
25,570.319519,210.373322,26.582886,58.214813,0.300750
25,590.129089,203.423492,37.126953,79.591095,0.289374
25,571.965149,223.718063,22.207947,50.886124,0.160324
25,584.944397,217.974777,30.064392,66.659470,0.064091
25,402.372681,216.310364,14.368134,31.280075,0.055803
25,399.964050,204.008423,17.625336,40.560760,0.055803
25,402.494080,207.673706,14.267242,30.624023,0.055803
25,542.412903,212.916519,33.544189,73.841293,0.050152
25,574.141052,217.334961,21.791443,45.610504,0.042434
25,601.230164,204.433777,23.459839,47.975632,0.034944
25,605.354919,207.018875,17.734436,39.169617,0.034944
50,510.375854,202.762604,34.300720,75.067963,0.996290
50,506.406738,197.689636,43.650513,92.177277,0.996290
50,554.451355,196.382950,39.117065,86.084732,0.986719
50,563.743408,207.391647,34.915833,72.813370,0.954909
50,516.963928,201.086670,29.352966,69.570709,0.929844
50,508.005798,214.743088,29.597595,66.751053,0.923287
50,540.919250,193.272888,45.202942,97.441681,0.890832
50,539.721130,204.614746,33.856262,73.901337,0.787757
50,513.634216,195.650681,37.938293,81.428299,0.753775
50,498.313538,192.682175,45.547424,99.548111,0.713987
50,560.300659,186.570908,45.427063,96.162674,0.689469
50,521.935730,219.291733,22.935486,48.675735,0.550051
50,555.806641,212.535919,27.903320,67.818115,0.442823
50,553.802063,209.216293,36.562073,83.825943,0.442823
50,510.365692,197.660522,28.978607,65.027069,0.365000
50,511.577698,211.438538,28.267334,56.195709,0.365000
50,501.256500,192.583649,36.655975,80.247620,0.297246
50,555.808228,204.482300,32.600708,68.265076,0.212267
50,560.239868,217.086670,22.231689,51.211334,0.212267
50,531.718079,205.546158,38.146973,81.476303,0.081517
50,538.533691,211.178268,28.873230,64.157852,0.080265
50,566.203308,210.942841,29.966003,58.896576,0.079618
50,570.924194,216.742630,23.385559,51.936996,0.079618
50,540.150696,218.743195,23.509033,51.258606,0.061187
50,566.969116,201.269394,40.493958,86.449234,0.052931
50,569.197083,196.461578,34.667542,76.937592,0.038347
50,397.013580,208.052032,18.840088,40.410797,0.034800
75,474.871643,189.183441,42.804016,91.955719,0.995851
75,530.644226,187.568314,45.308899,99.407486,0.976909
75,482.799835,204.669724,35.693634,76.123245,0.976103
75,471.363434,192.732178,38.751465,78.933441,0.877554
75,525.509644,193.203156,38.170898,85.832489,0.740793
75,403.469879,209.989212,16.206787,35.543961,0.670374
75,401.050018,202.510635,20.272491,43.299393,0.670374
75,403.335114,207.323120,14.056793,29.858734,0.670374
75,543.438171,191.495697,40.148499,92.047363,0.401776
75,534.740906,200.061005,33.709900,78.145996,0.272081
75,464.805878,199.062897,43.974274,93.652039,0.262761
75,477.462250,210.720123,28.752380,70.966980,0.173972
75,402.283875,214.159637,15.773132,35.231766,0.172172
75,552.717285,196.895569,38.484375,82.006134,0.148495
75,492.703613,186.085632,48.017090,101.816040,0.137056
75,548.456909,206.271133,33.105469,71.474197,0.133427
75,486.420593,207.575089,27.688721,55.895096,0.127057
75,489.688934,216.300446,23.889496,51.409546,0.119166
75,519.186462,207.443237,38.200134,82.738586,0.103785
75,525.017090,204.644394,31.605164,70.332962,0.102605
75,537.784058,212.041107,27.001953,68.600525,0.073388
75,478.160400,206.987061,29.384949,56.893524,0.065520
75,410.357574,213.903778,14.950714,31.421814,0.061076
75,412.663635,206.079926,13.987091,30.397263,0.061076
75,415.576416,216.270874,11.673645,26.382965,0.061076
75,526.020813,211.322021,25.197388,61.106323,0.060148
75,530.059998,225.245499,17.419067,40.870743,0.060148
75,543.182007,216.883713,21.788147,51.590225,0.050301
75,495.362030,208.189163,31.355194,67.914810,0.037761
100,408.716797,177.419647,47.854126,103.836060,0.995514
100,414.277252,170.963257,54.443451,112.762939,0.994798
100,479.186554,171.054611,53.228119,115.282425,0.993020
100,494.541229,174.378326,48.563629,109.105408,0.992199
100,503.648621,173.699005,48.978760,109.566528,0.990535
100,404.136719,186.298859,44.139954,96.763458,0.988157
100,508.701080,183.497040,39.756622,90.931885,0.892397
100,497.349426,181.307404,39.611938,90.825623,0.724955
100,473.248566,181.052826,42.919464,97.078491,0.703503
100,486.407715,181.052399,40.405273,91.846832,0.703503
100,512.087158,191.826096,40.003723,93.000656,0.496393
100,465.696930,165.326508,55.552582,116.345734,0.425734
100,387.537170,206.037811,15.956390,36.326630,0.392492
100,388.691498,211.225189,13.300079,29.540939,0.392492
100,388.779694,202.624649,13.015533,29.536652,0.355172
100,416.496979,176.833954,35.670837,86.078979,0.354357
100,422.450958,188.700867,37.765320,83.584137,0.336514
100,387.581360,198.051071,19.541534,41.025909,0.280618
100,400.334015,202.824158,14.382019,32.261734,0.239463
100,400.161407,209.535568,16.413544,35.385895,0.239463
100,400.508270,214.715012,13.472382,32.046310,0.239463
100,416.647736,194.191498,36.128845,82.585052,0.184505
100,411.032715,195.183594,31.640442,79.431854,0.154076
100,395.951294,195.313751,23.250763,51.989594,0.129304
100,482.120728,196.178650,44.416138,94.740906,0.129147
100,401.394165,189.958923,38.771790,83.377411,0.110811
100,488.721710,161.167007,58.929413,130.300583,0.100561
100,397.421692,200.442276,24.664703,56.287094,0.093578
100,487.123718,198.413559,31.653381,76.622086,0.087898
100,504.376801,197.658997,32.563873,76.364380,0.084210
100,398.576019,182.211609,34.832703,74.229584,0.078067
100,387.758301,193.124069,15.543976,33.286011,0.054775
100,388.813354,192.480133,11.767151,27.544830,0.054775
100,387.179321,187.508316,21.288574,47.279709,0.035487
125,322.742889,180.720871,54.085083,119.506882,0.996408
125,394.108704,166.315689,65.298553,140.628311,0.992253
125,425.063324,175.362213,60.760040,132.396454,0.989493
125,407.425446,172.098328,60.427887,133.189453,0.977998
125,433.546692,189.897537,44.277771,100.438553,0.948376
125,331.114868,189.588379,42.260742,97.194244,0.934195
125,382.369537,205.560074,16.931183,36.478104,0.768755
125,384.754822,206.721970,12.417664,30.388428,0.768755
125,401.727509,175.065155,52.256348,116.673645,0.724595
125,381.793335,213.415878,16.165283,35.833786,0.699369
125,383.868622,217.068314,12.938965,28.662125,0.699369
125,379.925079,206.716141,23.274261,49.829208,0.699369
125,441.237976,186.267807,42.788910,99.993698,0.630295
125,381.418030,175.647324,55.828217,114.458389,0.618127
125,337.686432,191.866394,46.633698,100.633514,0.564701
125,316.981812,192.238510,50.469727,111.490677,0.491745
125,318.453522,173.029480,69.716888,151.270966,0.475572
125,436.037384,175.631424,54.093140,119.694290,0.365794
125,393.179657,185.542618,51.738861,105.202011,0.328516
125,382.176147,221.726669,15.997620,35.747452,0.288171
125,304.329620,169.500595,70.028625,147.338577,0.229969
125,414.326965,184.229568,39.104095,92.343826,0.220969
125,326.106049,177.079407,41.067871,92.900879,0.158345
125,371.378174,178.415543,57.601990,120.903793,0.155565
125,369.769257,213.678284,17.387451,37.601791,0.104862
125,366.190918,208.341736,20.251495,45.793762,0.104862
125,363.376007,202.494019,25.119110,56.621307,0.104862
125,370.861938,216.836411,14.601227,30.150696,0.094767
125,369.991516,204.818893,17.205933,34.572784,0.094767
125,416.180939,196.271805,48.550659,107.491165,0.071631
125,381.194061,189.011017,21.468597,47.720673,0.071269
125,377.386749,207.069839,29.462189,61.035812,0.059262
125,320.644745,197.084061,33.031158,79.095047,0.042638
125,379.572662,184.743622,30.817413,65.478958,0.040542
125,382.976440,197.576752,25.424835,57.100739,0.038272
125,386.602539,152.604904,84.308167,178.763138,0.033642
150,223.389786,154.812775,70.858627,149.255585,0.997180
150,356.550262,152.862579,68.367676,144.132812,0.993574
150,305.682526,141.069412,77.260193,167.199448,0.993559
150,214.315964,162.859360,65.057663,139.789688,0.992336
150,339.394470,149.855392,72.982544,158.287155,0.990022
150,298.099426,149.710632,70.954742,152.216003,0.987678
150,328.746490,151.477127,69.398865,152.151291,0.934059
150,227.078873,165.162048,56.902298,127.484283,0.912874
150,314.272766,147.020950,59.002106,135.896988,0.631936
150,368.143097,159.037445,54.452576,121.017365,0.564028
150,207.932892,145.775604,85.201080,178.719849,0.517191
150,339.058411,114.686768,88.527588,189.764954,0.297194
150,307.411774,166.428253,57.820831,127.050385,0.277486
150,377.346588,162.993408,42.674316,101.757629,0.221222
150,353.368805,165.055573,55.257141,126.552063,0.175704
150,309.556091,109.487686,103.709198,219.379654,0.106850
150,332.248444,165.700516,54.016388,124.267868,0.093873
150,207.105652,165.579559,47.121811,101.928589,0.089407
150,357.102814,168.635635,43.971649,98.014420,0.086155
150,331.043091,155.095825,49.317108,106.221527,0.083225
150,370.037048,164.216675,41.397858,99.420715,0.081549
150,318.799561,179.160294,52.491913,116.751541,0.069368
150,240.889191,163.143936,53.594788,122.189133,0.066295
150,286.543030,108.814552,95.663544,210.306824,0.049154
175,35.913834,143.767380,87.802544,195.178146,0.998214
175,151.359421,121.625954,99.571503,216.153107,0.997836
175,247.269257,145.475922,82.889313,179.197113,0.997607
175,221.142471,136.037628,94.013901,197.953949,0.992857
175,168.714355,124.030602,100.472046,216.456482,0.988317
175,203.422653,136.704803,90.344528,195.718262,0.974431
175,384.352509,206.860672,17.010223,37.475372,0.969539
175,397.211975,206.959641,17.036743,37.143845,0.962771
175,395.977936,215.793869,17.969391,39.118500,0.936735
175,384.052307,215.694931,17.551270,38.879547,0.934687
175,51.799805,158.251846,78.043762,167.120499,0.913180
175,12.214563,199.303482,27.580774,59.179398,0.875230
175,22.954945,195.088470,30.131355,63.314301,0.796448
175,375.717285,212.591019,15.645203,34.143402,0.784588
175,374.447479,216.513077,12.450897,27.551514,0.784588
175,375.137604,205.935333,15.314392,33.574982,0.784588
175,374.060883,207.029663,12.602661,27.601044,0.784588
175,10.943864,182.890045,40.783470,86.772034,0.611805
175,13.936740,192.302628,31.392212,67.474411,0.606641
175,228.917709,114.981979,106.373642,232.950821,0.601736
175,380.272278,200.124496,24.228851,52.499039,0.561015
175,393.418488,199.366867,23.839447,52.576431,0.561015
175,26.365150,124.846191,120.136787,253.941559,0.489907
175,182.715195,94.124016,121.147812,256.354095,0.469647
175,17.072104,199.480667,23.634863,50.136856,0.412301
175,25.262623,203.476059,21.427406,47.429031,0.363185
175,29.394093,209.699661,16.670673,38.437759,0.363185
175,229.595047,150.960526,73.966476,157.889633,0.357615
175,373.289215,217.833267,16.120331,36.798767,0.345520
175,5.992006,186.669739,27.738302,85.202698,0.254405
175,40.859802,169.441498,63.685684,145.597595,0.244370
175,58.979576,175.982620,59.018059,137.261337,0.226361
175,54.860970,132.350006,99.071724,214.610779,0.204338
175,26.302923,197.520203,20.048571,44.959656,0.176098
200,34.362766,92.052315,123.671753,272.578857,0.996995
200,13.995893,95.240486,122.538391,273.565399,0.994149
200,401.253540,209.133926,16.112396,35.872528,0.992972
200,382.360626,202.602280,18.123199,39.194962,0.985137
200,384.731384,209.703781,14.731323,33.039062,0.985137
200,399.321075,208.694809,20.646271,43.941147,0.936232
200,1.000000,93.748390,95.819916,280.919495,0.914470
200,383.605194,197.743088,15.689301,35.031372,0.862916
200,400.835541,202.077179,18.840759,41.017136,0.847339
200,398.874725,196.196655,23.418182,51.129669,0.847339
200,382.353851,208.325958,19.701508,42.647995,0.793203
200,1.000000,89.439476,76.138969,245.876373,0.611538
200,380.352264,196.963135,23.061035,47.236145,0.481325
200,401.565369,217.225159,12.789459,30.618973,0.322736
200,402.005890,199.802841,13.809784,28.784149,0.318300
200,394.014038,198.191360,25.564514,56.102478,0.215745
200,386.795715,199.248322,11.504944,26.574753,0.138923
200,411.468384,203.905548,14.929260,31.989807,0.112194
200,409.912811,210.588654,16.210968,34.082352,0.112194
200,414.643799,213.220352,12.434235,28.705124,0.112194
200,50.337681,101.567192,89.301620,183.785217,0.072649
200,377.966919,203.600525,14.175995,31.202972,0.053022
200,376.997070,209.773834,14.749908,31.829514,0.053022
200,375.787537,214.055176,11.574249,26.079590,0.053022
200,379.542023,200.030945,25.995056,55.060165,0.046729
200,1.000000,65.282204,143.674698,342.753723,0.041289
200,407.326691,203.494446,19.335602,41.838715,0.035685
225,416.844208,210.179291,19.023895,41.396912,0.991968
225,415.405487,204.312820,23.712219,52.153214,0.991968
225,401.925049,213.971436,14.794678,32.017426,0.972460
225,399.699890,204.081253,18.660126,41.919205,0.972460
225,400.535217,216.524780,17.143036,38.217163,0.972460
225,397.195404,212.461105,22.221161,46.845016,0.972460
225,87.838585,197.471497,32.904495,69.218201,0.954244
225,89.689041,195.231049,27.870110,60.474213,0.824797
225,92.958023,202.638779,22.895348,49.098633,0.824797
225,425.814789,207.874405,19.706421,41.861496,0.821374
225,78.936256,183.117447,41.618256,88.375870,0.786194
225,94.583664,194.747635,27.786453,59.180634,0.631787
225,425.597198,213.944946,15.826080,34.541000,0.461415
225,420.544861,208.158218,21.232147,46.822418,0.461415
225,73.919296,189.028717,34.860313,75.573578,0.448348
225,94.349953,195.633179,32.572906,71.667908,0.393247
225,68.930222,181.590881,44.074776,95.188141,0.330637
225,62.539593,195.039536,30.385899,65.675369,0.239909
225,64.725113,200.827286,25.458862,51.006409,0.190295
225,429.204437,216.897491,13.827759,29.990082,0.172405
225,422.594513,204.340332,18.874207,41.301193,0.172405
225,427.216888,207.310577,15.110138,32.405960,0.172405
225,424.226471,204.425201,24.777344,53.175995,0.125548
225,65.194221,197.636795,20.753899,45.455261,0.121045
225,99.955574,192.213303,26.800583,59.721115,0.072333
225,89.471970,211.218536,28.240410,62.195984,0.061858
225,424.121643,214.086945,19.471832,41.639420,0.051829
225,430.133087,224.017899,13.291992,30.582016,0.043774
250,448.936462,209.552902,20.739990,44.951843,0.983377
250,450.128235,212.796295,17.163788,37.367798,0.983377
250,447.261536,202.660248,26.059784,56.629822,0.983377
250,431.002594,213.947037,15.845215,34.080872,0.957449
250,427.176331,206.219513,22.342133,47.275024,0.957449
250,431.036804,216.779144,17.609131,39.539795,0.957449
250,461.749878,211.187454,18.398834,39.698212,0.910563
250,456.610992,203.609879,24.824341,54.487869,0.910563
250,459.616669,214.988754,19.500763,42.872025,0.910563
250,156.744156,185.944946,41.515228,86.924500,0.862667
250,145.602234,178.390259,44.825363,96.385651,0.862667
250,510.113342,216.972946,15.206299,33.070602,0.766974
250,510.268860,223.008087,15.854980,34.264099,0.766974
250,150.164764,189.481308,37.142441,78.564194,0.704417
250,161.652481,190.815857,30.663422,68.265900,0.693034
250,477.278534,214.172150,14.744934,32.261719,0.607690
250,473.029663,208.540436,20.058044,43.840363,0.607690
250,132.790161,195.399216,38.944733,80.622787,0.495543
250,479.338837,209.269882,12.816193,28.068298,0.485994
250,448.910553,199.697266,18.489990,41.265671,0.424806
250,162.737732,198.702164,32.483719,70.925156,0.307511
250,136.335587,186.435806,37.524536,77.865067,0.212299
250,126.828552,196.484772,31.880554,71.257690,0.140724
250,159.346344,205.676743,22.264877,48.667572,0.130550
250,510.165588,230.319733,15.803955,36.179871,0.112877
250,153.171356,184.807083,31.006805,70.870010,0.104033
250,476.537140,216.890106,16.811615,36.744949,0.100978
250,479.644653,222.454132,13.394653,30.624573,0.100978
250,157.192429,198.281998,25.670837,50.447220,0.085264
250,508.444519,217.486404,19.259644,41.064957,0.058024
250,445.553131,210.584000,24.978729,55.534775,0.054019
250,167.647964,204.638626,24.077835,50.380157,0.043398
250,136.595032,204.985504,28.242035,63.890869,0.039158
250,509.310303,209.271515,16.919434,38.394073,0.037629
250,512.069580,211.664658,13.970703,29.866425,0.037629
275,465.044525,219.277435,16.237579,35.619583,0.995089
275,461.972626,212.187134,21.420990,46.143829,0.992627
275,464.591736,211.091965,16.906830,36.321136,0.992627
275,227.944458,185.328079,49.735107,105.787491,0.988202
275,508.261353,214.658417,17.735474,39.008636,0.976080
275,511.447754,217.501221,14.708496,31.118912,0.976080
275,505.232727,210.220581,22.978455,50.371185,0.976080
275,490.888947,210.048050,22.771027,49.883377,0.949018
275,493.043060,214.083817,18.781769,40.374451,0.949018
275,510.548950,210.693558,16.643433,35.260605,0.925154
275,211.116150,183.704849,48.919312,104.340378,0.899264
275,482.207214,214.335312,19.367584,42.490158,0.853997
275,480.693481,206.308411,26.009979,57.292206,0.853997
275,463.832764,222.806824,16.294495,37.551849,0.791515
275,212.954926,196.539474,37.440781,84.188065,0.779149
275,240.518463,189.310593,37.740875,88.391098,0.613744
275,494.315399,209.102432,16.656128,35.513931,0.545323
275,202.407928,189.423386,44.820435,98.942062,0.420116
275,229.107529,191.384323,39.030960,86.952988,0.379816
275,508.645416,222.922729,18.175262,41.868713,0.280700
275,211.707825,178.246017,59.251251,125.671494,0.277789
275,239.692184,188.524551,47.475327,101.984329,0.254727
275,492.216461,221.910522,18.866882,43.247498,0.222924
275,248.064774,191.665054,37.821793,85.837814,0.179132
275,483.069153,210.634369,15.512482,33.458160,0.176570
275,195.542114,190.507050,39.903412,88.280182,0.154674
275,215.227707,185.590714,37.118134,83.548203,0.145805
275,480.862946,224.910095,17.859009,40.409698,0.097449
275,487.777588,215.374420,27.002197,59.030853,0.095061
275,198.789627,167.164413,65.237656,137.864120,0.067883
275,190.832245,201.128494,40.399155,88.549820,0.053344
275,240.818466,175.725281,38.344833,83.971527,0.045800
275,203.662811,202.744766,29.533615,67.333267,0.041449
275,501.019104,208.221283,29.895508,64.495728,0.038182
275,230.198639,206.613647,39.113678,90.206360,0.035852
300,484.026794,198.760986,15.921295,34.642212,0.994127
300,481.947357,190.987686,18.702484,40.593063,0.994127
300,480.378693,196.295822,21.918945,46.493591,0.994127
300,508.082092,188.829498,26.581177,57.331985,0.987283
300,510.694000,194.988586,20.035858,42.269775,0.987283
300,510.240997,198.820648,22.098175,47.169586,0.987283
300,300.891296,157.136688,59.016602,126.447723,0.979164
300,289.243774,155.340118,58.710846,127.374664,0.943482
300,535.101379,191.733353,22.321411,49.292084,0.923910
300,527.776428,193.895630,21.170471,45.951172,0.882401
300,529.079529,197.197266,17.476929,37.750732,0.882401
300,536.327393,194.957993,18.151306,40.162781,0.862523
300,281.888123,161.996689,50.282471,109.484848,0.747067
300,539.406677,199.955460,16.457703,34.565536,0.691507
300,538.735168,192.875641,16.739685,34.963669,0.691507
300,510.608826,183.393158,19.248962,42.655060,0.541525
300,296.372284,143.168884,72.613434,156.535919,0.537040
300,272.484589,172.169189,47.670624,110.339325,0.327275
300,494.347076,198.870422,17.150604,36.797150,0.297148
300,492.861603,194.184784,21.016998,46.065384,0.297148
300,291.819611,164.976364,46.978577,105.369125,0.292650
300,283.074738,173.444244,39.453979,90.836548,0.222029
300,314.325989,165.108719,42.302216,100.875961,0.163533
300,277.019287,144.326599,84.932739,179.733368,0.106439
300,519.545654,194.688400,27.139709,59.546570,0.105783
300,307.754089,168.123215,39.342590,93.911880,0.105752
300,496.389496,205.745316,14.722076,33.150467,0.068435
300,493.963043,194.672485,25.729279,51.765564,0.061167
300,306.761780,187.315994,46.509857,103.824631,0.044556
300,526.647400,183.772385,24.758606,51.474380,0.041180
325,370.370667,163.100204,69.963226,149.471756,0.994230
325,566.767517,207.543671,21.369202,46.181595,0.988067
325,571.433594,211.187851,17.786011,37.061935,0.988067
325,569.835999,215.559418,20.382507,42.321716,0.988067
325,539.600220,198.855484,31.064880,67.301102,0.987453
325,541.875427,205.549042,24.672119,53.057312,0.987453
325,565.005615,202.768372,28.262512,60.022766,0.974586
325,383.234100,166.937241,62.546844,132.228165,0.970362
325,504.040619,213.432251,16.446808,36.043823,0.957742
325,501.925781,215.312592,14.690491,32.028137,0.957742
325,503.479034,208.452332,15.097809,32.991623,0.957742
325,501.881500,208.382919,13.650360,29.743622,0.957742
325,555.944580,204.835754,24.333130,53.529449,0.916211
325,559.335693,211.192963,18.185669,39.574951,0.916211
325,373.987152,148.018784,82.343506,176.647995,0.913112
325,508.466705,207.993362,15.476349,33.648117,0.884644
325,505.951935,208.989410,19.083710,41.708344,0.838483
325,542.636963,214.087280,21.752808,50.918579,0.829736
325,354.619629,160.399963,84.022278,178.137848,0.782501
325,543.227478,197.814819,20.918579,47.590210,0.733043
325,569.135925,199.966980,23.308655,50.236633,0.696615
325,359.225037,178.541199,60.934570,138.827332,0.587201
325,496.933746,211.769226,22.263824,47.579834,0.502521
325,372.405701,167.721649,55.559906,125.930389,0.396176
325,530.205750,205.317596,28.978394,60.723083,0.388186
325,551.496094,207.439682,28.107605,62.173141,0.247895
325,360.797455,194.697662,49.741455,114.089752,0.201645
325,508.799927,215.203323,17.105042,36.839493,0.197707
325,511.823181,221.406357,13.570801,30.772079,0.197707
325,370.045105,186.033798,52.640594,120.999710,0.165191
325,382.686310,183.015625,52.922089,124.556152,0.119487
325,567.401184,213.757782,25.903076,57.528503,0.107209
325,384.948334,169.211288,45.532776,102.834610,0.065569
325,579.531189,207.756302,20.097717,43.922180,0.065213
325,550.739441,194.743011,35.210571,77.541748,0.050736
325,393.934967,173.053589,44.732941,106.225769,0.040512
350,543.140259,144.195663,102.098511,219.237961,0.996325
350,635.909668,198.477051,29.026001,62.715057,0.987720
350,637.065735,194.577515,25.375183,55.311432,0.987720
350,662.727844,203.024353,21.974060,47.466721,0.982989
350,661.889832,198.239822,27.886292,58.655777,0.976172
350,664.911926,190.657089,21.840942,48.574799,0.975140
350,649.588867,190.411819,31.034973,66.398788,0.961269
350,640.800476,203.503555,17.645386,41.033936,0.955541
350,561.106201,138.344559,97.583740,202.609909,0.931004
350,653.198486,202.594025,23.983276,51.372833,0.921276
350,640.118164,206.588913,20.470459,47.745117,0.912271
350,656.204590,205.500580,18.978516,40.893311,0.846342
350,668.341248,213.098007,17.032715,40.067642,0.428861
350,543.217651,153.108551,75.650696,161.352264,0.300192
350,548.505798,115.526138,116.952820,251.132126,0.287985
350,668.975220,196.491379,16.839233,34.642075,0.273143
350,652.996948,196.931931,20.991821,50.674240,0.257958
350,559.600342,143.529755,80.990417,171.577362,0.163114
350,593.901184,163.815292,56.961060,123.211197,0.135710
350,640.085266,191.284363,20.053162,45.432297,0.122544
350,641.293213,191.035400,15.048950,39.789398,0.122544
350,516.916199,103.333138,129.003235,272.786194,0.119883
350,574.887817,169.166397,53.744629,125.912125,0.040707
350,605.718140,178.455978,43.560181,87.935287,0.040496
350,673.788696,199.537369,21.119385,46.501251,0.039172
350,561.836060,170.847214,54.271912,129.843674,0.038792
350,575.737732,143.500534,69.411743,148.022049,0.034755
350,655.816223,214.518341,17.329529,40.059311,0.033396
375,620.083618,212.349091,16.623291,36.540466,0.991887
375,617.191956,206.473587,22.363464,48.727539,0.991887
375,622.610718,218.218277,15.908447,34.649567,0.958011
375,592.539246,216.632904,14.461914,31.394272,0.821460
375,590.914734,209.984741,16.704285,36.811050,0.821460
375,592.754578,212.010071,13.839111,29.620804,0.821460
375,590.773865,216.658936,17.793335,40.511536,0.674099
375,611.372986,208.880066,20.020874,44.408920,0.300878
375,612.810486,215.793030,15.118286,33.402130,0.097729
375,611.882874,208.179199,16.194336,34.617218,0.097729
375,613.260254,209.912003,12.613281,27.396851,0.097729
400,578.546448,216.577820,16.943359,36.809998,0.995099
400,575.346130,211.620941,21.648315,46.352570,0.995099
400,669.712769,199.019653,33.021667,71.877472,0.977454
400,675.724670,209.427109,28.561157,63.948776,0.977454
400,666.669189,208.130920,30.370361,65.643433,0.970741
400,671.336304,206.847137,34.917725,75.738678,0.955717
400,531.514343,216.570358,13.980774,30.501129,0.954661
400,659.211365,207.641495,32.108093,69.827957,0.886890
400,656.177979,207.637848,26.759277,60.497894,0.812960
400,532.382629,223.121689,11.365784,26.778793,0.793510
400,575.933350,221.336517,17.073669,39.348816,0.786975
400,529.645569,215.040833,17.749939,37.191483,0.769280
400,526.965332,210.297379,22.836670,48.423080,0.769280
400,668.195557,217.920929,25.674072,58.698700,0.648551
400,657.673889,220.070221,21.076050,44.977753,0.603985
400,676.012512,194.782104,32.654541,71.110992,0.597435
400,678.266174,209.869843,23.543335,50.435974,0.286314
400,665.640076,197.935379,42.832275,92.977615,0.181103
400,657.329651,213.228287,19.774353,44.127884,0.121707
400,670.923889,203.716751,23.108826,47.284592,0.051093
400,680.506165,197.941620,27.242126,58.244537,0.050570
400,682.753357,193.818130,29.615112,86.885788,0.049747
400,661.170593,211.183060,36.076721,78.696152,0.044424
400,681.262451,220.239731,21.782837,47.246384,0.038024
425,484.215790,212.217957,18.431305,40.563919,0.996692
425,480.998962,207.320023,23.117737,49.813950,0.996692
425,642.127808,200.385864,31.839050,68.006195,0.994606
425,648.231812,210.438492,28.178894,58.907120,0.994606
425,482.479919,216.880508,17.125916,37.795029,0.990229
425,636.419617,201.463043,32.044617,68.403534,0.989195
425,485.668732,210.512970,21.356628,47.879944,0.986035
425,587.632812,193.760666,41.154114,89.525162,0.979259
425,584.608459,202.129791,32.558350,74.183563,0.970327
425,418.754730,211.825134,17.170990,37.116699,0.969235
425,416.830658,216.198181,19.500122,43.420685,0.969235
425,413.648010,204.460464,25.953461,55.365616,0.969235
425,419.153046,219.233673,14.084534,32.815094,0.859833
425,488.856049,208.728882,19.126007,40.880112,0.832736
425,595.774353,200.206467,31.888123,72.018753,0.818633
425,642.867371,209.826630,25.452026,52.079437,0.752245
425,478.619232,204.045761,22.181274,48.183792,0.696404
425,480.908295,220.862686,18.028473,40.752121,0.552501
425,593.342102,206.493439,37.210632,81.182953,0.468335
425,488.972382,216.120010,15.076233,32.291122,0.450126
425,577.779724,197.358322,32.429688,73.941971,0.447884
425,647.820312,204.802872,23.777954,49.473724,0.339334
425,599.677368,208.311295,26.322449,54.588150,0.305507
425,592.117126,217.540344,21.864990,48.533783,0.269454
425,588.896057,208.975250,27.821960,55.633636,0.263843
425,588.229492,215.390518,26.809814,63.296005,0.242595
425,654.310120,206.423798,29.365173,64.598816,0.123497
425,642.931885,204.943619,21.602112,43.696976,0.083217
425,577.695251,187.946411,46.106201,99.735748,0.072515
425,484.956360,203.328644,19.156342,42.862610,0.062795
425,490.493256,207.018890,14.967651,32.735489,0.062795
425,494.083344,208.534897,12.308685,27.667908,0.062795
425,488.011261,207.258240,23.259308,50.370087,0.059813
425,490.094391,221.503006,16.199982,34.417984,0.042705
425,602.135742,218.087311,23.668457,51.044708,0.042006
450,407.581635,213.339813,17.222076,37.974640,0.994323
450,404.936188,214.776398,15.732605,34.238281,0.994323
450,403.707611,208.435104,22.469727,47.797287,0.994323
450,397.778381,205.350769,25.409607,55.628052,0.992156
450,602.116638,204.891586,32.071716,69.223038,0.988997
450,524.722778,195.717407,39.364746,84.080597,0.986220
450,601.826050,195.909348,38.003235,84.467300,0.982081
450,519.953674,201.788971,34.961121,81.523468,0.979867
450,316.822937,213.032394,15.577789,33.633102,0.978063
450,316.930359,216.207382,17.839783,39.993973,0.978063
450,594.815735,195.474182,38.064026,82.460266,0.966609
450,599.642700,188.360352,36.962036,79.283661,0.954822
450,609.678650,210.877487,29.380493,67.575333,0.953213
450,320.341461,219.599609,12.818176,30.657700,0.920791
450,510.983643,200.653183,35.911377,81.196274,0.896836
450,410.622803,210.820755,18.637787,39.968506,0.875028
450,605.379944,209.528610,25.070007,53.722885,0.872625
450,607.259766,201.047043,30.753296,65.615463,0.858011
450,609.507874,191.779160,34.512695,76.596420,0.678659
450,596.220886,201.334488,31.138977,69.172745,0.492414
450,408.008453,219.563446,17.714478,37.043091,0.390361
450,413.127502,223.796448,13.740997,31.566925,0.390361
450,532.661438,188.911606,43.009460,89.575668,0.384230
450,410.402954,209.016739,15.612335,33.731064,0.315025
450,536.046570,214.993561,28.921509,68.133331,0.286829
450,606.481018,203.987030,37.802979,85.200714,0.200615
450,605.464172,195.310486,23.388977,53.520935,0.180555
450,527.395691,218.294998,22.724915,50.925858,0.082533
450,523.620056,209.646286,28.707520,54.988968,0.081672
450,505.892914,210.035355,37.555756,79.319534,0.074405
450,410.178070,209.709503,22.742249,48.526306,0.054062
450,536.042175,209.409668,26.859619,52.705261,0.052533
450,510.431580,208.817566,28.016846,66.365753,0.043610
475,393.368805,214.829010,18.425354,39.830383,0.995641
475,396.911285,215.779526,16.822540,35.776062,0.995641
475,392.122681,210.828217,22.321320,48.953522,0.995641
475,394.409515,207.372421,18.634644,41.508667,0.995641
475,648.375366,192.606644,43.636108,96.167984,0.994221
475,277.331879,217.166077,17.566345,38.742859,0.993266
475,275.736847,218.421570,15.607117,33.836823,0.993266
475,273.717865,212.707596,22.906342,48.739700,0.993266
475,275.962067,208.106537,18.599854,42.063736,0.993266
475,531.922791,200.700531,42.666443,93.997284,0.992655
475,539.713623,191.705521,43.215759,92.999069,0.990778
475,518.400940,197.067810,46.684998,99.213623,0.981453
475,278.877167,213.291519,21.146088,48.000534,0.976625
475,512.279480,201.270004,42.180542,91.766129,0.967887
475,396.377197,220.293304,17.351959,39.733521,0.884148
475,395.995941,208.258713,21.820374,47.345917,0.852131
475,388.612732,207.185379,22.470734,47.986679,0.852131
475,389.989410,219.434235,18.709229,37.777435,0.852131
475,389.225891,211.044556,18.351929,40.214508,0.792014
475,273.638641,221.026596,18.216827,42.009201,0.782383
475,642.375122,202.432602,40.525146,88.779404,0.729378
475,658.396057,203.549377,37.922913,90.677734,0.726191
475,270.760040,207.627609,22.732269,48.371613,0.711941
475,653.497131,190.639282,35.793579,84.365784,0.633568
475,522.149536,202.751511,35.657349,81.998184,0.527543
475,509.328125,192.914413,39.835388,86.492020,0.527543
475,554.253296,202.020203,35.741577,78.094513,0.465661
475,545.156067,189.691116,35.272400,81.058426,0.461945
475,548.141296,207.238510,35.148926,84.670486,0.294077
475,649.690613,194.052689,33.079102,77.580154,0.291368
475,391.541046,224.907455,14.129242,30.607086,0.166434
475,507.469849,207.237976,36.686768,82.443481,0.126851
475,280.891418,214.674820,16.440186,35.166809,0.100229
475,282.093781,222.434631,16.583862,34.603455,0.100229
475,533.762024,187.507217,39.450928,91.521805,0.098624
475,536.154907,211.804749,31.529053,75.414307,0.076942
475,392.979004,209.871185,16.366730,36.137390,0.047658
475,391.195374,209.477463,13.751984,28.951431,0.047658
475,635.582581,182.707626,42.978394,97.563065,0.045805
475,552.477905,216.084229,26.952026,50.852966,0.043428
500,596.036011,180.741226,57.497681,123.354691,0.996586
500,425.492218,211.827011,19.124664,41.995865,0.995191
500,420.670715,208.042770,22.281311,47.952118,0.995191
500,424.852783,203.532059,23.581696,49.856018,0.995191
500,417.234772,204.232025,26.917450,57.741608,0.995191
500,260.940796,211.897903,19.284119,41.746536,0.994476
500,263.347748,209.496490,22.086212,49.159088,0.994476
500,256.256134,211.464066,23.368958,49.308121,0.994476
500,260.672943,202.650345,22.539337,49.244492,0.993743
500,562.045593,181.358902,54.346924,116.630051,0.990028
500,571.747864,177.991806,57.358093,124.442734,0.989488
500,422.353302,213.151367,17.102844,36.559113,0.981292
500,266.848389,214.419098,16.525055,34.654694,0.974497
500,428.333954,208.474167,17.122772,37.127792,0.966017
500,259.941956,208.538315,17.644897,37.744720,0.963425
500,565.009888,194.228943,39.651184,91.915924,0.810730
500,593.773743,178.806793,50.470947,106.457733,0.746829
500,268.605682,209.276581,15.321350,32.813507,0.731181
500,576.336182,188.631149,45.276428,104.508347,0.729853
500,267.671021,219.062057,16.820679,37.282211,0.707323
500,577.519958,196.494202,37.079529,83.060883,0.586719
500,557.362854,195.237000,38.594849,87.626068,0.490407
500,617.313843,191.691559,42.961365,94.355011,0.461247
500,595.065308,197.235062,44.741638,103.151047,0.452709
500,608.485779,187.044617,38.982483,92.776093,0.447918
500,424.572968,211.595062,22.991882,52.409637,0.376659
500,579.687256,164.351929,71.000977,151.894257,0.133709
500,263.066406,193.195618,26.885590,58.725571,0.084627
500,564.403992,204.902634,44.301819,96.282364,0.065983
500,607.787231,201.217484,42.663391,102.531570,0.063312
500,415.603729,201.889587,22.749359,46.275635,0.055084
500,629.846375,210.834930,28.107910,65.240570,0.050976
500,607.364075,172.001953,43.943848,96.278656,0.048096
525,247.555267,215.958694,23.717102,50.096146,0.995409
525,250.949921,214.788055,19.365021,39.764496,0.995409
525,247.912338,204.391739,21.347672,48.968369,0.995409
525,247.774490,214.114731,19.311386,42.672226,0.992428
525,250.657501,203.550720,25.726105,55.112213,0.992428
525,483.054504,218.536835,17.322357,37.300537,0.848706
525,483.421600,226.326691,14.572662,31.501801,0.848706
525,238.425430,215.121155,26.115891,56.742767,0.567713
525,481.569397,228.493668,16.603668,37.613266,0.565219
525,480.468201,225.122009,20.320831,44.602020,0.565219
525,258.229126,210.403809,21.585571,46.277557,0.244314
525,653.188904,160.161301,65.682434,164.574661,0.154366
525,247.688782,208.945267,18.251465,37.943832,0.149044
525,245.969803,208.214005,15.711349,33.871109,0.149044
525,483.694336,236.259521,11.960236,28.717957,0.070654
525,241.771378,196.175995,37.259171,79.076233,0.052636
525,477.657623,211.743057,23.302032,49.585403,0.047940
525,252.104767,224.610092,19.004822,40.374863,0.033991
550,224.409180,209.317642,24.329529,53.161880,0.995769
550,224.572937,206.245956,21.431366,46.868698,0.995769
550,219.528503,208.258499,24.045120,51.567886,0.965228
550,563.576599,218.205261,21.994995,47.050568,0.939688
550,560.409729,215.823685,27.267639,59.105301,0.939688
550,565.816956,221.601273,23.056030,50.574753,0.930711
550,562.496582,206.758530,23.260925,53.833359,0.835616
550,229.789337,210.525009,23.317505,50.939682,0.764109
550,569.159973,217.832947,23.135620,52.402802,0.730456
550,215.813843,217.684387,21.519989,46.143280,0.520297
550,562.942078,230.044220,18.086853,40.911682,0.295045
550,227.096069,207.456345,29.431976,65.479568,0.142256
550,231.926743,215.125351,17.195938,36.447449,0.136044
550,569.611816,218.692245,18.607605,38.638168,0.090747
550,571.300232,227.843307,17.444946,37.569382,0.090747
550,219.756027,194.525848,35.196716,75.738434,0.086631
550,230.342133,195.359924,25.878571,57.642731,0.055056
550,558.649780,204.560501,36.135742,76.959122,0.050929
550,223.471176,221.974396,19.856537,43.886139,0.040081
550,562.928589,211.560776,17.714233,36.968231,0.037662
550,674.621277,206.122559,20.764526,46.433090,0.035685
550,676.460022,212.472168,16.589905,35.363022,0.035685
575,171.081375,192.751907,32.336563,69.435867,0.994184
575,174.367630,203.871750,23.083847,48.474503,0.994184
575,180.110001,200.903763,22.821686,49.174362,0.981093
575,672.061218,205.795349,26.929382,58.305786,0.960697
575,678.873962,211.037598,22.840637,47.947876,0.960697
575,670.497131,201.297256,25.639771,55.070175,0.960697
575,178.946823,202.909225,25.846237,58.918198,0.958691
575,180.356979,190.253281,27.872253,63.631897,0.863323
575,165.486938,200.531265,25.224426,56.778641,0.825858
575,170.640366,204.019028,28.582230,62.930923,0.787234
575,674.625610,214.472397,21.897034,49.050369,0.608426
575,674.452942,206.721603,19.368591,40.953995,0.538518
575,679.836975,210.739853,26.928406,61.798508,0.229377
575,670.237366,212.985748,28.922058,63.518188,0.206709
575,680.154785,219.487732,20.043701,44.435455,0.097547
575,160.474472,193.817474,25.668304,53.507950,0.096797
575,670.932007,197.373352,39.389648,83.485352,0.077772
575,178.753342,206.916153,30.095428,67.648666,0.051410
575,678.736511,204.866745,21.183472,42.889252,0.037805
575,683.728271,206.949005,16.625916,35.629868,0.037805
575,173.887482,195.293259,22.987747,49.118942,0.037077
575,175.635422,195.196075,18.936874,39.120941,0.037077
600,103.041557,179.564438,33.575737,72.236038,0.995111
600,106.806511,193.179871,27.664650,59.104416,0.995111
600,112.992760,196.752213,26.905113,56.786224,0.958888
600,110.837578,189.217178,32.123741,72.841141,0.845315
600,96.425835,190.635880,32.741066,70.907211,0.837446
600,99.547447,185.222305,26.194565,58.291016,0.679214
600,115.013557,175.457947,30.939903,70.012497,0.462967
625,8.817998,202.713089,36.328297,79.033951,0.989692
625,15.818458,208.482117,30.212166,68.478760,0.902758
625,5.853547,199.175995,29.162563,76.350128,0.812234
625,10.286178,199.083466,30.506432,66.989685,0.806791
625,4.777105,188.657471,45.278667,101.004211,0.620556
625,13.327847,208.818604,24.571697,53.468536,0.524882
625,14.355577,198.734573,36.904358,86.203964,0.327757
625,18.711512,189.938187,34.002296,78.207321,0.064685
625,4.029569,185.033768,25.802765,84.574356,0.052636
625,18.694963,199.358658,24.872057,58.002213,0.041351
775,623.153625,215.595825,16.473999,34.779449,0.828558
775,622.477234,207.402267,17.466125,37.192444,0.828558
775,618.625488,206.167084,22.500671,48.838135,0.820377
800,611.835083,216.461670,19.274353,41.219269,0.990521
800,609.443054,210.516617,24.769409,53.525436,0.990521
800,610.940491,206.569183,19.856628,43.428452,0.990521
800,615.914490,210.509613,23.608887,51.809265,0.989092
800,611.164429,223.910156,17.289062,39.681305,0.776746
800,616.510193,215.450043,17.285706,36.670898,0.477310
800,615.543701,222.184235,18.381714,38.483490,0.477310
800,619.058716,226.908859,14.789734,32.728226,0.477310
800,614.321960,204.938934,21.121582,46.974075,0.322358
800,619.527100,208.382675,16.000183,34.780609,0.322358
800,602.904724,212.931702,26.729187,57.172943,0.044796
800,613.773071,210.725616,28.865234,62.746368,0.044796
825,609.976440,196.750549,21.690063,47.938019,0.993808
825,609.407959,198.681290,18.552124,39.997940,0.993808
825,613.616943,196.286301,22.373840,49.678604,0.987134
825,605.855652,193.440414,22.523743,49.623779,0.959607
825,609.281982,184.481232,25.999207,56.219528,0.658728
825,615.624512,197.657043,18.083801,38.163803,0.116027
825,614.640869,203.583038,18.757874,39.461243,0.116027
825,620.551819,208.817322,14.572021,31.724167,0.116027
825,613.474060,192.333618,28.258484,61.236664,0.055152
825,547.997192,219.283691,11.561157,24.992798,0.046998
825,545.597229,214.836487,14.778625,33.130920,0.046998
825,546.631287,207.082108,13.589172,28.575027,0.046998
825,618.954163,193.497284,15.852539,33.762695,0.045826
825,599.489685,195.980362,22.228638,47.679367,0.037710
825,619.080383,200.860168,16.061096,33.880569,0.033258
850,623.229858,192.357285,27.692688,60.308228,0.993916
850,623.057556,207.133606,23.795410,51.021149,0.993916
850,618.562561,187.269730,27.742126,59.902054,0.980750
850,628.380127,201.391037,26.070740,57.516342,0.915365
850,629.628662,191.592499,26.353943,60.594604,0.886155
850,611.445435,191.460724,31.185059,67.286377,0.790367
850,387.518036,346.237366,47.223358,100.767822,0.502434
850,623.548950,214.234924,19.630737,46.372101,0.326327
850,387.028442,359.311646,38.033447,82.247803,0.132940
850,400.535858,356.833221,38.612061,89.948517,0.132940
850,624.295349,194.932266,19.476135,41.331070,0.100683
850,610.627808,193.637238,23.969604,50.448532,0.098665
850,628.861572,203.588821,21.807007,46.296082,0.088649
850,617.616943,207.271133,27.416260,59.712814,0.075504
850,381.681915,352.693604,37.881989,90.617828,0.045754
875,616.093018,198.249893,28.824097,63.467484,0.997024
875,615.642151,201.441071,24.036377,53.845718,0.981299
875,619.341675,194.413147,23.515503,49.557526,0.975835
875,626.507385,200.179459,23.028015,50.269455,0.953776
875,608.565247,191.675735,29.293518,63.790543,0.945641
875,608.924927,187.038345,40.089172,85.420609,0.866720
875,624.303162,202.562653,30.865967,69.559296,0.264328
875,615.233704,184.190842,29.632690,63.831238,0.146233
875,615.808472,211.232819,22.113098,49.812378,0.034478
900,588.953918,203.118652,33.412354,72.413269,0.997469
900,595.590515,205.116623,28.289001,62.426224,0.997469
900,588.199585,210.283936,26.903442,61.036743,0.996569
900,591.310425,199.102646,28.080322,63.134903,0.917125
900,589.964355,214.106552,29.131042,66.859238,0.907851
900,593.932617,209.239883,33.692688,75.267654,0.724873
900,581.801514,193.771912,32.556152,72.604828,0.189862
900,592.375305,205.370773,23.811829,49.947739,0.130350
900,582.265625,211.928879,31.948425,68.071426,0.124514
925,553.900757,194.114700,36.260925,77.710251,0.997475
925,553.381042,183.346222,33.699890,73.096222,0.996564
925,558.237427,185.876236,35.546448,78.953506,0.996173
925,561.818665,184.140808,28.966675,69.078018,0.941088
925,561.495239,176.328354,37.693115,84.468430,0.856739
925,551.012573,192.933502,27.430786,63.929657,0.587480
925,559.407776,195.867676,25.324951,55.188477,0.568687
925,548.961487,187.728256,34.912354,75.896133,0.181065
925,548.036682,182.581665,32.659424,67.570511,0.066766
925,565.278564,195.203247,24.970337,50.501877,0.066649
925,566.967468,179.804184,30.132507,66.686905,0.062513
950,505.223572,182.727951,46.475403,101.756454,0.998020
950,513.552734,177.746750,49.847168,104.786545,0.997204
950,502.314026,191.718155,40.313965,90.161575,0.978150
950,514.591003,196.251999,37.362671,80.676193,0.891253
950,512.348145,175.912842,40.316833,87.668213,0.434173
950,505.726013,176.543640,40.250305,90.899567,0.203068
950,507.984436,191.931961,33.184692,63.769257,0.073333
950,520.614746,184.265320,34.915771,77.199493,0.048698
975,419.858643,166.996735,53.716034,117.166473,0.996881
975,427.609741,173.239746,42.492126,99.374054,0.787258
975,416.470612,187.899277,44.417633,99.885025,0.483924
975,405.701904,150.352722,68.213867,147.768494,0.117727
975,436.732788,175.295135,43.421936,98.304932,0.084420
975,410.210480,139.922028,79.476929,162.310333,0.045478
975,423.640137,203.678131,36.980774,82.536865,0.038477
975,427.518494,187.054230,48.340240,106.108368,0.038477
1000,237.502136,155.451675,78.381714,170.004044,0.997083
1000,229.415451,143.385895,98.923996,209.417786,0.745239
1000,249.275162,164.429749,60.961197,143.907837,0.625559
1000,257.382019,227.738220,44.562256,92.963348,0.061846
1175,479.146362,224.550644,26.661011,57.309402,0.960818
1175,484.457977,226.335098,24.016174,51.554520,0.960818
1175,476.704224,218.511917,26.910431,56.768112,0.960818
1175,480.961884,234.100174,21.820557,50.206772,0.770741
1175,475.203552,229.887009,26.022095,56.676590,0.425557
1175,482.320435,223.261780,20.860870,43.181641,0.410340
1175,477.199982,213.635727,33.627106,74.006516,0.249438
1175,484.290466,224.314453,28.990845,64.781006,0.134890
1175,487.315063,239.926788,20.264862,46.790619,0.071997
1175,489.870575,227.781982,18.576599,38.377441,0.059687
1175,488.576630,236.700989,18.563446,40.386688,0.059687
1175,486.071381,209.399734,29.325958,64.185440,0.052900
1175,472.587189,225.341141,22.374329,48.954788,0.038025
1175,470.597565,218.047577,29.825745,63.414520,0.037054
1200,320.225067,227.569321,25.188354,55.068954,0.986404
1200,314.938171,217.718719,29.878174,63.894226,0.980370
1200,318.157043,217.710541,32.562408,71.890442,0.980370
1200,324.619720,225.926224,22.429169,51.554398,0.866039
1200,314.253510,228.182297,26.453094,57.583054,0.841881
1200,312.850739,202.930725,40.895874,88.335175,0.586474
1200,319.761902,220.969376,21.130768,45.908432,0.443497
1200,311.608490,223.882584,24.437714,54.978775,0.187548
1200,325.952240,240.005280,21.295715,48.761444,0.096155
1200,327.752075,226.812820,19.603943,41.682236,0.043638
1200,328.708923,240.471680,18.166779,38.040985,0.043638
1225,248.504852,213.605347,33.188477,72.529327,0.989424
1225,245.825348,203.198807,41.084564,88.051315,0.989424
1225,256.058289,217.308640,30.282196,64.683731,0.989424
1225,253.761536,213.310608,37.382660,80.650421,0.932609
1225,253.664017,226.442062,26.309708,54.546738,0.694432
1225,245.145157,223.167755,26.833481,58.204132,0.534587
1225,239.935074,223.099091,32.368515,69.918793,0.384189
1225,253.015366,204.948700,26.885483,63.921906,0.186147
1225,259.929779,206.194473,32.708588,73.167130,0.171220
1225,262.803253,225.231079,22.364288,47.637421,0.116334
1225,261.131592,235.877899,24.368774,55.712036,0.061898
1225,259.957886,222.824020,28.769775,65.062210,0.054297
1250,258.330414,210.153046,37.605957,81.036041,0.986448
1250,265.732300,209.681946,40.563293,87.595825,0.981844
1250,254.798706,216.290237,33.408508,71.703720,0.969112
1250,249.665512,202.085938,42.837692,94.102966,0.851937
1250,266.744690,211.565186,33.129120,73.795197,0.845208
1250,267.757263,223.640579,23.974396,51.843155,0.508977
1250,263.712006,228.758698,27.223450,63.624664,0.320042
1250,263.846252,203.094330,29.589661,73.210815,0.126610
1250,265.286987,213.123917,27.295288,55.063309,0.044133
1250,252.086700,230.258286,33.095337,71.755966,0.042081
1275,299.069122,211.326950,46.673096,101.636276,0.995614
1275,297.047180,212.913559,39.503052,88.663620,0.989569
1275,304.135132,224.810883,36.854279,76.843781,0.874489
1275,303.379944,206.986755,36.756256,86.203796,0.356002
1275,298.230621,225.311218,33.150848,81.540161,0.346968
1275,297.261871,219.341476,34.677216,68.408951,0.101002
1275,288.618256,219.749451,40.638641,88.744446,0.072341
1275,288.800171,207.346985,51.243042,108.811554,0.048558
1275,295.659546,242.687698,34.318787,75.435898,0.039853
1300,401.081543,216.461273,53.273193,116.757843,0.996735
1300,396.383972,217.263290,46.875519,103.931778,0.995295
1300,391.075623,229.153992,45.872925,100.338531,0.685094
1300,405.993774,223.036560,39.751495,91.854797,0.573495
1300,403.275909,246.345764,39.069794,87.638885,0.118545
1300,393.269287,249.667267,39.044586,83.757965,0.082078
1300,400.911041,234.647308,36.178711,83.385895,0.063402
1300,384.825897,213.264374,47.169617,106.741211,0.055164
1325,623.297363,186.269257,72.006592,155.457092,0.997407
1325,616.403320,199.357681,65.109375,140.126450,0.996617
1325,626.176392,190.048401,59.939941,128.309387,0.813217
1325,624.433533,207.974960,50.087036,113.753555,0.732456
1325,622.730042,228.309174,50.421509,109.576752,0.268784
1325,615.266418,200.793091,52.447083,111.805298,0.225608
1325,637.977966,208.011597,40.882385,98.628296,0.150130
1325,615.027405,218.218628,44.928772,103.279785,0.131015
1325,628.757935,196.725525,45.817078,99.549591,0.060508
1550,557.986511,166.045456,70.105713,148.212265,0.451338
1550,562.791443,189.226929,56.056824,121.598602,0.205651
1550,554.815186,131.956116,83.068542,179.719299,0.060612
1550,565.843262,192.581589,42.744263,95.860031,0.047459
1550,553.859619,172.611435,58.407776,128.444504,0.045663
1925,149.497192,135.411743,23.701965,52.365616,0.985834
1925,153.391068,134.895889,25.807953,57.060501,0.982587
1925,148.030487,135.277573,28.890656,62.636429,0.982587
1925,143.439697,129.233337,28.660172,62.819122,0.925118
1925,155.324203,128.149063,29.370438,64.882156,0.492046
1925,146.185776,119.857903,40.585144,84.846901,0.414772
1925,158.496277,139.021103,28.397491,61.981110,0.213030
1925,163.218460,138.746201,18.760605,42.213501,0.163338
1925,161.013809,123.823586,27.120789,62.808571,0.098091
1925,156.733536,131.312851,19.564102,40.295135,0.041776
1950,361.934296,217.570709,33.262054,72.223877,0.993863
1950,360.773895,204.405121,40.923584,90.324310,0.991234
1950,356.284088,213.621933,33.782654,73.799545,0.988530
1950,368.364349,222.822357,34.184998,71.033966,0.806823
1950,366.227753,225.204300,24.679932,52.274704,0.794587
1950,363.485443,230.226334,27.485321,64.128220,0.574270
1950,370.674652,221.146759,27.954468,60.231689,0.183391
1950,376.785583,229.129410,21.259094,44.418716,0.183391
1950,363.549561,206.938705,26.790710,62.448105,0.166508
1950,372.853790,208.898361,31.664337,69.457565,0.098582
1975,375.424927,207.986679,43.585938,94.184952,0.996320
1975,385.191803,221.309219,37.538513,78.860153,0.949035
1975,373.444458,204.810760,39.611176,82.610626,0.835392
1975,386.158966,205.067245,37.235596,80.805130,0.835392
1975,369.357941,220.569138,38.974182,83.896103,0.585527
1975,381.046478,205.462341,49.038300,102.089203,0.362211
1975,393.830475,217.071213,32.601044,72.704544,0.270000
1975,378.327148,225.867722,30.968018,74.769363,0.207194
1975,369.315430,202.406570,53.546265,115.522385,0.170954
1975,380.879425,224.777832,28.751648,55.442047,0.126687
1975,389.847229,223.615204,28.315521,55.719727,0.088487
1975,394.071930,234.195877,23.791382,51.546188,0.046728
2000,278.864868,192.338287,54.205292,116.578888,0.995908
2000,289.682648,190.023590,55.236938,119.928528,0.994687
2000,292.614868,197.937073,42.833923,102.479523,0.601539
2000,291.086823,189.627319,40.872986,87.337860,0.461448
2000,274.476807,200.184357,42.846832,91.659668,0.165448
2000,278.279205,209.907059,45.043365,94.126450,0.132853
2000,277.806946,177.193970,67.466370,145.540497,0.125284
2000,688.648560,265.845642,12.013245,26.049042,0.046483
2000,280.471497,190.514420,41.781189,93.858810,0.042842
2025,190.946655,167.805328,63.148102,136.779449,0.996381
2025,179.161575,165.083618,63.612091,137.244354,0.958162
2025,199.694519,179.722321,50.629654,115.775208,0.845937
2025,193.510803,174.038864,48.951462,116.143753,0.507909
2025,415.154205,251.538452,19.488739,42.038208,0.484036
2025,413.897919,237.092773,21.066315,48.550751,0.484036
2025,185.449356,144.186768,78.448227,167.262665,0.475075
2025,413.142548,251.207520,24.074127,52.771027,0.425426
2025,175.745041,163.511139,78.623901,162.998810,0.392023
2025,204.997528,176.027664,42.153915,101.067703,0.304895
2025,411.763977,240.862778,25.094391,52.969528,0.149892
2025,187.150345,179.362106,40.400650,92.439560,0.120243
2025,218.624130,251.927231,23.583740,52.915939,0.084538
2025,218.845612,263.205139,23.258057,53.494324,0.084538
2025,214.689255,235.607635,33.038330,73.475677,0.063140
2025,200.639191,227.885651,38.098984,83.159698,0.063140
2025,415.832275,260.522919,18.237183,38.620087,0.047544
2025,418.315857,266.478790,13.842499,32.504395,0.047544
2025,194.856842,199.409927,50.375488,110.676163,0.038347
2050,55.428005,130.069077,96.038330,207.078049,0.997653
2050,282.403931,233.664230,38.604065,82.766220,0.985303
2050,280.343231,243.046341,34.281860,76.497360,0.985303
2050,290.608856,245.335922,34.289917,75.607864,0.985303
2050,63.582268,135.527725,78.883034,165.496323,0.923778
2050,94.720146,228.084335,45.811638,99.259109,0.707135
2050,291.310181,236.693314,31.076477,70.184494,0.661882
2050,51.349525,141.392685,71.760506,161.562302,0.523674
2050,73.135162,151.193710,75.911942,161.447617,0.509301
2050,75.784683,141.604721,58.815933,139.125565,0.474614
2050,286.855621,247.827530,27.264893,55.246964,0.434905
2050,67.916016,156.027496,54.629143,127.382416,0.350554
2050,83.223328,229.039215,49.962509,104.852692,0.341765
2050,33.740681,127.600960,118.499481,252.097931,0.244308
2050,88.175102,199.868591,57.295006,129.211151,0.234156
2050,72.331520,232.334885,47.699814,100.770493,0.213018
2050,294.385895,244.247086,24.835419,51.360123,0.176165
2050,57.381752,163.788193,48.554047,114.269241,0.161107
2050,77.985016,154.117432,50.298248,112.971130,0.124567
2050,74.143105,255.549942,33.164574,76.010147,0.113146
2050,105.021606,226.280350,40.309448,88.084610,0.104001
2050,64.452675,256.528229,31.888916,70.273346,0.101912
2050,69.351120,156.433868,45.735733,104.337555,0.092495
2050,276.253601,245.173004,30.004944,66.705841,0.087577
2050,278.498627,235.280685,33.236053,70.095840,0.087577
2050,75.950485,249.538635,25.407898,60.534058,0.075950
2050,79.470116,258.445648,20.927185,46.083405,0.075950
2050,65.665253,242.344757,35.540985,80.743378,0.055431
2050,80.674171,164.211838,57.215126,135.055862,0.052592
2050,55.741825,176.298218,40.130459,85.990051,0.052227
2050,75.083252,236.120377,29.508911,71.865280,0.045927
2075,158.069427,224.322495,51.640076,112.280777,0.993164
2075,153.969940,229.442932,46.643936,100.709167,0.993164
2075,416.723175,266.726593,27.815552,58.990967,0.878186
2075,166.657135,229.582245,41.710480,93.280579,0.870368
2075,423.778412,273.053467,25.112549,51.749878,0.749914
2075,376.238159,270.062500,32.171844,68.453278,0.675235
2075,370.709717,269.255035,29.148895,63.848755,0.675235
2075,378.696075,277.687195,22.984680,50.144287,0.594142
2075,411.885345,271.633209,31.261139,67.336243,0.402581
2075,168.962891,235.595337,45.496719,102.632812,0.370882
2075,420.836853,268.937561,31.107697,69.138092,0.238105
2075,368.075195,277.343903,30.995544,66.810577,0.236241
2075,387.386627,276.460602,26.873108,59.287323,0.217631
2075,417.751770,256.236145,36.176575,77.552887,0.134586
2075,420.394592,275.746002,18.222565,39.572327,0.133851
2075,425.562836,266.328491,22.290955,47.267456,0.125290
2075,144.369308,231.382874,41.003067,89.814514,0.119509
2075,150.759735,218.688568,63.597076,135.968628,0.109267
2075,425.670715,257.940277,27.759705,61.357605,0.084951
2075,412.281219,258.441315,28.638702,60.319122,0.084951
2075,173.047287,218.284576,41.935699,94.414764,0.074758
2075,165.253845,242.922119,34.732101,82.270508,0.071066
2075,377.002655,285.936737,25.338409,53.614563,0.066768
2075,381.823883,293.661469,18.905914,43.852600,0.066768
2075,434.315857,271.484253,21.036072,47.835815,0.053786
2075,429.776672,267.249634,26.523590,57.062073,0.053786
2075,434.600250,276.640686,23.954437,50.280304,0.040479
2100,403.606720,261.635498,51.267181,108.455719,0.996554
2100,406.264374,271.746521,40.962982,89.838715,0.995325
2100,412.834137,256.222321,53.846588,117.150513,0.994220
2100,451.052277,258.470551,46.676788,100.481323,0.994127
2100,98.569374,210.774445,57.109352,122.430115,0.993510
2100,416.983276,271.681976,41.354004,94.726135,0.991193
2100,428.799591,254.479874,50.212036,109.879349,0.990694
2100,460.238495,254.381699,41.280304,90.477005,0.981925
2100,443.161652,250.559113,48.258759,103.143494,0.975419
2100,93.333023,195.068436,72.590118,155.209946,0.906923
2100,400.670776,275.368134,34.632477,80.156006,0.905496
2100,455.100037,265.361053,33.959351,82.439667,0.819837
2100,105.348763,203.946075,52.335899,111.403931,0.606762
2100,468.545807,274.706970,31.233368,75.454102,0.485752
2100,464.543365,257.507202,32.530731,77.375336,0.445187
2100,94.008881,199.539429,85.478134,179.979370,0.298182
2100,107.770142,226.306458,51.951859,115.306335,0.202403
2100,111.745163,211.029266,52.582092,115.280579,0.198586
2100,118.734337,216.609894,41.247276,97.570618,0.198586
2100,434.700684,263.514709,37.094604,84.343689,0.149287
2100,420.593811,281.716309,32.978394,76.363342,0.142831
2100,469.519714,279.054840,28.350983,56.031708,0.075816
2100,442.997620,280.556793,26.198364,57.152832,0.057728
2100,446.917389,290.605408,19.544250,46.025818,0.057728
2100,410.609741,277.955414,32.348480,66.009766,0.048788
2100,414.195984,290.049591,22.198364,51.333557,0.048788
2100,459.624939,278.536316,29.733734,57.378845,0.043894
2125,541.979797,262.416412,61.139404,134.160217,0.995705
2125,505.979004,269.131561,59.245178,123.573212,0.991940
2125,522.188721,264.585236,59.566650,128.903107,0.990510
2125,555.261414,254.690506,66.918884,138.958603,0.990390
2125,65.894669,185.642242,81.710098,177.681885,0.985223
2125,563.316345,268.864624,52.798828,120.907593,0.745323
2125,502.013031,276.137756,46.236542,105.509125,0.701608
2125,516.951538,280.014343,37.835449,92.930725,0.701608
2125,555.061768,263.930817,51.092957,118.988983,0.571028
2125,545.881836,270.345154,48.076904,107.052490,0.567988
2125,517.444031,287.763519,44.710571,103.416779,0.480444
2125,525.601868,276.926117,43.646423,97.011871,0.416388
2125,77.933800,199.734177,60.504494,140.814926,0.289696
2125,562.181824,271.236359,40.157410,100.034149,0.235895
2125,542.245972,245.085526,83.251282,166.842880,0.206040
2125,59.564613,172.698578,99.658226,218.703430,0.088647
2125,44.811302,186.306091,101.831230,216.440704,0.085724
2125,80.508606,206.414047,49.916733,115.248581,0.066888
2125,499.014709,279.984619,38.539490,82.520355,0.041665
2150,600.677979,252.132263,73.084229,161.448120,0.994064
2150,611.931641,264.098724,75.043335,160.330566,0.989435
2150,624.768250,252.232925,79.522583,172.049759,0.970840
2150,607.252563,265.978485,57.663757,135.724426,0.735251
2150,617.090271,273.028534,55.511108,132.251465,0.415793
2150,644.184631,256.794586,65.632019,137.985443,0.182020
2150,631.630859,261.929565,65.657471,137.241699,0.128071
2150,636.430237,283.704010,51.510803,120.646454,0.102462
2150,651.296143,225.439392,62.565063,207.232422,0.086385
2150,582.757874,245.843719,86.932739,185.498871,0.057711
2150,618.091675,279.838593,46.200073,108.449402,0.055542
2150,589.122559,237.131271,101.208679,208.710159,0.039693
2150,652.525208,294.081421,48.140137,110.817535,0.039132
2150,599.692139,276.985840,42.929688,98.472229,0.037685
2150,655.543701,261.068665,47.546448,107.708008,0.035013
2175,664.547607,271.076904,55.452393,199.263458,0.049924
2200,564.631775,198.819305,114.744385,252.980682,0.996707
2200,584.788757,188.397766,116.809937,263.111084,0.575515
2200,645.586304,294.606354,62.076721,131.033234,0.300427
2200,636.627563,217.232651,77.237976,234.240036,0.247716
2200,656.075745,304.195862,46.697205,107.740601,0.232933
2200,571.484375,215.146530,89.405151,183.499100,0.194169
2200,544.879700,160.883698,145.977051,310.249420,0.192677
2200,586.756348,236.782272,84.054382,178.341751,0.054380
2225,438.505890,45.139927,193.717072,428.493591,0.996476
2225,269.226654,81.073112,167.792084,368.304382,0.994872
2225,390.561951,48.679966,205.808533,441.712952,0.989273
2225,306.419495,80.638092,174.912781,379.628174,0.977013
2225,343.113983,49.659832,203.270905,441.030243,0.941983
2225,462.137207,148.311157,143.612732,319.609711,0.597831
2225,258.082336,152.875916,142.013275,310.398407,0.297248
2225,290.127319,88.233353,110.150818,244.030899,0.262651
2225,337.111206,114.531715,169.140045,373.614868,0.187900
2225,476.701874,64.571678,178.571686,394.798096,0.158210
2225,398.533081,132.731308,154.335815,339.636414,0.101597
2225,412.144714,44.502651,170.807922,351.786743,0.085030
2225,301.960480,134.268143,79.468079,167.375870,0.076551
2225,426.485901,143.166321,156.687317,349.594849,0.061394
2225,312.290253,244.957611,70.751312,151.736481,0.048377
2225,460.833496,233.936554,71.996155,149.914764,0.040593
2225,457.973511,117.247780,72.557007,148.346771,0.037376
2225,298.015320,270.757690,73.343353,159.770386,0.037250
2225,472.171478,114.628174,75.512177,153.822510,0.034090
2350,659.534851,225.648132,50.442871,112.198975,0.991917
2350,649.690063,205.852295,66.970520,144.210510,0.224859
2350,665.975647,234.754562,41.108459,89.994217,0.165484
2350,652.572693,234.032333,39.895325,90.712723,0.165484
2350,664.827576,253.612427,41.275085,89.640930,0.084933
2350,678.508728,221.683563,38.653931,119.655853,0.078264
2350,666.355164,181.423508,46.884216,176.546188,0.075829
2350,653.044006,236.910553,47.871277,105.405518,0.036778
2375,419.492188,206.864166,54.732605,115.308624,0.991674
2375,431.188751,214.574341,44.713959,104.775604,0.549898
2375,424.850983,232.886185,43.408844,93.988663,0.119583
2375,435.140045,206.432739,51.197327,107.418274,0.091152
2375,410.730988,194.617401,69.634460,145.615753,0.087957
2375,416.721527,187.832428,78.900513,165.907410,0.051574
2375,417.429443,212.060638,44.236328,98.364807,0.037926
2400,168.716217,164.253204,92.337891,195.387573,0.997791
2400,186.466064,170.762939,80.483490,173.788635,0.995925
2400,180.406525,184.699432,70.635284,155.501160,0.865154
2400,159.148834,128.998550,110.376373,243.486099,0.350310
2400,198.416458,185.812622,57.523773,137.383209,0.224791
2400,21.378223,57.845306,13.838364,29.991226,0.105506
2400,194.794800,208.818832,58.246826,129.709549,0.058676
2400,207.646423,262.389282,44.159805,94.428436,0.056224
2400,195.968918,237.276764,57.457352,116.830536,0.053980
2400,209.195374,178.724792,61.351837,130.134613,0.041940
2400,21.937830,54.996082,11.803679,26.510242,0.040798
2400,199.389191,261.847656,45.228149,96.676056,0.039578
2400,215.418243,205.380402,50.993622,118.764923,0.036974
2400,166.954071,166.404922,116.318176,243.074265,0.036044
2450,507.799927,201.622665,26.388794,57.212296,0.974825
2450,509.857269,207.444214,20.848846,44.936859,0.974825
2450,527.259216,202.772308,26.294922,57.264893,0.960134
2450,529.108582,209.019089,20.052124,43.779831,0.960134
2450,528.068298,213.516769,22.868347,48.841385,0.960134
2450,535.045105,207.149780,22.596130,48.270752,0.922221
2450,536.219055,210.015350,18.691284,39.625076,0.894152
2450,532.629700,210.333008,23.144836,51.715302,0.894152
2450,530.152832,206.797256,17.521423,37.835938,0.802874
2450,504.554749,203.183136,23.354126,51.708420,0.413027
2450,639.469299,262.057800,20.526184,44.869873,0.391677
2450,641.270569,266.348480,16.530945,35.785980,0.391677
2450,636.344727,256.946716,25.782593,55.187805,0.391677
2450,521.833069,195.736298,29.210083,63.437439,0.353437
2450,520.609253,205.062027,28.889282,63.680313,0.262421
2450,641.579956,271.347870,17.182800,37.489441,0.248203
2450,539.691895,219.274323,16.422607,36.383499,0.230904
2450,534.044006,192.531693,27.456848,61.381821,0.222550
2450,501.150269,210.311157,21.275513,46.707397,0.154525
2450,532.914124,208.674973,29.265564,65.918564,0.142035
2450,520.775024,189.833145,36.922119,80.574448,0.136256
2450,640.926575,255.799545,15.879944,34.563492,0.132018
2450,506.161713,194.753220,35.373199,74.324478,0.119021
2450,630.155945,256.432770,21.154114,47.067413,0.098201
2450,639.099792,252.186432,20.074036,46.046997,0.080811
2450,536.381226,222.568024,20.075073,46.036285,0.036143
2475,596.933533,156.223328,39.641418,82.995193,0.993287
2475,605.129395,158.432846,40.293030,87.708801,0.992059
2475,575.791504,154.823196,43.621216,94.182693,0.991087
2475,568.599731,156.982071,42.918091,92.320786,0.989979
2475,346.955261,153.998566,30.708069,66.922165,0.987854
2475,335.888672,156.619995,28.024872,60.737015,0.987854
2475,349.872070,154.395264,34.465820,74.372559,0.986601
2475,588.198608,155.073135,47.361633,100.913971,0.985492
2475,352.081848,166.999985,21.340607,44.402222,0.963526
2475,335.770294,164.619370,21.986420,47.057571,0.958619
2475,349.099609,172.299988,24.881714,57.421265,0.914449
2475,566.754639,171.814468,39.670288,85.365128,0.864378
2475,334.140137,156.904678,34.274933,72.360687,0.784489
2475,598.613892,171.256744,33.888123,73.661667,0.714461
2475,486.200897,180.052505,34.424774,74.703934,0.682720
2475,566.642761,140.269867,54.677917,111.831146,0.642982
2475,486.251221,164.153000,39.350403,85.118698,0.634171
2475,356.125092,160.865234,23.553558,50.856964,0.624470
2475,360.668304,166.164246,19.075348,39.291336,0.624470
2475,353.908600,151.298462,24.609100,56.465790,0.624470
2475,341.647980,160.050415,34.725708,77.264481,0.602243
2475,582.091797,174.628494,32.011047,71.668030,0.590954
2475,484.013184,178.752792,31.094055,66.432037,0.520301
2475,489.611542,164.930527,31.502899,69.323959,0.467607
2475,619.491394,169.158081,30.754883,67.445587,0.402820
2475,596.780518,152.478653,50.090515,102.943680,0.385109
2475,564.900513,168.892380,33.129028,74.085602,0.363045
2475,573.169678,182.851135,28.470886,55.799896,0.323736
2475,356.319275,147.241623,30.383911,67.362747,0.321142
2475,351.304108,158.861313,20.824982,44.210846,0.260161
2475,614.186890,172.944290,29.308044,57.199570,0.249255
2475,354.160492,170.353546,26.109253,60.028992,0.213866
2475,482.217804,187.085358,31.265900,67.572586,0.206741
2475,329.780090,162.118011,34.751007,76.139206,0.202032
2475,488.342834,191.614990,26.860291,60.627411,0.168597
2475,498.162231,178.254684,29.236023,66.748398,0.154599
2475,489.657898,190.241272,32.590271,70.814514,0.138762
2500,545.399231,146.266846,43.105347,91.941116,0.994449
2500,562.062012,141.901077,45.230347,97.636795,0.993516
2500,565.231873,152.281570,37.536194,81.386703,0.993516
2500,576.440369,145.164749,43.268066,92.762329,0.993113
2500,278.812164,147.022171,31.762390,68.539154,0.990082
2500,584.138550,149.383438,41.123535,89.316498,0.988851
2500,289.710358,146.816299,31.633057,68.680984,0.988378
2500,285.283966,143.011429,39.083771,85.469727,0.988378
2500,271.829865,143.707062,41.411377,88.242050,0.981767
2500,591.511475,152.991837,33.540833,74.349442,0.959704
2500,535.453369,147.367905,38.791077,85.917160,0.953383
2500,272.143860,148.060043,30.157867,64.432922,0.948611
2500,535.164185,109.487144,17.231812,39.625465,0.880232
2500,533.392639,118.627098,14.672241,32.903008,0.880232
2500,533.185486,110.414162,14.895325,31.755089,0.880232
2500,630.560669,119.730667,21.888062,47.470764,0.877128
2500,585.797119,137.937378,48.705688,103.690277,0.862574
2500,541.134827,138.750366,51.993713,109.798172,0.843310
2500,634.817749,120.935432,18.263672,39.772591,0.830536
2500,633.789734,112.904984,24.464600,52.528412,0.830321
2500,626.041565,115.730415,23.697388,49.531761,0.830321
2500,623.330200,110.302757,28.178467,60.477760,0.830321
2500,538.549561,165.837524,33.682251,73.738434,0.810251
2500,629.556824,117.755775,18.732605,39.121803,0.809196
2500,629.033875,125.635376,19.577759,41.760818,0.809196
2500,628.671204,130.612213,16.107178,34.144302,0.809196
2500,585.680481,160.505356,32.690308,77.850327,0.723643
2500,293.433563,138.433456,28.477448,65.726761,0.678373
2500,636.531982,128.384811,17.030334,36.345703,0.651442
2500,274.841064,155.728302,24.935699,51.481567,0.618369
2500,551.536743,159.385818,34.874268,80.369080,0.617362
2500,567.584167,165.525635,29.152466,70.199097,0.429029
2500,285.184875,158.566376,21.838867,48.174393,0.350829
2500,633.060425,131.043915,20.506592,45.936630,0.346610
2500,529.000671,161.516479,40.553955,84.692825,0.272329
2500,532.475159,128.138275,53.800598,114.342209,0.248284
2500,296.804321,149.426010,23.942017,50.428329,0.227329
2500,541.370789,112.643120,16.915588,36.801979,0.222288
2525,558.230652,135.062759,49.863281,107.936432,0.996846
2525,526.730652,143.452057,45.403809,96.494553,0.995525
2525,218.202652,147.080521,39.298935,84.100082,0.993814
2525,546.964233,137.303543,49.163147,105.748581,0.993807
2525,241.618439,148.849670,39.900360,85.509842,0.993066
2525,226.184906,146.928070,38.281311,82.720993,0.992201
2525,533.966187,153.765320,40.944336,91.308670,0.976094
2525,608.573547,109.104301,26.339600,57.793556,0.976093
2525,566.067871,131.748978,50.198975,107.849152,0.973411
2525,214.327240,152.538620,36.470505,82.660431,0.972085
2525,614.583557,106.357681,28.209961,61.043442,0.969437
2525,618.838379,112.655136,21.457214,46.092361,0.969437
2525,246.723434,149.165909,32.087936,69.782761,0.968073
2525,630.768738,109.270615,26.284119,56.720901,0.956793
2525,635.107483,115.092537,20.274048,43.210106,0.956793
2525,632.646851,104.336342,22.895264,51.628349,0.956793
2525,505.090118,107.368462,22.794220,50.562996,0.856491
2525,508.280426,117.037865,18.541290,40.469429,0.856491
2525,508.876831,109.210640,17.863281,38.874840,0.856491
2525,498.439484,110.348267,23.124603,50.535233,0.849366
2525,544.277405,154.745407,39.850891,88.158447,0.828387
2525,612.655273,113.501648,23.001587,48.282669,0.791112
2525,613.242004,117.471474,17.939575,37.889061,0.791112
2525,252.337433,161.252914,23.373810,51.344391,0.764995
2525,484.708740,107.932869,49.376343,107.881020,0.764761
2525,248.342209,161.184616,30.902695,72.619385,0.717654
2525,521.784119,152.117188,38.732361,87.766953,0.708283
2525,250.538223,153.763077,32.162125,71.803040,0.672046
2525,502.991638,106.917358,19.150024,43.660095,0.633389
2525,500.951324,118.803879,16.806549,37.448364,0.633389
2525,501.563782,109.084763,15.759277,33.809418,0.633389
2525,605.071472,114.288033,30.575134,62.766853,0.621704
2525,531.185364,156.888977,35.145996,81.920914,0.607534
2525,580.013306,133.354675,50.226562,104.752991,0.606464
2525,567.164368,156.416504,35.023621,83.674683,0.591093
2525,222.565109,159.934921,27.576355,54.832260,0.586455
2525,232.851776,159.080109,32.502563,76.215363,0.479281
2525,254.913925,140.159775,34.220932,78.304321,0.435379
2525,250.977158,144.942703,24.325729,56.465820,0.431869
2525,220.170517,164.495071,28.337418,67.800812,0.421698
2550,183.633530,152.203888,41.393082,87.871628,0.996911
2550,138.713547,149.008286,47.867783,103.812164,0.996902
2550,512.114929,143.626266,55.153015,119.235062,0.995488
2550,147.107788,161.369705,41.895615,92.293915,0.995449
2550,466.865906,120.732086,20.038605,43.566864,0.994951
2550,466.854553,128.344559,17.880829,39.478989,0.994951
2550,521.346008,135.601990,59.520142,130.812012,0.994320
2550,527.808411,146.899307,48.015564,107.908249,0.994320
2550,534.595276,131.919937,62.709473,135.411209,0.993766
2550,541.776306,144.222626,50.319153,112.125671,0.993766
2550,548.747498,139.811310,57.553101,123.721741,0.991784
2550,139.186462,161.473160,36.813797,81.163406,0.991409
2550,172.106232,145.802536,50.579636,109.212936,0.990182
2550,157.475494,146.412460,47.274490,101.107376,0.988653
2550,155.605743,138.434814,57.089081,121.378082,0.988653
2550,564.270752,122.914917,61.832581,132.589310,0.982414
2550,479.544464,122.419701,18.431671,40.839684,0.967076
2550,513.145752,162.207382,45.501282,99.238602,0.947214
2550,138.056381,143.955994,58.752060,122.288513,0.939321
2550,466.314148,124.794014,22.931763,49.942558,0.926323
2550,544.391663,121.840096,72.499695,153.947754,0.911211
2550,154.285141,164.681168,39.908325,84.922028,0.885334
2550,508.143097,144.072723,47.603668,104.425140,0.863417
2550,569.632812,145.946915,47.631287,102.000107,0.854367
2550,187.229446,154.329056,43.061829,103.139389,0.845458
2550,479.230621,127.958168,19.566467,42.794350,0.815977
2550,478.065125,117.213478,24.179871,52.028618,0.815977
2550,467.758179,135.859543,15.138519,34.435303,0.718004
2550,559.340698,147.697449,46.601318,102.848541,0.696580
2550,547.657654,150.153214,39.572693,92.948563,0.562369
2550,479.772003,125.947151,26.347931,54.993645,0.557600
2550,607.102661,122.919289,25.397156,54.018425,0.482885
2550,609.453613,128.842300,19.899658,42.574463,0.482885
2550,612.047363,117.948891,31.327942,67.273003,0.419689
2550,616.411377,123.684372,24.949829,54.054230,0.419689
2575,98.329971,134.574875,63.447662,137.274307,0.995521
2575,505.446259,134.883743,63.941681,137.487778,0.995276
2575,41.955795,143.339005,59.189819,125.985336,0.995012
2575,518.198303,130.919876,64.108704,140.750137,0.994158
2575,577.717590,122.623253,65.321655,142.561005,0.993994
2575,563.763184,114.264519,72.831787,158.272217,0.993475
2575,535.515808,126.656891,67.875427,146.819855,0.991496
2575,105.772789,148.834763,47.812950,109.606857,0.984822
2575,436.308197,122.609108,23.551605,51.208092,0.984350
2575,90.173920,148.296997,59.520996,121.941772,0.980796
2575,547.503418,134.430069,65.614746,140.028854,0.975705
2575,77.827049,133.971603,63.478416,129.583420,0.969768
2575,443.716705,118.545982,25.905518,56.407173,0.968569
2575,459.057159,123.175415,19.580414,42.779037,0.967296
2575,457.746155,131.323334,18.893158,44.426605,0.964487
2575,436.836609,131.118591,19.251038,41.222778,0.884464
2575,436.621582,122.735847,18.586426,39.855202,0.884464
2575,512.452942,149.721161,45.830627,102.064346,0.854080
2575,442.930115,130.405899,20.091187,43.565964,0.851160
2575,461.195862,117.889923,17.277222,39.413437,0.818008
2575,575.418579,98.425392,79.024780,169.968781,0.812562
2575,453.029572,118.027161,25.115204,54.886963,0.802328
2575,626.145142,119.311157,31.794312,67.917389,0.797140
2575,52.728233,150.408463,44.894302,104.156433,0.793502
2575,440.612244,120.371056,23.884705,51.176369,0.731108
2575,527.218140,106.130219,83.742432,181.128082,0.722681
2575,617.844849,116.816666,34.581665,74.103653,0.719153
2575,622.695984,127.344429,22.880188,48.091972,0.719153
2575,589.453369,158.500473,45.465515,100.542923,0.694989
2575,33.111572,121.831535,81.520920,170.318848,0.682502
2575,573.317383,124.220749,57.209656,128.136841,0.677550
2575,431.355682,115.447342,26.559357,58.101227,0.660760
2600,410.805023,127.012833,25.237671,55.492279,0.995224
2600,413.617096,131.603745,19.989471,43.359482,0.995224
2600,577.846313,121.289139,80.454407,175.338150,0.995202
2600,520.012756,135.366592,70.724915,153.166031,0.994877
2600,1.000000,121.999443,52.879601,180.105164,0.993233
2600,557.604858,131.155762,76.787170,167.872406,0.991887
2600,538.775085,128.469543,78.370789,167.459229,0.984506
2600,433.436768,129.837616,22.494507,48.868149,0.982834
2600,434.446777,135.524109,16.806000,35.817535,0.982834
2600,437.112152,123.873657,25.587219,56.316559,0.973552
2600,597.560913,138.130798,68.673828,149.082703,0.971051
2600,604.169067,153.127182,56.716797,124.246017,0.942065
2600,504.289337,126.737740,29.886444,65.824242,0.914254
2600,507.514862,131.550110,24.732513,51.397156,0.914254
2600,524.437256,115.893593,86.018860,187.599701,0.878586
2600,502.601807,138.643387,30.426941,67.705887,0.864272
2600,501.637939,137.532578,27.378418,56.111862,0.829256
2600,513.192322,132.967422,57.517517,126.397232,0.800071
2600,497.043732,126.708916,44.153778,92.592918,0.749378
2600,413.571686,119.190063,20.183319,44.808426,0.738461
2600,441.731415,132.072403,18.065460,37.988144,0.698097
2600,415.215057,124.038597,25.696716,54.101555,0.673351
2600,508.571716,124.019249,71.380981,149.877838,0.659300
2600,510.104523,126.565018,19.527313,42.057434,0.623325
2600,495.968872,122.955780,29.884644,65.193130,0.569403
2600,529.707825,151.530411,44.669189,99.416977,0.525427
2600,427.379120,127.653473,24.717804,53.207031,0.506003
2600,526.636719,162.247162,54.033508,117.037140,0.442635
2600,432.936981,118.125244,19.460693,43.457565,0.384595
2625,587.926208,107.220657,90.603088,192.849228,0.996792
2625,424.154236,120.169998,27.621582,58.351837,0.994778
2625,570.047974,113.389702,88.372253,190.814026,0.993100
2625,613.063782,96.449509,95.326111,207.710312,0.992795
2625,512.899597,116.587013,22.248291,48.886650,0.992000
2625,514.682617,124.875130,16.823914,36.862785,0.992000
2625,399.739624,120.160629,25.607666,53.813705,0.988804
2625,426.973846,121.711906,22.558563,47.640663,0.987911
2625,513.933899,115.518951,16.463806,36.737457,0.987438
2625,397.309235,111.722099,27.191254,56.258766,0.975214
2625,636.618042,105.360954,63.602661,200.150909,0.953547
2625,408.357819,120.796463,26.274017,56.236542,0.933058
2625,522.366455,124.601242,30.765991,67.496140,0.888868
2625,534.713074,123.978172,25.377747,57.653862,0.888868
2625,529.972656,118.148125,33.470947,75.952095,0.779929
2625,511.316223,120.013924,25.782898,57.451180,0.674043
2625,565.478577,94.519707,130.066101,235.493530,0.631950
2625,409.627045,113.303062,26.032776,53.684654,0.563058
2625,412.579437,123.700241,20.612823,46.471283,0.546536
2625,540.185974,134.947983,17.625000,39.909409,0.469659
2625,515.324402,127.369301,18.482544,44.882500,0.453063
2625,399.808197,121.402824,31.543304,68.580635,0.377449
2625,510.494537,114.827354,32.246674,70.259880,0.353851
2625,391.993042,120.397560,24.031952,53.379707,0.290895
2625,527.017578,127.491219,22.348450,48.221550,0.275784
2625,397.133362,125.067474,27.194885,59.677200,0.266548
2625,421.718384,111.281105,33.007416,72.291298,0.265748
2625,403.497894,112.429291,33.441040,73.614395,0.250767
2625,522.121948,117.458305,28.259521,62.000389,0.240784
2625,431.653564,114.476479,26.936188,58.780540,0.239780
2625,536.796265,141.555954,21.755920,45.374435,0.200090
2625,541.031921,146.532623,16.574158,37.167984,0.200090
2625,543.566895,98.028297,95.985107,208.073273,0.192409
2625,414.834473,133.627380,17.046051,36.500458,0.183138
2625,431.077026,117.894447,16.774017,34.669456,0.162080
2625,412.209564,114.364357,19.815613,44.747704,0.159054
2625,587.519348,145.723206,54.496277,129.575836,0.157354
2625,620.191650,133.008301,75.732239,163.030151,0.154061
2625,592.895691,122.675140,70.082153,151.814606,0.140189
2625,572.655396,156.268494,69.319336,149.053986,0.137930
2625,625.391052,104.002731,67.931519,146.890732,0.107527
2625,530.889954,137.382645,20.670471,45.395340,0.101549
2650,634.598816,129.043716,30.730408,69.247345,0.994292
2650,409.016357,124.762039,28.463501,61.945190,0.991797
2650,402.674896,125.209343,29.309845,63.248970,0.991797
2650,438.669312,128.193588,25.317383,55.528625,0.989430
2650,525.178162,132.088318,15.385315,33.380676,0.987905
2650,523.557983,125.053596,17.500366,38.191231,0.987905
2650,527.765808,127.342529,13.843933,30.025375,0.987905
2650,643.673828,120.017593,32.224915,70.826355,0.978564
2650,431.951202,122.515572,29.304169,64.869270,0.977604
2650,397.639435,129.809662,29.007019,62.307526,0.975866
2650,636.387024,128.101562,26.609253,55.895142,0.965149
2650,636.664062,138.297562,25.308655,57.222534,0.965149
2650,434.145355,135.471863,20.926392,43.248764,0.959381
2650,433.162079,123.957878,24.011139,51.890953,0.959381
2650,410.306946,134.929092,21.571716,45.009430,0.951408
2650,440.735596,134.000259,20.436737,41.257828,0.881194
2650,569.032715,126.910004,28.410217,59.868317,0.873396
2650,577.304260,125.649345,26.406738,57.920876,0.873396
2650,625.797180,110.810036,40.417542,84.198952,0.868329
2650,659.745056,111.079803,37.698669,84.238815,0.855094
2650,575.126831,139.889877,24.590454,54.861603,0.780841
2650,576.128479,140.337952,20.550720,43.953247,0.780841
2650,629.508728,119.143318,30.345276,66.245338,0.779244
2650,625.502014,130.615219,30.432495,64.492233,0.678663
2650,578.542236,132.946838,29.656860,65.396301,0.658146
2650,664.558228,121.789841,28.521057,62.082474,0.639027
2650,637.595642,113.850563,24.238770,55.063988,0.566701
2650,405.878479,133.457062,22.010406,46.755722,0.554746
2650,403.496918,138.359390,25.474640,58.252991,0.466010
2650,580.749634,135.589340,21.456665,48.862167,0.461676
2650,652.582458,132.122818,22.493225,48.137299,0.445182
2650,574.863464,129.733307,22.517273,48.579605,0.415598
2650,425.799194,118.573784,30.473999,62.424187,0.390239
2650,433.009735,127.782906,20.037933,42.179176,0.375022
2650,650.766846,125.726631,26.723206,60.083366,0.331145
2650,666.093079,117.216568,33.415344,71.726089,0.276320
2650,674.197205,130.744064,25.964294,58.575531,0.276320
2650,573.718689,117.402222,35.864197,81.496124,0.274157
2650,404.616516,140.702530,20.461365,44.328598,0.264230
2650,668.551392,126.028259,36.134399,76.952072,0.255525
2650,634.447937,116.141342,32.475403,67.800949,0.238631
2675,667.382080,130.506134,34.597717,74.965942,0.984528
2675,671.771545,135.072830,35.040100,76.271561,0.984528
2675,426.303955,140.135727,29.309174,63.953766,0.980859
2675,393.933868,138.712677,33.959473,72.916519,0.978385
2675,401.283020,134.585007,36.890717,79.819550,0.978385
2675,431.284668,132.483246,32.052582,68.704330,0.978008
2675,437.177307,138.363022,28.314026,61.536804,0.973550
2675,431.152405,142.608475,27.043518,56.768585,0.900503
2675,614.909302,133.829773,30.073853,64.370148,0.845006
2675,616.183105,147.491577,25.595825,54.906891,0.845006
2675,609.360046,136.750366,32.926025,71.108109,0.845006
2675,398.381409,144.695541,27.799103,57.588989,0.694167
2675,607.471619,145.295883,29.410522,64.054504,0.632196
2675,519.863525,146.995224,16.889221,36.836426,0.518754
2675,517.928650,150.111710,14.456787,31.160156,0.518754
2675,519.432922,142.138550,15.908936,34.742889,0.518754
2675,517.992310,142.744568,13.917603,30.084457,0.518754
2675,439.278320,145.312225,21.566559,45.969208,0.458381
2675,662.580505,134.007248,33.417542,70.426422,0.439193
2675,525.735107,150.377396,13.596802,29.097305,0.425052
2675,524.453918,143.616440,14.127075,30.189560,0.425052
2675,670.883423,146.322449,26.325745,55.023178,0.420792
2675,612.634766,148.658325,23.555115,52.243774,0.414290
2675,431.418274,137.791336,23.975372,49.683670,0.331153
2675,388.839508,143.170227,33.112640,71.605209,0.319886
2675,611.664001,124.434349,36.858826,82.470436,0.273168
2675,424.953827,127.017166,40.292603,85.702652,0.271520
2675,675.118103,127.886650,34.391479,74.538155,0.261458
2675,387.331635,133.084930,31.992249,70.680176,0.197395
2675,515.778687,148.373611,20.209045,43.995926,0.185020
2675,689.401794,129.331970,24.877747,74.048996,0.167983
2675,406.108246,144.554230,30.011353,67.528427,0.164536
2675,681.150146,144.274078,22.160889,46.885712,0.141589
2675,619.125732,138.115417,22.185974,45.071121,0.124656
2675,405.880432,137.336929,26.347961,57.996368,0.115398
2675,521.311401,142.770569,17.258057,37.143707,0.114634
2675,522.608154,150.982788,16.838318,36.639633,0.114634
2675,618.757202,156.481720,20.857727,45.462524,0.078208
2675,397.776184,114.276962,45.010986,96.720016,0.072285
2675,661.789185,135.381485,27.212585,60.119431,0.067100
2700,461.260590,153.285690,19.370026,42.336029,0.996865
2700,333.796265,141.567825,36.688049,79.044418,0.988901
2700,366.527863,141.893234,35.090363,76.061295,0.987717
2700,463.532166,149.718994,16.680725,37.856598,0.987132
2700,644.949585,143.203812,36.869751,78.058167,0.986876
2700,639.739380,149.158340,33.025757,70.781540,0.978189
2700,373.735992,143.981567,27.749420,60.105148,0.974897
2700,340.964111,145.822021,37.113464,82.193848,0.966866
2700,655.853821,136.504974,39.296936,84.275330,0.950143
2700,668.247986,136.638687,38.725525,83.947968,0.884064
2700,340.280487,152.525314,31.215485,68.475983,0.744782
2700,464.771271,165.509628,13.652008,33.411453,0.697218
2700,648.175171,147.227966,30.589417,63.024323,0.672790
2700,652.318359,154.073410,23.886780,52.736847,0.672790
2700,357.300476,138.764023,36.574554,82.419693,0.671125
2700,364.191284,152.337296,28.622559,64.135757,0.609777
2700,664.193237,154.445419,30.532288,70.996994,0.463900
2700,367.501099,146.293732,28.672760,60.361984,0.416312
2700,455.440094,154.114273,20.472931,41.946686,0.388643
2700,347.083221,158.162521,22.373779,49.619537,0.356294
2700,332.111267,150.720016,32.274353,72.505508,0.343478
2700,336.791046,149.177643,30.990967,63.885910,0.236841
2700,338.232605,157.862259,22.371674,49.924652,0.236841
2700,361.065857,132.162720,34.778839,75.060547,0.200743
2700,368.592346,149.368668,22.127869,47.248306,0.162743
2700,341.324280,138.472412,29.424896,67.050049,0.135106
2700,666.286499,147.951233,29.559509,64.873108,0.125202
2700,670.833313,159.470123,21.059265,46.364685,0.125202
2700,343.399414,162.661972,28.624268,65.301849,0.103492
2700,660.675293,128.802261,37.463745,80.284302,0.092401
2700,675.118042,138.528412,31.642639,68.586929,0.076859
2700,648.728149,161.152008,29.221985,66.974854,0.070037
2700,665.894775,139.485794,27.770691,61.874069,0.069880
2700,672.805542,152.690201,36.263733,78.028473,0.067644
2700,328.349457,123.958870,49.240509,107.712608,0.066067
2700,335.213867,165.996170,27.840515,64.545303,0.064846
2700,632.942505,123.905342,46.492859,100.356468,0.060698
2725,628.191040,167.436066,41.775146,89.468628,0.994062
2725,240.165451,168.909286,38.637772,84.519211,0.993904
2725,565.802368,171.372101,39.477478,85.117371,0.993348
2725,230.795685,166.398087,39.718536,86.085617,0.988714
2725,617.501343,170.962738,40.393005,86.499390,0.987993
2725,203.317078,167.232071,44.149017,95.551529,0.986966
2725,354.831848,184.929016,19.438446,42.116150,0.983748
2725,576.288147,170.768768,39.677734,88.475372,0.978752
2725,357.458405,183.391541,20.705414,45.129868,0.970398
2725,353.123962,185.694092,24.189606,52.761993,0.970398
2725,596.461975,164.954742,44.471619,97.640594,0.951107
2725,359.758087,186.228226,25.231476,52.997421,0.947203
2725,637.817444,179.883270,32.941711,73.595840,0.921839
2725,196.600266,164.349548,43.889435,91.909607,0.904324
2725,558.065491,164.063934,42.497559,96.211914,0.798340
2725,244.801636,165.977249,31.873657,72.785034,0.790502
2725,561.446716,172.728149,35.022644,75.277023,0.723139
2725,358.045715,193.455917,21.170013,47.570755,0.715458
2725,362.925323,187.537460,16.778839,35.349045,0.679989
2725,599.404724,180.315552,31.723694,73.728760,0.620700
2725,632.971680,170.121796,30.127686,65.584473,0.564327
2725,202.786240,179.847305,32.977356,77.908310,0.446048
2725,246.270782,178.455353,27.243256,53.246704,0.436379
2725,355.215668,198.307358,15.971771,36.864975,0.377745
2725,362.978790,183.595230,21.364258,46.108307,0.355465
2725,249.545502,185.750977,23.552399,51.714401,0.300717
2725,631.862549,174.667114,34.986755,73.942780,0.283837
2725,637.502930,186.922211,23.930664,53.599152,0.283837
2725,583.089539,179.961868,35.457397,78.288467,0.271123
2725,639.393921,168.369537,33.544006,71.411209,0.262203
2750,556.179749,179.771835,44.276489,95.544662,0.996064
2750,560.599731,170.478424,48.962830,106.056030,0.996064
2750,242.508636,196.412323,19.561890,42.334869,0.995545
2750,243.292435,189.050980,21.239578,47.178299,0.995545
2750,15.123500,156.542908,56.842754,123.450714,0.995269
2750,480.512573,175.790482,47.017761,100.877609,0.995258
2750,483.769379,184.687210,38.527374,84.253342,0.995258
2750,70.230934,163.956543,49.659348,108.577911,0.994020
2750,507.416138,171.987793,50.173889,106.428375,0.993643
2750,244.797379,195.167130,22.968216,49.484619,0.993603
2750,552.158264,182.213669,38.285522,84.362015,0.992774
2750,492.000031,169.989563,51.987640,110.961670,0.991280
2750,60.751381,155.952011,61.865997,131.514969,0.985116
2750,246.960068,188.205505,24.032120,51.157135,0.973788
2750,16.958687,175.244812,46.468273,104.510956,0.960788
2750,496.330200,184.727768,37.773743,85.628647,0.932142
2750,527.128479,179.788849,41.007568,87.641724,0.924479
2750,517.603577,185.859589,36.454834,83.296356,0.902012
2750,239.136948,193.305588,24.973343,54.972885,0.890982
2750,63.897820,172.389557,44.943268,102.963257,0.868371
2750,248.270767,198.670273,18.004898,38.295303,0.860277
2750,475.413239,179.264709,37.539642,85.906769,0.761457
2750,564.807312,182.605270,38.605652,85.177658,0.711879
2750,544.491821,177.082855,52.402527,113.518890,0.697407
2750,10.792841,173.198868,42.938744,96.514206,0.610643
2750,44.023197,158.084869,58.192745,122.867523,0.595871
2750,13.714850,146.439331,68.569916,147.914551,0.593318
2750,526.479065,174.797852,53.807678,117.814117,0.586452
2750,562.427307,192.607910,35.054138,81.766205,0.573205
2750,23.608057,169.318008,43.902985,98.255844,0.511348
2750,58.787701,172.043701,42.605389,94.266296,0.476509
2750,12.052065,141.035156,46.450989,166.802887,0.454795
2750,486.694916,196.965271,31.425201,75.156311,0.356234
2775,527.174683,173.223511,49.858459,108.437531,0.997036
2775,152.473129,178.587082,29.098785,63.286011,0.996319
2775,155.055511,193.531586,24.974060,52.827621,0.996319
2775,439.507690,166.894928,53.797729,115.518951,0.995387
2775,483.721039,166.385727,51.701813,113.351059,0.994402
2775,513.447815,159.516708,56.009949,120.546127,0.991609
2775,441.232910,178.322540,41.435822,91.961151,0.989024
2775,497.022644,166.996521,53.535522,114.769043,0.973953
2775,150.047485,184.604858,23.733215,52.985580,0.966742
2775,462.755402,163.381058,51.432526,111.316208,0.953320
2775,158.997101,187.025253,24.980347,54.090134,0.730529
2775,520.067566,172.023285,44.940491,99.336151,0.657714
2775,497.963348,176.848648,38.470367,87.339462,0.541990
2775,164.481720,189.762009,23.081253,52.269669,0.421134
2775,538.750366,180.614487,39.540161,90.373672,0.208898
2775,531.239685,201.603836,39.938904,86.402786,0.203526
2775,430.478546,177.993317,45.843872,95.673065,0.202323
2775,162.603302,174.319687,27.112595,61.306458,0.188611
2775,144.208725,167.759323,40.441895,86.567490,0.150722
2775,473.000061,148.102402,68.191895,148.965805,0.140641
2775,488.484924,169.181580,37.954163,88.206787,0.104336
2775,456.677521,145.032501,67.581146,148.700256,0.102650
2775,534.403931,162.769058,37.620483,82.218933,0.099291
2775,533.622803,187.537476,36.353882,83.485901,0.085020
2775,451.579956,188.645737,32.953033,77.010818,0.073857
2775,167.435730,180.074188,23.088486,49.928833,0.070373
2775,156.621521,181.302750,22.974182,48.454849,0.038443
2775,158.501236,180.694336,18.663559,38.179794,0.038443
2775,497.615723,159.922028,39.328369,89.059616,0.038216
2800,528.920410,158.165848,60.462524,128.054550,0.996960
2800,424.936951,161.014877,58.539825,125.017654,0.995425
2800,477.208099,158.653397,63.073090,138.366562,0.995255
2800,465.629150,159.130539,62.221130,136.373886,0.995255
2800,522.981018,171.083908,56.566040,124.549911,0.994637
2800,81.076218,184.334518,29.648987,64.326904,0.991424
2800,75.811844,180.026108,29.955437,64.842270,0.991027
2800,441.604614,163.868759,57.013275,123.369095,0.967222
2800,513.273743,159.840576,60.450256,129.577667,0.948379
2800,535.671570,168.420837,61.265625,126.640839,0.941361
2800,490.540527,176.919373,47.479248,106.079926,0.805582
2800,540.070374,176.031052,42.432861,98.528000,0.631262
2800,430.610779,180.787933,49.020233,108.215332,0.607739
2800,85.048599,177.593979,28.650047,64.241821,0.554815
2800,79.568954,196.088715,22.536331,50.455811,0.538317
2800,70.944099,185.413452,26.005768,59.057602,0.494350
2800,417.993317,167.138062,51.597290,119.062592,0.479945
2800,478.582367,181.797119,51.574005,112.268890,0.476429
2800,433.926544,171.314362,40.057251,96.267609,0.278836
2800,512.136353,154.677811,72.681763,157.961563,0.277514
2800,433.260437,155.002365,71.067749,154.763779,0.243176
2800,482.003387,158.564362,51.354889,111.320282,0.225005
2800,84.211189,185.852264,24.935341,52.883575,0.211315
2800,65.824036,168.874329,33.489159,73.812607,0.201231
2800,468.804413,177.110657,44.162384,97.234833,0.190524
2800,520.442017,186.435150,49.187683,108.689514,0.165501
2800,441.381622,172.242874,45.075714,100.295059,0.144358
2825,548.634094,153.850342,75.112122,158.141266,0.997744
2825,539.930969,170.699265,68.839783,146.915512,0.996077
2825,482.622131,156.619019,71.570862,155.615753,0.995372
2825,417.923340,155.746719,68.177338,147.384140,0.993967
2825,452.494354,152.119644,73.351898,158.268692,0.985660
2825,499.778595,157.910629,70.859222,151.544479,0.968305
2825,552.159668,176.326492,53.969849,122.144974,0.944010
2825,434.910889,157.113052,69.288330,150.723648,0.933593
2825,468.192230,132.440475,85.751373,189.686050,0.773180
2825,427.836304,181.155594,51.682678,112.718094,0.609577
2825,418.865540,165.945404,56.055969,124.370758,0.604520
2825,506.516693,166.636780,48.281952,110.054901,0.523634
2825,494.507416,180.705841,53.306610,116.742157,0.488133
2825,464.432281,164.215927,49.249176,108.104080,0.453761
2825,533.530579,172.351364,60.064331,131.126938,0.435262
2825,473.186493,163.307632,66.894623,143.853775,0.386373
2825,460.960480,171.741684,60.227875,131.587662,0.328229
2825,536.830017,189.113327,49.025208,108.385971,0.266467
2825,522.945557,154.342773,79.932007,172.575745,0.218082
2825,1.295946,174.641205,30.240290,90.542267,0.188881
2825,446.544312,164.021683,48.890961,110.724777,0.173301
2825,509.080322,187.784210,47.485718,108.469757,0.158005
2825,481.037354,186.557587,50.229919,112.226288,0.145701
2825,481.492767,161.518906,54.265778,116.166916,0.142899
2825,546.516968,193.934662,53.672485,116.032990,0.135084
2825,421.189056,171.909531,44.738007,100.673691,0.089613
2825,559.779541,174.230255,43.189209,103.622314,0.086983
2825,431.850403,176.010834,42.044342,96.539490,0.078193
2825,428.879089,129.462509,86.940247,189.714981,0.065921
2850,572.587891,154.208145,80.372925,170.730850,0.997509
2850,426.244904,148.621994,77.140228,167.980148,0.995232
2850,495.418762,155.902832,79.979492,171.889771,0.994389
2850,557.961609,148.946915,83.380737,184.347855,0.994134
2850,441.896484,153.624100,77.372864,167.810165,0.991262
2850,519.415161,146.525009,86.439209,185.154709,0.991004
2850,468.668823,154.938980,82.617065,174.161301,0.982696
2850,482.628357,148.232376,81.580017,174.307480,0.945442
2850,480.958862,157.456665,68.673889,144.555511,0.886489
2850,515.427185,164.104050,72.507141,155.681961,0.822703
2850,576.690918,166.531448,61.009277,141.495285,0.674709
2850,564.939575,173.169876,65.898010,142.923141,0.556470
2850,436.026917,155.185837,59.153015,137.878189,0.457771
2850,422.174561,171.451447,67.990112,150.307129,0.433787
2850,487.377563,163.061951,49.285950,112.010956,0.388135
2850,524.743896,172.463394,56.925232,129.362411,0.358896
2850,577.286682,193.832443,55.060120,122.744461,0.313936
2850,441.095795,129.953751,92.329437,202.002792,0.244684
2850,436.117981,200.467438,51.756531,111.444092,0.202689
2850,474.139008,125.673958,104.196259,221.973541,0.200250
2850,408.035767,135.196625,92.343536,193.151031,0.146622
2850,577.949707,171.553818,50.614380,113.898087,0.137094
2850,433.444824,166.187271,51.065857,117.538010,0.121062
2850,585.212280,158.061356,60.638489,129.665176,0.107348
2850,479.621216,183.354843,63.601379,137.731339,0.083113
2850,539.831970,126.718567,96.995422,213.267181,0.080747
2875,445.744263,130.578537,95.815491,209.946762,0.997922
2875,524.746887,128.733368,102.286316,221.931244,0.997101
2875,546.992004,126.820427,104.267578,226.900391,0.996011
2875,631.318787,135.268402,88.681213,211.894073,0.995434
2875,599.275024,138.475861,97.424744,207.570801,0.985743
2875,565.240295,137.653625,100.919434,218.475952,0.970166
2875,490.673798,140.234085,97.909332,213.436142,0.954629
2875,458.971375,128.122375,111.019287,239.780884,0.657429
2875,450.653503,163.190765,74.573181,167.193665,0.316842
2875,654.431152,131.388840,59.962708,210.450790,0.250707
2875,581.839050,220.942749,61.555664,130.078033,0.194971
2875,648.586731,228.092453,57.847168,123.416245,0.185771
2875,634.811584,151.165665,73.131226,151.562485,0.128134
2875,530.478943,140.439499,81.545227,171.067245,0.091470
2875,427.448761,115.190826,116.818695,246.953217,0.087097
2875,455.353271,138.847244,79.409302,171.360367,0.081243
2875,471.193085,178.478668,58.794403,133.246277,0.078168
2875,525.448486,102.920097,120.954712,267.982086,0.077482
2875,590.800720,226.054001,47.596313,112.151901,0.070429
2875,570.776733,141.822311,82.039307,173.524643,0.068563
2875,533.821045,176.654816,73.093445,160.584930,0.066652
2875,470.831177,148.627960,58.660339,137.679443,0.055823
2875,639.938416,191.338257,71.381836,153.316986,0.049990
2875,576.004272,189.697250,71.819702,152.075180,0.047659
2875,658.045105,243.836960,42.710999,100.788071,0.042921
2900,580.742859,110.980309,117.686462,257.248077,0.998201
2900,604.868042,119.336754,83.550781,250.523773,0.890948
2900,590.076111,127.639862,91.540100,189.793701,0.290941
2900,571.635437,203.381119,24.402893,50.825302,0.245812
2900,574.913513,210.614960,18.145325,40.372589,0.245812
2900,567.933350,202.162582,30.914001,67.700394,0.188351
2900,619.818237,104.656754,78.162781,257.516052,0.101217
2900,573.418945,189.659149,30.502808,63.535461,0.092051
2900,564.024048,198.523041,30.050964,65.596924,0.092051
2900,563.486938,192.047745,27.417603,56.975769,0.092051
2900,575.534241,201.797638,19.518372,41.608261,0.076175
2900,567.492004,188.436417,37.481689,82.642349,0.037906
2925,619.372131,193.501266,32.776672,71.267960,0.927278
2925,622.784119,205.483231,23.887756,51.642502,0.927278
2925,627.102539,195.065979,27.924133,61.266541,0.807947
2925,622.267700,216.109421,23.242004,53.031631,0.556920
2925,620.437805,193.559982,26.391357,57.616745,0.368390
2925,614.669067,199.278076,25.400085,56.449371,0.240197
2925,612.723938,207.307541,26.993835,57.470901,0.143392
2925,630.045349,207.264877,24.948242,52.733963,0.095490
2925,632.320251,189.545120,26.777161,59.916199,0.088813
2925,633.696228,211.788116,18.594055,40.304764,0.044728
2950,644.366821,198.107407,29.213989,64.497604,0.975792
2950,640.949707,201.428284,27.019958,57.824738,0.975792
2950,648.962646,195.049088,24.354492,55.495010,0.975792
2950,646.146606,186.881256,30.869080,66.642868,0.815637
2950,636.849731,187.712570,29.880066,65.987762,0.815637
2950,647.934143,204.808777,22.360168,46.991226,0.716699
2950,643.981689,205.705063,22.136536,46.829620,0.708942
2950,650.809631,197.632645,20.226196,43.707504,0.331285
2950,642.531982,197.029953,23.345703,48.336777,0.307950
2950,638.667480,182.584030,37.810608,81.152939,0.175543
2950,643.441162,219.217575,18.028931,40.116379,0.084043
2950,647.669983,212.284241,23.231445,49.632446,0.047468
2950,651.745239,218.570679,18.764343,40.787720,0.047468
2950,658.196350,186.973328,27.577393,61.648849,0.042167
2950,658.823914,198.781219,27.349487,60.889069,0.042167
2975,633.099182,198.456512,29.364136,64.068024,0.967803
2975,637.092896,207.512238,22.347839,49.267151,0.967803
2975,637.968689,219.175842,20.530212,46.727081,0.716078
2975,630.842712,203.104355,24.280701,53.218246,0.554783
2975,642.464294,205.053909,24.696655,53.383957,0.525230
2975,629.239990,211.481430,25.069214,52.768478,0.296486
2975,635.863281,195.290924,25.007751,54.309296,0.184102
2975,642.129028,207.095490,29.842041,63.013306,0.133499
2975,640.038818,228.827072,17.925964,36.978470,0.082572
2975,641.930298,234.478317,14.168945,32.476395,0.082572
2975,629.510864,198.600159,38.661987,79.236115,0.066642
3000,625.290100,204.175049,25.318970,54.517853,0.986400
3000,631.508484,206.584061,22.510681,50.826950,0.986400
3000,628.198792,201.921036,27.417847,60.325027,0.986400
3000,628.417480,212.449280,17.884033,38.753738,0.946261
3000,634.847595,213.109024,17.595398,36.846176,0.886362
3000,629.590027,213.448029,20.601440,44.703766,0.764001
3000,627.273804,203.162964,18.552429,41.392288,0.615891
3000,627.812012,220.388336,17.596313,38.999573,0.594948
3000,633.375549,202.861465,19.724121,41.221268,0.486869
3000,625.777832,221.547638,20.686707,47.454559,0.120189
3000,632.446167,222.359802,21.267944,47.572052,0.048459
3000,621.889709,193.729797,26.420898,56.495148,0.037601
3000,634.064087,193.395950,25.933533,56.984650,0.037601
