25,641.955627,198.663452,34.041321,72.762451,0.994609
25,640.850525,203.694534,28.741760,62.056839,0.994609
25,648.250671,210.873474,29.157410,60.615356,0.994609
25,648.475220,211.986420,23.961670,49.865051,0.852131
25,635.060730,194.180405,40.400757,89.132126,0.840948
25,653.108276,206.069962,31.268005,69.067368,0.163942
25,642.426575,216.879959,24.663086,52.711838,0.128107
25,648.842590,197.652634,29.453613,63.903366,0.063801
25,635.172852,195.803711,31.598938,65.305725,0.063801
50,477.733612,180.259399,49.059540,106.438934,0.995191
50,400.675964,198.912979,38.382385,83.188828,0.990781
50,407.868591,201.036804,34.537323,74.850159,0.979873
50,399.698975,205.738174,32.484161,71.212448,0.965359
50,475.278534,185.203522,41.939362,90.171173,0.950565
50,486.718567,185.838211,39.114563,88.843491,0.926862
50,406.067688,213.251236,30.035461,66.152664,0.398854
50,410.674438,209.638977,24.077515,51.777130,0.385202
50,398.410736,190.295120,37.120544,81.669205,0.234681
50,405.984222,194.002319,42.180359,91.112610,0.181067
50,489.946381,188.850525,43.456207,95.346771,0.158367
50,483.211548,174.966324,38.020569,90.985519,0.118787
50,492.684906,177.434891,37.154144,80.536758,0.055627
50,396.135315,191.494568,33.124115,68.192383,0.051831
50,408.416016,199.801712,29.631775,59.863388,0.049581
50,414.337372,202.207703,28.104004,63.518738,0.047022
50,480.899658,167.627808,56.798096,120.805939,0.043870
50,474.072144,177.770065,61.908203,130.884262,0.038607
75,75.231110,200.008209,46.685905,100.124512,0.994209
75,18.279688,180.807495,54.440010,117.141052,0.993633
75,25.316643,175.155701,60.198997,129.991760,0.993633
75,458.948822,197.956039,39.536255,86.857437,0.991185
75,452.524902,201.474472,38.281158,83.649734,0.964525
75,68.369621,197.376465,40.950317,89.471436,0.895244
75,15.496987,165.785004,45.199505,139.801361,0.881832
75,32.087784,192.668808,41.363617,95.417099,0.736869
75,42.157482,197.236084,50.985592,104.111145,0.735987
75,12.530751,192.747787,42.528561,94.749100,0.428749
75,81.761490,193.446442,35.439957,77.749359,0.359876
75,458.756744,211.665192,33.574585,78.514648,0.314160
75,90.122894,205.588379,34.479424,80.000671,0.252259
75,81.061134,206.089447,38.466400,81.218414,0.239524
75,80.378098,217.717575,40.578087,89.250809,0.143155
75,59.161789,186.672913,57.619995,121.780853,0.100720
75,456.147430,193.847000,48.275635,103.524277,0.100642
75,466.110809,195.391220,31.162567,74.727798,0.086064
75,446.710022,205.815292,36.782471,85.443710,0.076120
75,69.467865,216.020767,41.172676,87.132126,0.070517
75,74.926117,218.038177,31.907631,75.540863,0.066816
75,45.570633,203.069489,39.190506,85.130615,0.048512
75,87.184471,211.568497,26.518143,51.946243,0.048382
75,85.266846,218.302444,29.706627,56.720352,0.045170
75,466.698578,212.636200,35.273407,80.843018,0.037689
75,54.986534,206.791077,39.851166,90.893433,0.033950
100,398.725464,238.477753,15.699188,33.975922,0.089502
100,399.148621,244.280075,15.740692,34.223007,0.089502
100,396.553040,235.298386,18.966675,40.813126,0.089502
125,35.761574,187.358643,54.135681,114.247833,0.962570
125,29.265152,194.523773,54.174591,117.595245,0.852275
125,381.207031,232.864883,15.038849,32.593063,0.748736
125,380.897827,237.631622,16.315979,34.699677,0.748736
125,379.443756,225.535233,18.037231,39.510544,0.681296
125,44.411373,198.444458,38.176922,87.491058,0.677173
125,383.331726,230.869843,14.204041,29.984467,0.371652
125,35.982883,194.180069,39.171207,84.451767,0.354451
125,46.449509,197.505676,32.254166,71.183350,0.354451
125,341.674866,237.144394,16.747284,35.675552,0.285757
125,341.640350,241.897598,13.537933,29.531876,0.285757
125,348.821350,232.362091,15.183319,32.986115,0.273633
125,348.216125,238.035797,15.431671,33.771393,0.273633
125,343.715332,234.770538,14.287262,31.190491,0.253083
125,339.918427,227.274857,22.847961,47.602890,0.253083
125,46.122322,203.822021,25.056328,54.344452,0.141857
125,380.952850,245.459671,16.574951,38.412186,0.140469
125,42.275612,196.213928,31.518524,66.418152,0.094308
125,46.224594,193.983215,23.256699,52.725967,0.094308
125,345.930603,227.178131,18.334503,39.990662,0.062014
125,350.338501,227.070541,14.863190,31.658401,0.062014
125,41.956776,190.592514,56.589687,122.673965,0.056235
125,341.587463,227.700424,15.995422,34.396408,0.051620
125,341.816803,226.768402,12.722992,29.285858,0.051620
125,53.367828,195.088943,27.212257,59.517853,0.050696
125,47.060856,216.096466,22.915958,50.826599,0.041108
125,50.190449,212.010391,36.991108,83.111740,0.036143
125,377.740601,223.955612,24.720825,51.472580,0.035161
150,399.308777,236.903259,16.771667,36.442535,0.717879
150,400.084534,243.801910,15.411194,32.962830,0.717879
150,434.350616,243.468399,18.500366,39.882828,0.368675
150,434.144226,238.943588,16.770477,36.047958,0.368675
150,396.834320,234.710144,21.010925,45.314575,0.094794
150,394.842224,228.417542,26.365051,56.169952,0.094794
150,365.160767,239.657852,22.557037,50.554459,0.036769
150,367.437042,244.246933,19.340240,40.424545,0.036769
150,361.170013,233.796997,29.931946,63.707367,0.036769
175,5.451364,193.631653,76.924889,166.826019,0.995262
175,531.255615,242.147079,15.870300,34.467545,0.990927
175,529.920715,239.119751,15.055603,32.180817,0.990927
175,528.355286,236.350327,19.622559,41.931015,0.990927
175,493.374115,236.941666,15.754578,34.221085,0.977125
175,490.718567,238.626526,18.420349,39.370270,0.977125
175,494.512726,243.181503,15.047058,32.044235,0.977125
175,13.937268,191.286148,53.334232,172.782974,0.938780
175,491.542633,242.334473,19.645721,43.371033,0.799562
175,493.089172,245.631805,15.964569,36.694855,0.799562
175,531.166992,249.171982,12.565979,29.827774,0.590653
175,11.169682,181.338074,66.783081,141.397675,0.343784
175,526.397278,238.469406,22.964539,49.250412,0.249316
175,15.492197,217.367981,58.011719,130.977692,0.208413
175,20.458719,257.908936,39.885117,91.611420,0.190588
175,20.533525,203.374054,48.585281,103.615112,0.188724
175,578.630920,250.975967,12.849915,27.620102,0.164831
175,491.346375,229.468903,24.763794,52.836823,0.160968
175,496.272339,250.555725,13.091980,30.553619,0.117890
175,33.935162,268.365540,42.471981,93.789368,0.099067
175,14.159126,240.719223,53.847801,114.490921,0.095634
175,464.616180,253.959488,17.382202,37.016129,0.085076
175,466.700256,257.944000,14.065796,31.324524,0.085076
175,465.500061,244.616974,17.080414,36.928375,0.065115
175,462.312927,238.670822,23.312042,50.173080,0.065115
175,494.339752,233.217422,15.468445,31.731766,0.062142
175,498.154175,230.292725,11.207306,27.041931,0.062142
175,6.620873,163.916519,87.564781,181.091476,0.058045
175,29.059217,245.898468,48.735977,105.822845,0.056882
175,529.234314,235.913605,14.210938,29.363464,0.045407
175,531.856628,233.006760,10.299561,24.390121,0.045407
200,189.299713,194.744629,65.317383,139.831757,0.930062
200,177.858231,184.114929,85.299423,179.750580,0.783398
200,194.833023,188.411697,53.111069,118.004745,0.544071
200,204.589157,205.575287,39.865158,93.551971,0.103733
200,193.767166,205.568527,46.885544,108.736526,0.073177
200,188.056915,205.512527,41.628067,94.796371,0.068511
200,198.344971,185.053162,42.744797,96.592743,0.051630
225,334.295471,192.491959,87.370270,186.108566,0.995041
225,349.618866,194.832047,65.865509,139.803329,0.940551
225,621.254700,238.560852,27.844421,60.191772,0.795108
225,630.600647,240.524643,23.448364,51.736099,0.795108
225,626.527893,245.917450,18.908997,41.604309,0.719768
225,353.354614,201.110992,50.403717,111.852112,0.485228
225,683.333374,236.990463,16.886780,34.837082,0.481149
225,686.752197,238.485260,13.781250,29.302765,0.481149
225,625.837524,250.634598,21.137695,45.895035,0.462726
225,277.573395,194.025284,60.490265,135.568222,0.458680
225,679.891174,240.720123,18.229614,39.605286,0.410722
225,684.992004,246.036209,14.137207,30.146194,0.410722
225,272.143890,190.853821,54.479584,120.109467,0.355564
225,681.111633,238.514297,22.936890,49.774521,0.300509
225,674.885803,239.642639,20.947021,45.476257,0.300509
225,287.871002,203.535156,43.687653,104.930450,0.177046
225,268.840973,178.837738,76.841064,164.954376,0.168046
225,622.101013,244.548523,30.498962,65.921417,0.160914
225,626.296936,236.706985,20.198608,43.793076,0.145450
225,628.682129,236.682953,29.323486,63.306732,0.142700
225,368.876892,284.924530,43.057220,90.746368,0.124711
225,325.741486,172.175842,107.923889,227.437378,0.123625
225,320.899811,176.553284,87.360382,191.110596,0.123437
225,336.948212,174.550400,79.013824,169.193130,0.101720
225,683.567993,249.283661,18.322327,37.949860,0.079751
225,687.000854,255.326797,14.588745,31.515671,0.079751
225,364.450317,203.772217,41.840485,98.772583,0.069750
225,302.014069,158.913513,100.153015,214.419708,0.062419
225,678.430115,248.462479,14.773254,31.740891,0.061495
225,676.828674,234.506485,17.419434,38.138962,0.061495
225,677.703674,237.054901,14.472046,30.886292,0.061495
225,345.194733,211.940765,48.429779,112.411865,0.056739
225,617.810913,220.263000,43.373169,92.496643,0.051019
225,372.689575,298.935211,37.521118,84.618195,0.043111
225,680.261475,229.503983,26.695801,56.032425,0.038724
225,632.344666,244.705978,27.597473,62.256790,0.034977
225,361.042969,261.539917,54.509827,118.850769,0.033508
250,481.258179,198.576538,92.391418,198.060638,0.997581
250,495.947876,240.089386,69.201355,148.454956,0.352522
250,475.722809,132.160339,117.029510,254.481232,0.208616
250,485.728729,189.089539,74.151337,160.854126,0.131743
250,512.882996,255.401855,55.898254,123.938721,0.049356
275,617.703003,187.832520,93.737122,202.908997,0.996933
275,634.826416,189.525314,68.259338,213.775192,0.990634
275,616.437256,196.241470,78.438843,163.532028,0.717566
275,608.651794,163.729965,111.348206,250.916611,0.707285
275,623.998596,216.378052,77.199341,167.267761,0.610585
275,632.222717,253.281357,64.535828,136.675705,0.141207
375,143.840179,172.110123,81.662109,176.719376,0.627683
375,161.179184,167.090927,65.935318,142.089859,0.414433
375,128.650726,153.614212,105.054810,215.556717,0.162269
375,170.211349,176.460297,53.511185,119.205750,0.103991
375,133.771698,173.272232,59.863358,128.038040,0.064154
400,254.718491,167.986160,71.174393,149.784653,0.995769
400,244.990341,170.989731,55.539688,121.879562,0.632387
400,267.519958,175.624710,55.731079,120.269058,0.630420
400,255.785767,153.166229,91.656097,199.297272,0.620406
400,279.940186,181.172943,51.671387,124.635620,0.407681
400,270.871429,173.174118,69.458313,149.534775,0.294422
400,259.764221,180.542603,48.855988,114.483856,0.266085
400,249.021759,177.968689,43.996735,96.001556,0.239529
400,279.299286,180.751434,44.076202,104.622589,0.186753
400,266.458374,157.194595,108.343536,223.390335,0.057239
400,318.391174,277.877258,51.212616,109.294128,0.041224
400,251.109512,203.058701,47.243057,102.530258,0.033334
425,408.319153,166.414978,67.815948,144.169617,0.109312
425,421.940277,166.951141,40.742493,91.843048,0.103343
425,399.757385,161.701401,93.567444,194.068985,0.034842
450,146.301102,181.717896,61.475998,133.140350,0.996289
450,201.266693,189.613235,59.876740,128.038895,0.994307
450,150.835800,198.415817,45.366104,102.879715,0.991137
450,168.298279,177.899902,62.186996,131.500824,0.880890
450,208.259705,212.029358,46.821915,102.778961,0.669841
450,167.821320,198.449081,48.598434,105.300858,0.652883
450,159.283768,195.360535,41.061111,97.863556,0.611169
450,197.564407,197.576630,49.069092,109.353760,0.610665
450,211.388397,198.766602,40.818069,98.269135,0.391944
450,139.981995,184.168991,53.631439,117.785477,0.183156
450,202.755920,220.773071,41.884918,92.577026,0.119963
450,133.569153,156.488113,78.176300,166.651627,0.077351
450,217.997940,217.057846,37.908340,83.956436,0.047592
475,493.741028,192.131653,62.574890,134.895752,0.995902
475,438.536896,179.444534,67.695709,146.537949,0.995497
475,105.934425,193.874619,21.164879,46.607544,0.991939
475,102.391724,194.424591,20.001953,43.847595,0.991939
475,100.630157,190.215942,24.548676,52.285400,0.991939
475,449.896942,181.426773,55.114349,124.492661,0.923630
475,107.124161,202.962387,19.137207,43.245880,0.749969
475,100.653175,190.745712,17.460541,36.811691,0.721901
475,449.955444,205.568893,47.008087,109.600357,0.700563
475,480.817596,179.710663,70.272369,151.542542,0.638205
475,499.763855,197.489471,51.039734,113.260132,0.491504
475,46.596294,183.095291,17.370663,37.024506,0.472453
475,428.783234,157.258469,90.522736,190.798752,0.410951
475,102.584610,201.689926,17.144592,39.187302,0.400349
475,106.051506,197.743698,24.537102,53.645081,0.382083
475,94.222893,197.561752,25.145782,55.506638,0.382083
475,440.479797,183.618759,54.546295,113.554489,0.380606
475,504.248688,218.304337,51.087982,110.037460,0.351094
475,49.906807,193.158264,12.917664,28.193237,0.333403
475,48.986862,180.641937,14.614277,31.486816,0.320249
475,105.267685,181.500259,25.640259,56.199844,0.281997
475,489.984802,207.711700,47.198730,107.439880,0.281437
475,114.451530,192.731613,22.065636,46.857590,0.261024
475,490.732819,176.703384,81.891327,170.355728,0.249396
475,504.530731,187.128693,53.558258,113.652344,0.132294
475,453.719482,195.207687,45.642517,101.770126,0.052209
500,289.456451,185.137680,30.429443,65.743744,0.901638
500,286.308197,188.398239,27.225494,60.282303,0.888261
500,236.557693,179.514175,18.264984,39.742737,0.686211
500,240.757553,178.370728,13.475601,30.083328,0.675455
500,292.948212,191.827911,30.185760,68.395203,0.675055
500,175.626450,175.407623,12.690536,27.148102,0.482731
500,176.396164,181.714569,12.183441,26.418686,0.482731
500,173.203354,171.117676,15.613464,33.446991,0.482731
500,286.725616,190.663666,22.554474,48.085663,0.437723
500,285.858765,177.192398,24.707336,55.557480,0.437723
500,292.867737,174.456848,30.700104,67.897324,0.386382
500,240.215790,189.859375,13.886673,31.784363,0.279374
500,286.653198,198.951126,25.017273,57.251205,0.226700
500,292.730194,193.899918,23.928284,53.832123,0.160870
500,297.044342,195.042923,20.242310,42.571884,0.147726
500,237.674225,185.152710,18.229050,39.440018,0.145764
500,284.991821,174.665344,40.200836,87.377319,0.118172
500,171.924652,169.140533,19.615967,41.663162,0.089978
500,278.664185,183.906540,27.044952,59.647430,0.088818
500,174.052521,176.390091,15.758011,33.501556,0.069048
500,271.334381,192.844666,30.083496,67.498230,0.052440
525,330.643524,172.756561,27.855103,60.760712,0.976609
525,323.384583,172.394928,26.761169,58.595108,0.976609
525,323.103363,178.862839,19.708710,42.484695,0.884785
525,319.067108,177.235168,26.830444,59.633133,0.836501
525,284.875702,170.768555,18.367981,39.224945,0.774034
525,287.447937,176.178543,15.040283,32.195877,0.774034
525,331.762939,183.115173,23.688843,53.553513,0.768180
525,337.516571,175.391327,26.121979,56.851990,0.582186
525,224.142822,170.086929,12.805237,27.880783,0.575524
525,224.334244,163.063919,13.337997,29.119476,0.575524
525,221.760498,160.695679,16.206787,35.275177,0.575524
525,333.253876,175.171066,20.511139,45.299545,0.544649
525,287.980011,167.143555,14.549255,31.200012,0.534335
525,221.728256,170.106918,17.370041,38.835251,0.333827
525,326.801483,163.952911,35.654419,77.627838,0.275053
525,322.962372,187.934479,21.748779,49.292953,0.246842
525,284.802216,178.430084,18.185730,41.243896,0.141460
525,339.341034,180.922913,29.487305,66.210907,0.118734
525,149.895920,168.167953,13.703751,30.275879,0.100053
525,149.217056,161.642334,13.534088,29.288864,0.100053
525,147.255325,158.449844,17.037872,37.548584,0.100053
525,317.380829,165.353943,28.781708,62.207626,0.097422
525,225.792343,174.460220,11.550598,26.870224,0.082135
525,321.177155,168.499512,36.171417,77.204071,0.074166
550,344.659882,165.173615,29.254852,63.630768,0.987040
550,343.593933,153.359116,30.648834,65.600021,0.987040
550,348.336304,169.633270,21.862762,47.190079,0.973211
550,338.971191,167.621628,24.018494,54.085770,0.943456
550,352.794739,171.832687,25.090973,54.596985,0.881629
550,336.108795,167.524597,29.493134,63.717728,0.819777
550,315.707733,161.064240,16.109375,35.358475,0.740694
550,355.232300,165.555191,27.005829,60.244156,0.685589
550,341.042358,160.137482,36.330963,78.799667,0.652510
550,309.995392,167.397614,14.733612,31.840485,0.621334
550,311.611633,160.524811,15.238892,33.094025,0.621334
550,310.066711,160.022583,13.812439,29.973450,0.621334
550,311.189911,158.198837,22.778107,49.572861,0.558158
550,314.810120,168.300507,18.171112,40.031021,0.558158
550,313.053131,164.809845,15.153961,32.524185,0.230475
550,311.388153,161.373413,18.647064,40.519577,0.230475
550,309.735107,168.173141,17.751129,40.129715,0.230475
550,348.920013,176.355774,22.657288,50.004089,0.206613
550,357.333771,170.577148,22.223358,49.937866,0.162058
550,362.204102,175.822845,18.586700,40.130508,0.162058
550,358.699554,180.642578,21.656891,48.747711,0.162058
550,348.024719,161.845123,23.330200,47.970917,0.154747
550,350.122894,161.660858,18.289337,41.494156,0.154747
550,353.902557,170.810181,32.297852,71.926834,0.122393
550,366.389282,172.648300,14.833832,31.960739,0.107512
550,365.608673,182.620438,15.820190,34.077667,0.107512
550,344.001373,151.469070,41.511047,88.111084,0.097907
550,306.780548,160.373810,19.461365,42.316971,0.075901
550,24.544825,143.076050,24.924360,54.582718,0.062142
550,15.445463,143.071960,25.875643,53.382034,0.062142
550,20.531120,152.292191,16.855312,36.085007,0.056122
550,20.276838,141.208832,22.206167,48.123535,0.056122
550,21.505980,143.260300,17.880350,38.708527,0.056122
550,303.167908,155.013077,24.715332,51.416656,0.054514
550,334.467072,155.767075,27.907654,60.741791,0.049623
550,20.127960,151.785172,20.735836,47.014267,0.042391
575,410.176514,152.595459,18.662750,40.614975,0.977318
575,410.559021,144.195526,18.700348,40.994766,0.977318
575,445.099640,153.518875,25.001221,53.883362,0.834994
575,451.755554,156.792145,22.840088,51.600891,0.718082
575,440.455963,156.251572,27.854187,59.719864,0.658408
575,444.706390,144.719925,23.860291,52.616776,0.612014
575,403.140411,153.715408,20.635529,42.800613,0.485107
575,400.507965,142.852173,25.175598,52.544571,0.485107
575,408.708282,152.782944,16.723724,36.234299,0.479131
575,446.362000,151.228897,30.515594,66.759644,0.470346
575,410.260223,156.748138,21.773376,46.303787,0.421085
575,412.901489,161.123489,17.422943,39.839386,0.421085
575,453.203339,142.896683,27.829895,63.010406,0.318113
575,446.238403,162.401901,23.498383,52.553284,0.182001
575,406.053101,151.227081,15.405304,32.821487,0.173477
575,407.111908,159.784241,14.814392,32.961426,0.173477
575,111.494049,137.115997,19.801117,43.336960,0.166584
575,431.577271,155.503510,30.632599,65.693222,0.139970
575,450.085480,157.443054,31.963379,71.826691,0.139672
575,112.944443,132.688995,17.137009,38.190689,0.122109
575,404.734833,143.566498,19.772339,42.783676,0.101159
575,406.681488,146.092316,15.363464,32.734985,0.101159
575,110.653091,144.662613,19.764969,45.910202,0.043174
575,108.925423,132.975952,24.825356,53.184280,0.035013
600,458.976562,148.058945,19.842010,43.619370,0.980243
600,455.568756,142.525665,25.722351,55.961533,0.980243
600,462.072052,145.509399,16.846344,37.782028,0.914641
600,144.668976,141.271927,16.185852,34.746979,0.777754
600,141.808655,138.957092,19.905945,42.592896,0.774469
600,494.444519,156.644043,19.894409,44.254547,0.697784
600,492.986145,158.881149,23.933533,54.515884,0.697784
600,502.375641,155.994919,23.384674,51.414474,0.668281
600,450.003723,149.690063,21.367096,44.748901,0.497031
600,493.959991,146.382050,21.341522,46.263489,0.458163
600,489.360565,147.650635,29.126190,61.496948,0.359638
600,500.218964,148.848511,28.691681,61.881927,0.359638
600,461.006409,157.042236,18.587616,42.961777,0.341427
600,458.441925,135.665955,23.047974,47.326508,0.192656
600,455.416168,149.220642,17.165436,36.932602,0.145573
600,454.214783,144.362976,21.766571,47.172256,0.145573
600,483.800446,154.047760,15.128387,32.784988,0.123203
600,482.483185,157.726105,19.776978,41.574387,0.123203
600,483.423157,162.241913,15.616547,34.898392,0.123203
600,502.985291,162.562653,24.102539,54.195145,0.103678
600,309.152374,155.014786,12.730957,27.539490,0.103025
600,308.684845,147.750748,13.602753,29.458588,0.103025
600,305.341064,142.834839,20.081085,43.820358,0.103025
600,308.092407,149.402542,16.265717,35.114395,0.075915
600,306.907166,153.950089,17.603729,39.776108,0.075915
600,483.233490,166.788330,18.702942,42.866531,0.064644
600,506.548035,152.354309,19.713867,41.964325,0.063626
600,480.701691,142.980560,21.466522,47.344086,0.060443
600,453.305206,153.172928,15.022186,31.879929,0.059350
600,453.660278,143.573380,17.055878,36.667404,0.059350
600,453.378357,143.938858,14.002319,30.028610,0.059350
600,457.583893,153.706421,26.025574,56.650406,0.058285
600,497.023499,170.837189,16.347107,37.639359,0.052548
600,489.644104,163.453186,29.603516,65.437485,0.040263
625,487.916809,160.453110,32.721436,71.020966,0.992096
625,478.471313,159.191833,32.979523,70.420471,0.992096
625,453.525177,159.556992,19.278290,43.442276,0.932232
625,452.476105,159.541870,16.397247,35.375732,0.932232
625,453.813782,165.325928,15.596100,34.038116,0.930463
625,487.406036,163.499359,27.573456,59.937973,0.919746
625,496.325256,168.792892,27.369995,59.926056,0.917246
625,482.346313,162.603638,26.677155,59.352112,0.533641
625,480.044312,152.433090,38.490173,82.310303,0.523565
625,500.361694,163.083176,28.019104,59.954544,0.415288
625,504.117950,172.093536,22.585602,49.735611,0.393093
625,508.620483,173.267960,18.505920,39.333160,0.393093
625,497.538696,169.365707,32.396545,73.113571,0.356093
625,457.328064,165.593201,18.380859,39.805481,0.340417
625,454.615112,161.468658,22.095886,47.992401,0.340417
625,461.593964,168.981567,14.239166,31.401627,0.340417
625,507.915619,179.418900,19.381439,42.002563,0.325075
625,459.893036,160.729568,16.189636,35.380493,0.255755
625,448.849091,159.223343,23.909485,53.074509,0.217481
625,480.141571,153.861343,28.393738,60.027817,0.203068
625,122.209534,153.866821,17.908798,38.175079,0.196933
625,121.461464,142.889175,21.346535,46.380432,0.196933
625,127.158661,150.497055,14.070206,29.931671,0.120967
625,127.579079,160.670715,13.928291,30.708038,0.115614
625,481.855560,164.704407,21.766296,45.956421,0.114018
625,482.714447,174.406326,20.630402,47.160599,0.114018
625,491.086456,151.201309,39.227142,83.339218,0.042589
650,459.465393,183.969986,20.636749,44.408905,0.984167
650,457.525635,187.569153,22.870605,52.024323,0.974253
650,503.930511,181.994843,35.149750,76.232666,0.928283
650,497.076630,182.138565,33.616852,72.410934,0.928283
650,495.453613,191.504517,30.936401,67.804413,0.810874
650,460.406494,180.669540,25.434814,54.117035,0.794222
650,451.285889,189.194214,23.015778,48.403107,0.794222
650,510.207794,179.864288,33.687531,73.260315,0.770438
650,514.540100,192.216644,29.282471,64.722046,0.770438
650,462.627960,182.551270,17.709076,37.245972,0.428631
650,504.827789,189.252472,28.545563,59.769531,0.354325
650,508.083893,194.599319,23.547516,50.089752,0.354325
650,498.672821,194.961624,20.383331,44.981094,0.239946
650,501.057312,190.129364,37.518555,83.385406,0.187024
650,506.476166,201.794724,27.004974,62.631454,0.141734
650,507.891174,171.237625,45.913696,100.410660,0.105650
650,514.274841,183.167313,35.088440,80.247025,0.093679
650,491.568359,180.796387,32.180603,66.910675,0.084931
650,515.554443,185.564499,26.572083,58.835297,0.076804
650,507.318665,179.357162,23.846313,53.514404,0.057321
650,521.090576,196.092102,21.228149,45.492554,0.052575
650,454.413177,184.332840,18.739410,40.448441,0.045596
650,453.604309,187.179871,14.730438,31.534897,0.045596
650,454.336670,194.594971,15.871521,35.261261,0.045596
650,497.741638,201.777237,22.340698,49.224823,0.045411
650,107.369850,182.735367,16.753639,36.568787,0.044008
650,105.801010,173.262512,19.780273,42.939774,0.044008
650,108.957130,175.479126,16.448425,35.518677,0.044008
650,459.625610,203.449066,20.447784,47.605911,0.042058
675,513.332336,177.278290,21.288574,46.267273,0.987231
675,510.336090,171.629044,26.864777,57.855835,0.987231
675,513.481934,180.583908,17.816223,38.090683,0.987231
675,569.240662,172.859604,35.421448,76.732285,0.976023
675,575.811768,174.243210,35.351257,76.942078,0.976023
675,372.865265,191.357178,12.742950,27.218369,0.845604
675,373.360199,196.559052,11.885834,26.034225,0.845604
675,372.134277,192.733200,14.876648,31.563309,0.845604
675,511.510223,188.256790,19.807465,44.878250,0.516909
675,520.518616,180.767593,21.675537,47.796982,0.501215
675,562.288818,172.548935,33.187195,71.035538,0.358184
675,560.969727,183.202759,33.589294,71.525131,0.332402
675,559.648865,187.289429,18.640564,38.578308,0.193026
675,558.794739,175.707687,21.865112,47.817001,0.193026
675,585.438721,190.085587,23.589172,49.519440,0.161523
675,561.482117,194.992950,15.642944,34.377274,0.156610
675,572.672119,175.551987,28.937256,64.065979,0.152617
675,576.383057,188.455978,23.159241,50.194687,0.139576
675,560.797729,181.407486,22.887817,49.503769,0.107815
675,370.308960,199.738235,13.784454,31.038696,0.095170
675,369.739899,196.927704,17.430298,39.195221,0.095170
675,518.169434,173.785538,27.219360,57.937744,0.088158
675,580.722351,177.627472,29.691833,62.500748,0.081824
675,139.980698,181.201920,14.881485,32.643326,0.071274
675,140.483582,175.804276,14.827271,32.251129,0.071274
675,134.496643,181.072968,15.386597,33.220261,0.062423
675,133.596985,177.088821,14.538544,30.956131,0.062423
675,520.757751,181.863113,17.065979,37.036865,0.057889
675,581.067078,184.150406,31.331238,70.971985,0.041955
675,560.227722,179.053162,16.561340,35.655045,0.034907
675,562.187195,179.769669,13.587280,29.782288,0.034907
700,566.577576,188.760376,27.730469,60.183411,0.994549
700,562.942261,190.982056,25.039978,55.620636,0.994549
700,625.695740,185.791565,40.405701,87.680145,0.990522
700,556.841736,191.853210,29.958313,66.400482,0.910314
700,633.807007,189.615662,39.334351,87.859253,0.904817
700,617.976746,189.913681,39.268433,88.256851,0.838759
700,570.813293,189.955231,20.072937,43.919510,0.762922
700,564.807922,189.756638,18.924316,40.970016,0.454221
700,564.434692,200.814896,20.951233,46.840500,0.363388
700,623.512451,200.887863,28.485962,68.864609,0.197555
700,575.639832,190.249893,24.629028,54.106613,0.163224
700,559.087585,180.283890,28.562073,62.830246,0.109585
700,629.925110,180.660812,33.815613,70.478821,0.099827
700,624.668335,175.329636,50.837158,110.672684,0.092943
700,431.927734,205.740479,11.814667,25.521713,0.091930
700,562.988281,202.682251,24.501526,55.724365,0.079240
700,637.070862,182.809937,37.083740,78.842133,0.077911
700,429.404968,200.313202,14.859192,31.506012,0.065861
700,432.939026,210.515091,11.325439,24.561401,0.065861
700,633.132812,195.176819,28.358398,55.009491,0.060285
700,423.066284,205.147461,12.383728,26.998383,0.057581
700,636.635254,204.360703,23.596130,51.645187,0.052281
700,420.983002,205.038452,15.028473,32.793579,0.048405
700,420.150726,201.749054,18.811157,42.950974,0.048405
700,620.290344,180.197449,36.681519,81.974548,0.044614
725,632.515076,173.720932,55.023682,120.577133,0.994445
725,559.579895,189.604126,29.260315,62.831802,0.992331
725,565.795471,197.174377,25.548401,57.533432,0.992331
725,645.009827,179.423752,53.971924,116.098312,0.990726
725,562.303589,197.682129,22.646118,47.453888,0.925017
725,653.730225,188.519394,41.554260,92.505692,0.856941
725,420.869263,211.042587,12.129608,26.536972,0.841018
725,417.651489,203.880951,17.432495,38.255234,0.841018
725,627.857666,180.760345,49.192627,110.605713,0.809190
725,640.729126,186.174759,44.304504,97.227188,0.809190
725,434.479004,207.560028,13.663757,30.065613,0.688061
725,433.086151,203.053909,18.579224,40.362167,0.688061
725,665.868408,194.038010,36.584167,82.407120,0.449711
725,627.457214,184.750168,41.610596,92.199203,0.373722
725,565.848938,181.550125,30.730591,68.171570,0.217109
725,568.181213,194.939041,22.108582,45.022659,0.209922
725,645.443542,207.637650,37.542480,84.386429,0.195301
725,562.382263,191.013931,20.847778,44.281204,0.188362
725,558.578857,182.051544,35.954285,76.379608,0.165940
725,417.612091,214.302750,12.625122,28.531509,0.069768
725,416.669678,211.921783,16.409851,36.311844,0.069768
725,644.828003,200.580688,33.276672,79.153076,0.038378
725,572.232422,191.111771,16.861633,37.406189,0.038206
725,433.294830,214.891006,13.519165,29.541473,0.036867
725,433.188660,213.567566,17.130127,37.406754,0.036867
725,635.925598,161.199463,64.971558,139.732605,0.033408
750,651.238403,175.194321,61.119934,133.832352,0.995078
750,559.853394,192.866714,34.120605,74.168839,0.993951
750,558.568237,191.634430,30.044373,64.914642,0.993951
750,567.141907,194.485916,26.051514,57.456223,0.993951
750,664.129089,184.433029,50.057800,115.844650,0.840812
750,553.822449,198.614273,31.574646,68.492661,0.788432
750,564.612183,204.932251,26.129272,56.533386,0.751905
750,657.129333,173.414490,52.585632,110.223480,0.746094
750,651.606689,191.522812,48.489624,106.207993,0.622453
750,562.084717,200.416840,22.352295,47.032578,0.504349
750,667.312439,187.283096,41.993042,95.546432,0.381783
750,667.684509,146.973267,45.105896,170.002167,0.099472
750,655.889954,198.653564,50.417358,109.585815,0.095498
750,564.732117,179.242523,33.416748,73.110779,0.075299
750,414.101959,214.855255,15.143372,32.554581,0.073154
750,411.114288,208.878876,21.818024,47.403351,0.073154
750,414.191895,208.278503,16.786896,35.756439,0.070824
750,417.583069,208.597321,12.619507,29.067352,0.070824
750,677.063538,181.139008,40.951477,124.537262,0.053675
750,567.517883,216.656387,23.107605,52.207077,0.049700
750,684.718262,185.991333,33.617737,103.679047,0.033821
775,584.207642,195.933685,40.672302,87.855316,0.987478
775,584.438416,209.560349,33.947693,76.556015,0.987478
775,591.504211,199.148346,35.356934,75.641846,0.986710
775,592.197327,207.576187,37.253418,81.698929,0.834493
775,588.881531,202.011887,28.909973,64.006790,0.564063
775,592.778870,218.605591,23.378235,51.626587,0.304496
775,599.065063,212.330078,24.109314,48.768799,0.076907
800,326.692413,215.205673,14.134491,30.593216,0.986472
800,325.020386,211.357529,17.537048,37.583450,0.986472
800,322.734833,215.872421,18.934265,41.669388,0.986472
800,323.735748,209.475708,14.773010,32.034134,0.982091
800,324.401794,218.564682,14.080292,32.607178,0.927799
800,319.725372,202.555283,23.001221,50.450714,0.144462
800,318.013550,210.014481,22.867706,49.462418,0.062024
800,328.508392,208.815369,25.135834,54.354370,0.062024
800,327.191345,211.143997,19.079773,40.866119,0.056561
825,378.028839,209.545990,15.915344,34.576004,0.973205
825,381.524139,211.666840,14.605286,31.210434,0.973205
825,379.958252,206.683350,15.081848,32.813248,0.973205
825,375.867554,202.547760,19.637390,43.110245,0.973205
825,374.257843,213.484818,13.469543,29.543640,0.815009
825,375.082275,206.852600,14.757019,31.496017,0.815009
825,378.852753,208.421051,18.769958,42.255081,0.790010
825,372.557373,211.714676,18.544525,40.865189,0.213731
825,372.273529,204.461502,18.192749,39.357620,0.203336
825,379.035095,200.895248,21.111267,45.819748,0.203336
825,384.164124,218.927231,11.573914,27.883072,0.106347
850,413.575256,212.786407,16.833801,36.394241,0.976249
850,411.306763,208.204025,21.650696,47.022308,0.976249
850,416.846008,210.533218,14.268829,31.356110,0.971978
850,408.433197,210.729538,19.280457,41.432663,0.738525
850,404.645142,215.891190,20.508331,42.255325,0.148255
850,414.459473,222.713181,17.799103,40.981064,0.108572
875,467.187042,205.750885,18.793060,40.651291,0.991880
875,465.498077,212.344025,19.119873,42.994003,0.991880
875,462.635529,205.822968,24.972595,53.759125,0.991880
875,473.406219,202.752167,20.325928,44.475479,0.895652
875,471.221619,195.073318,25.323639,56.904236,0.895652
875,530.311401,203.476044,17.810242,38.911270,0.887369
875,469.929718,204.097778,20.980255,46.205322,0.456951
875,470.351532,212.090836,22.714264,48.198990,0.456951
875,459.575043,200.764893,25.161499,54.877899,0.411912
875,527.713806,209.125839,21.613770,46.542465,0.408098
875,473.319763,210.897186,17.327362,36.926193,0.336253
875,477.696136,214.431122,13.988495,30.235260,0.336253
875,474.827911,203.559235,16.393860,35.186142,0.336253
875,466.323212,198.053223,17.451263,40.596100,0.261988
875,461.506348,190.731125,25.707062,57.193604,0.161734
875,531.004517,199.979553,14.846375,31.067200,0.054040
900,507.147644,210.481659,17.591064,38.684082,0.987443
900,510.504852,207.942429,15.858063,33.844025,0.987443
900,480.873444,216.040359,14.758789,32.549744,0.936160
900,481.052704,211.563599,14.120331,29.647217,0.936160
900,478.827728,217.947525,16.029419,36.223999,0.851529
900,507.969452,200.148895,20.035675,43.935822,0.847702
900,650.258240,206.365067,18.772949,41.582733,0.746703
900,642.474487,203.428757,22.964539,48.183167,0.746703
900,646.109802,200.641998,20.766846,46.469620,0.741753
900,646.151978,211.219910,18.156982,38.916901,0.741753
900,645.018738,203.069199,16.743469,35.890732,0.741753
900,651.816162,203.548965,16.444702,35.166199,0.615255
900,508.134644,207.264633,20.817078,44.424835,0.609642
900,493.352539,203.458847,23.772034,51.626053,0.609642
900,647.546936,213.754700,20.539490,46.162537,0.590679
900,478.519073,209.159134,18.628723,40.096451,0.263320
900,649.915588,206.579941,23.265869,52.720200,0.188688
900,549.354675,213.053131,13.403259,29.121628,0.091144
900,548.211609,208.177628,13.838867,29.844559,0.091144
900,547.371460,210.211044,16.977173,36.104614,0.091144
900,585.390137,196.420090,22.050903,46.903946,0.082820
900,583.978027,189.607605,26.929199,57.667053,0.082820
900,574.211914,189.091385,28.055481,58.949448,0.082820
900,500.668488,213.605194,14.790009,31.880966,0.072141
900,501.383148,208.475327,14.051422,31.642578,0.072141
900,583.014221,199.992218,20.197144,44.089005,0.056415
900,475.383514,208.505569,22.288147,48.514481,0.053964
900,589.069031,209.137344,16.338257,34.960464,0.046420
900,511.116150,202.859543,14.329895,28.296860,0.041154
900,512.842834,200.709991,11.974731,23.642197,0.041154
900,499.776520,217.843643,15.108246,33.090485,0.037908
900,499.580292,215.665192,18.462677,40.332474,0.037908
925,439.648254,204.390366,19.278046,41.636139,0.989075
925,439.810364,206.812531,22.290680,47.424622,0.989075
925,559.752563,199.518356,19.970398,42.745148,0.979529
925,562.585938,204.104370,14.990601,33.950699,0.973198
925,681.045105,195.326828,24.115784,51.601624,0.953925
925,684.551636,197.744720,19.729797,42.999832,0.953925
925,442.798309,202.548370,21.572205,46.165771,0.948126
925,434.240326,207.234009,23.148010,49.845184,0.948126
925,438.869965,210.425415,17.768646,38.535080,0.923185
925,437.725494,204.147964,16.252197,34.383820,0.923185
925,561.388489,198.059814,15.661560,33.676102,0.885877
925,443.236572,196.851700,17.741699,40.695541,0.865038
925,444.948425,214.027084,15.988251,37.337006,0.754086
925,686.536316,192.557343,17.364929,37.806610,0.715704
925,561.041748,208.229187,16.033447,36.586319,0.495002
925,683.551147,188.506073,26.690369,57.156723,0.340344
925,675.111389,201.417892,22.666870,49.163467,0.340344
925,431.329407,193.957214,24.805237,54.004745,0.217321
925,672.650391,186.571899,24.409363,53.368301,0.117580
925,437.637939,217.982819,14.143707,32.662628,0.103354
925,566.380188,195.464279,25.559448,55.520142,0.076303
925,671.432495,192.464325,28.430664,59.325714,0.048433
925,689.835938,183.000687,23.813721,72.047897,0.042199
925,695.333496,191.995621,19.436401,54.687637,0.042199
925,679.586304,194.018402,30.929871,65.179535,0.041386
950,359.788452,209.703415,20.754059,45.127579,0.990783
950,364.038849,213.552170,17.740845,36.339371,0.990783
950,629.315674,188.945084,36.274780,77.942734,0.990058
950,633.161438,190.130814,28.264587,60.934830,0.990058
950,626.517090,187.985703,29.640808,65.461411,0.990058
950,625.347900,198.085480,27.547607,61.472168,0.990058
950,362.164459,208.041412,23.338654,51.239319,0.987404
950,624.190247,194.098755,35.984985,76.512512,0.985650
950,353.463776,203.382507,24.218597,51.115768,0.898200
950,358.988983,214.019272,17.046173,36.678009,0.894031
950,357.747864,214.931137,21.348022,47.585953,0.894031
950,634.353516,203.521164,24.738220,53.488785,0.584636
950,404.774994,221.984528,15.947815,34.613159,0.534043
950,404.868164,226.062454,12.697052,28.663574,0.534043
950,357.651306,207.862610,15.431549,33.980850,0.465749
950,363.783875,220.946854,18.259216,41.958633,0.462958
950,403.918335,218.609787,14.773438,31.205078,0.458964
950,635.444580,182.460037,31.735840,72.505371,0.354689
950,636.907959,196.581940,31.805176,71.168884,0.190400
950,639.612000,196.888809,24.603149,57.513031,0.173973
950,402.407654,210.889786,17.313843,39.259033,0.135906
950,403.953369,213.313599,14.506775,30.743958,0.135906
950,360.987335,195.319992,26.589081,59.855743,0.085232
950,636.083191,191.270126,20.551208,43.973511,0.069682
950,640.775757,188.049927,28.142029,62.224228,0.048861
950,632.893616,209.975616,28.053345,62.083954,0.041045
950,560.115173,217.673416,13.604004,28.779526,0.034768
975,305.753052,205.390778,17.953552,39.165970,0.991531
975,303.358337,207.322189,22.268860,47.673080,0.991275
975,557.633423,192.534317,22.929688,48.620941,0.949153
975,554.319641,178.055557,30.828125,66.658066,0.947308
975,306.441986,197.961166,18.136749,40.850800,0.917334
975,311.030090,205.871292,20.530487,46.522537,0.917043
975,380.441711,215.660553,15.119446,33.053497,0.910588
975,377.426697,210.099152,20.950470,45.195755,0.910588
975,381.167267,218.620865,17.005890,37.735214,0.910588
975,305.420563,211.955978,16.624878,39.114868,0.895136
975,562.769531,194.602783,24.682007,52.069122,0.829187
975,381.516388,209.527267,16.725677,35.363998,0.703900
975,554.738586,189.725906,27.592529,61.280548,0.588712
975,551.096130,187.767227,26.130615,57.267853,0.572914
975,562.442078,192.300705,29.391357,66.503464,0.264621
975,543.192444,194.849884,28.861694,63.135284,0.190000
975,310.595612,208.610260,17.536011,38.308456,0.159812
975,310.881683,215.656937,18.613098,41.499527,0.159812
975,313.769989,212.875229,16.234344,34.071609,0.133914
975,314.343445,205.867935,15.242920,32.884781,0.133914
975,557.668091,178.909760,23.362793,52.019684,0.063364
975,307.808228,199.419266,12.511841,29.820114,0.060996
975,379.465637,202.383392,23.679596,51.966553,0.056992
975,368.647980,201.102875,25.124481,55.632843,0.056992
975,366.955292,208.500671,25.475983,55.193970,0.045122
975,552.735229,174.570419,40.352844,86.377029,0.037391
1000,488.872223,186.072937,41.464569,88.403595,0.997789
1000,617.053345,192.813034,28.170349,60.083160,0.995418
1000,305.543884,211.004135,21.746155,47.615433,0.992967
1000,305.663910,209.098618,19.301453,40.190689,0.992967
1000,619.694275,203.575150,23.744629,52.783615,0.988036
1000,299.470581,203.648361,26.094391,57.558823,0.972347
1000,309.588165,203.987000,23.195282,49.465164,0.972347
1000,615.735413,196.024277,23.484619,51.440033,0.968840
1000,402.124023,223.430313,14.959961,33.076340,0.965963
1000,399.143677,217.028397,20.065094,42.520126,0.941465
1000,487.443054,200.341141,38.214722,81.280136,0.917702
1000,623.686890,200.562134,23.321533,52.599869,0.887372
1000,608.669678,197.930649,26.763245,57.445801,0.872622
1000,619.717346,193.562592,22.959534,47.159103,0.772677
1000,495.162354,196.690842,40.395569,89.300949,0.767750
1000,402.286530,212.785812,13.988678,31.401215,0.637497
1000,624.175171,186.441269,25.912903,60.473877,0.615399
1000,399.331238,208.664963,21.622040,46.514923,0.568743
1000,482.657745,202.775528,33.416534,73.767471,0.451071
1000,297.939606,209.327667,19.361511,43.542145,0.384588
1000,399.893799,212.800858,17.991547,38.272064,0.295935
1000,407.363739,218.165848,17.389160,37.275772,0.273750
1000,478.120300,182.274200,42.641846,94.215576,0.273102
1000,612.035828,180.473663,38.522827,82.613708,0.152536
1000,507.650513,199.059937,31.869812,71.985870,0.128648
1000,294.924866,205.939987,25.360809,52.389969,0.117529
1000,615.552612,197.437424,31.043152,68.535812,0.095079
1000,483.568420,187.117188,54.809753,119.856262,0.092374
1000,491.960693,205.134949,30.707703,58.085052,0.052919
1000,497.706299,177.382339,37.801208,84.084152,0.050089
1000,310.807892,194.803284,26.101471,58.693405,0.048411
1000,492.709595,183.850021,50.990540,103.029312,0.042165
1000,312.476227,213.281372,17.288055,36.861237,0.034197
1000,311.687286,219.148819,17.713806,37.212234,0.034197
1000,317.143402,224.029587,13.821289,30.820847,0.034197
1025,377.680939,180.568497,51.590210,111.959885,0.996067
1025,386.973755,179.978302,52.316711,112.319153,0.995696
1025,306.256744,214.505127,22.931335,49.296082,0.994237
1025,305.716309,216.120865,19.015381,40.980179,0.994237
1025,305.314423,206.084946,22.160370,50.594009,0.994237
1025,667.808533,188.747086,33.824524,72.659866,0.991702
1025,669.749817,190.506699,27.533264,60.220581,0.991702
1025,675.571716,194.346130,28.484619,64.583038,0.991702
1025,667.660339,196.123596,26.488770,60.960449,0.988101
1025,310.627502,206.504196,23.901764,53.877304,0.972144
1025,672.495728,194.967743,35.846985,76.364319,0.724516
1025,392.640594,186.707779,41.973724,92.646469,0.707867
1025,678.327332,197.950821,23.000305,48.756775,0.452869
1025,311.806671,215.061234,18.519073,39.401779,0.399087
1025,315.792633,216.997284,15.442871,32.386612,0.399087
1025,312.890961,222.469559,18.166992,38.081161,0.399087
1025,664.513489,192.865280,26.930969,57.846802,0.305434
1025,384.338806,174.809662,47.421143,102.811157,0.215484
1025,687.855835,190.713623,24.402893,73.439575,0.148758
1025,660.022278,181.344116,32.006714,70.965073,0.138165
1025,680.122864,205.234146,22.981445,48.565063,0.130975
1025,307.414124,230.382263,13.797089,32.492615,0.127267
1025,377.099457,162.261261,65.128876,140.452728,0.100591
1025,380.075378,195.579498,41.976593,94.309052,0.088440
1025,294.635712,206.043503,27.607086,57.872543,0.078169
1025,660.043701,195.520721,29.342468,66.449371,0.071192
1025,672.729675,189.960281,22.421143,46.996445,0.050954
1025,315.766388,210.604950,15.406586,31.904480,0.043009
1025,688.692078,176.676697,24.974243,76.545517,0.042689
1025,675.843018,175.718750,33.626709,71.402435,0.038947
1050,222.175095,159.669022,66.153976,146.430893,0.996874
1050,295.640320,214.968628,22.658020,49.365570,0.995500
1050,299.970093,217.427902,18.720978,39.602036,0.995500
1050,295.401184,202.729965,24.434265,55.919052,0.995500
1050,291.237061,211.077606,23.143127,49.883209,0.994511
1050,298.167023,209.746887,24.057831,51.955383,0.989428
1050,401.908234,216.884171,18.437164,40.014084,0.985504
1050,402.737915,224.712204,15.504852,34.077347,0.985504
1050,399.618439,210.294998,19.610657,42.559387,0.944528
1050,302.072906,210.326904,16.178558,38.643250,0.914284
1050,229.367966,185.368088,54.893631,118.695480,0.887520
1050,134.888504,219.300415,16.728592,36.366241,0.847478
1050,134.192780,225.995285,15.375626,33.761429,0.847478
1050,132.999939,220.419983,14.229980,30.840118,0.847478
1050,132.966080,228.474411,13.531204,29.997604,0.847478
1050,293.119415,214.705582,16.773102,37.464203,0.834293
1050,293.698334,222.081161,18.688080,40.508591,0.834293
1050,137.796738,224.681290,15.908783,35.036240,0.811686
1050,139.952652,221.801132,14.748505,31.867447,0.811686
1050,141.733383,228.625641,13.771286,29.923615,0.811686
1050,400.455688,224.448273,18.862854,40.881714,0.792737
1050,287.018768,213.661774,23.604370,50.632141,0.714945
1050,227.047775,173.067673,50.610214,115.910873,0.679670
1050,402.716766,213.630020,13.541382,30.856003,0.371382
1050,287.988068,215.675217,26.446106,57.026596,0.352420
1050,138.317978,229.892700,16.626450,36.178955,0.315152
1050,129.843979,230.314102,17.095016,38.645340,0.263830
1050,289.955688,202.742889,36.704254,78.084625,0.164379
1050,292.233124,206.493317,20.079865,43.922546,0.122677
1050,292.913513,208.905838,14.267670,33.907791,0.122677
1050,302.393036,228.772400,15.014832,34.677368,0.097572
1050,238.923828,184.692139,52.314056,109.373688,0.090334
1050,216.458481,140.018646,82.981003,179.554718,0.090302
1050,137.609009,212.642166,22.483139,48.400833,0.090027
1050,128.554794,213.907440,22.325470,46.898132,0.090027
1050,401.842468,231.421768,15.309082,32.643692,0.080161
1050,403.615143,235.130386,11.730103,27.792740,0.080161
1050,397.055817,217.273453,24.803528,54.131210,0.047134
1075,25.737301,127.577744,86.618835,183.299301,0.996956
1075,281.691010,210.726929,21.068024,45.817322,0.996043
1075,279.348175,206.278931,25.330139,55.489380,0.996043
1075,277.225098,212.700287,22.583496,49.685364,0.990082
1075,384.779388,215.331085,17.532379,38.382919,0.986953
1075,381.319031,210.495209,22.715546,48.971466,0.986953
1075,383.402832,206.314880,18.697113,42.008514,0.986953
1075,276.837311,208.992142,20.171661,44.088577,0.957603
1075,283.979370,204.970764,23.728363,51.093750,0.952892
1075,22.737909,91.184410,102.391747,237.541107,0.411841
1075,383.806335,224.008057,16.450531,37.919983,0.338579
1075,47.197941,155.412643,72.147217,156.645798,0.331950
1075,33.923019,127.879730,68.641609,148.840240,0.321445
1075,23.713379,107.138504,61.040466,219.594315,0.261010
1075,280.784790,216.311768,17.665894,38.041229,0.199138
1075,280.102936,206.908630,18.502960,41.181061,0.199138
1075,278.635559,207.322800,15.337494,32.846741,0.199138
1075,40.540447,138.634369,88.388947,187.512573,0.176654
1075,41.989346,135.820984,56.858730,122.273254,0.118112
1075,43.646427,145.439316,61.203930,142.766006,0.089772
1075,58.405682,186.164810,60.281017,129.291000,0.078213
1075,53.632401,163.498657,56.670540,129.512909,0.071515
1075,268.229584,205.206390,29.271820,63.997192,0.049969
1075,46.787258,178.972610,56.618671,128.108902,0.039694
1100,251.049774,209.236069,20.613190,44.956573,0.996679
1100,345.200470,210.901474,18.731964,40.746414,0.993428
1100,346.257629,214.780212,19.351929,43.331665,0.993428
1100,5.906879,204.796097,24.027128,51.251572,0.992916
1100,3.020191,200.050232,28.865101,63.364655,0.992916
1100,1.985782,206.792953,20.932331,56.228012,0.984399
1100,347.070129,207.811447,22.519714,49.880844,0.982393
1100,246.519409,212.518723,21.908691,47.917343,0.971459
1100,401.682404,222.852051,12.509003,27.254883,0.969587
1100,402.949341,227.810776,11.557709,25.525406,0.969587
1100,349.654083,208.225159,16.626740,36.552322,0.966231
1100,3.765717,211.748093,24.421503,54.362808,0.949679
1100,252.776047,216.484985,18.393417,42.698090,0.879635
1100,339.610016,205.908356,20.739807,44.832504,0.874664
1100,245.049271,203.383072,24.399124,51.220383,0.850534
1100,7.854722,191.408417,27.669552,61.330536,0.778046
1100,339.343414,215.536285,20.261536,41.948029,0.723672
1100,1.617610,201.311981,18.792408,41.482208,0.578063
1100,400.254822,211.786469,16.081421,36.343018,0.547567
1100,10.029289,202.988007,18.815458,40.419052,0.428602
1100,11.448451,219.626495,17.985405,38.593842,0.407265
1100,245.867844,210.288818,19.637894,42.625305,0.357712
1100,348.806152,224.449631,16.445007,37.682419,0.233790
1100,262.959778,209.050674,19.203888,40.268677,0.212897
1100,343.664520,216.646698,16.534088,35.602859,0.169675
1100,343.259949,206.060043,17.254852,37.169067,0.169675
1100,342.039825,206.461960,14.917389,32.153595,0.169675
1100,250.962067,199.031464,25.808411,57.502106,0.163933
1100,400.448212,230.099747,13.825287,31.142044,0.112197
1100,399.852448,228.296097,17.421906,38.291550,0.112197
1100,3.811634,182.262268,22.701632,74.392517,0.080016
1100,402.995361,217.195633,11.955322,26.075027,0.075992
1100,341.368561,210.767029,21.841492,49.331177,0.071758
1100,342.515472,222.451248,14.484833,32.989273,0.071758
1100,344.958191,192.397827,26.110992,58.342453,0.063419
1100,7.818748,212.092255,26.056347,57.697876,0.052435
1100,2.889268,213.718765,19.676052,60.666092,0.044216
1125,148.321167,215.275421,23.534393,50.849487,0.994152
1125,146.823532,216.491226,19.810394,42.680099,0.994152
1125,241.520264,220.699326,18.088074,40.212692,0.987459
1125,240.792572,214.287048,18.858337,39.274429,0.987459
1125,238.052063,206.160645,23.136200,50.483276,0.985456
1125,153.813721,211.277267,23.648819,53.665085,0.979500
1125,246.673416,218.152908,19.296524,42.412766,0.919346
1125,153.881699,223.844940,17.685150,38.738678,0.784928
1125,148.091415,229.971146,14.467926,34.306168,0.759843
1125,151.607147,228.186813,18.519028,41.354294,0.744144
1125,149.506912,225.836517,23.136169,48.513184,0.744144
1125,142.296478,216.343979,22.919220,49.703812,0.600002
1125,241.827240,211.776550,15.448792,34.980728,0.558108
1125,249.432373,209.116180,20.557098,43.893204,0.299683
1125,147.778229,214.712234,14.400040,33.167648,0.175066
1125,236.888794,212.485458,25.577820,55.632706,0.163738
1125,241.239441,228.219894,16.873047,36.061234,0.148911
1125,243.013687,233.207993,12.918350,30.492752,0.148911
1125,249.926880,218.215469,15.226654,32.516693,0.052919
1125,248.747467,226.734451,15.717407,32.780869,0.052919
1125,254.240021,229.354675,12.284790,27.976044,0.052919
1125,246.638519,213.257248,23.126099,51.956284,0.050999
1125,155.610001,231.233139,15.959000,34.488510,0.044175
1125,158.721603,235.519852,12.283432,29.325027,0.044175
1125,133.557770,209.152069,27.353546,57.594757,0.042440
1125,231.147781,215.919128,21.172623,44.389435,0.040083
1150,643.712585,140.562454,65.643066,140.733963,0.995817
1150,16.390085,209.221039,23.601034,50.691193,0.968314
1150,23.485723,210.333618,22.379686,49.600403,0.968314
1150,663.241821,140.177338,47.183838,149.378998,0.922913
1150,22.151726,214.965134,16.369232,35.328674,0.922280
1150,21.055189,217.643555,20.149031,44.530151,0.922280
1150,25.794382,215.838745,16.066854,33.650635,0.882792
1150,19.414413,206.094818,20.520271,44.681000,0.652901
1150,21.027454,222.909363,15.077103,33.529663,0.605307
1150,20.087543,206.823578,16.086800,35.129730,0.548605
1150,26.973942,220.334900,17.057812,36.221649,0.505679
1150,638.312012,128.179184,77.783630,173.162186,0.373257
1150,654.568604,169.474167,46.297668,105.591690,0.350273
1150,638.335388,152.854355,53.055420,117.909805,0.318520
1150,651.567322,130.979874,61.517761,132.697922,0.284187
1150,26.291147,206.612122,17.060072,35.797974,0.280458
1150,30.295696,207.932556,13.321316,30.278397,0.280458
1150,645.586975,179.191299,45.481873,97.824783,0.197752
1150,659.423462,154.388214,43.703613,99.167648,0.072581
1150,638.847717,172.170029,42.776123,95.488297,0.065147
1150,18.389441,226.190277,17.912916,40.745026,0.036276
1175,290.996185,133.420868,81.603760,175.108490,0.990587
1175,299.067932,134.092026,68.208160,143.869858,0.481505
1175,309.294464,139.530167,54.251099,120.733627,0.222091
1175,302.303802,156.890289,66.820068,143.211151,0.212266
1175,310.306335,162.335754,53.125671,124.987579,0.142454
1175,307.761261,183.617767,57.290192,119.733978,0.090678
1175,311.282990,215.646194,42.720276,92.836075,0.063706
1175,308.921204,201.101089,41.584259,94.912125,0.033589
1175,316.680298,194.046219,45.341217,103.632828,0.033589
1200,534.661011,176.513336,48.481201,107.485901,0.994668
1200,645.427063,174.708130,53.197144,111.998322,0.983959
1200,646.965881,194.559677,41.546448,90.836594,0.451982
1200,527.095276,189.949326,36.231506,84.667221,0.409500
1200,655.126282,186.966446,41.304810,93.159500,0.217944
1200,531.426270,167.294891,44.553589,93.821503,0.192473
1200,640.908142,157.082031,64.379211,139.495178,0.136333
1200,637.654480,185.465622,35.976440,80.716782,0.106624
1200,656.214722,173.296173,49.576538,106.917145,0.105198
1200,523.716309,166.778641,59.697876,127.169846,0.102034
1200,637.355713,177.930359,45.026978,103.236572,0.095415
1200,531.817993,159.318008,61.787231,131.228226,0.059627
1200,549.142273,175.913513,42.468567,97.006195,0.058324
1200,540.133240,192.494476,46.603760,102.000671,0.050109
1200,526.901245,187.446304,46.704224,97.210464,0.044188
1200,645.596558,176.842270,42.255188,92.386398,0.036922
1225,2.502537,160.105896,48.025856,133.316498,0.994541
1225,1.000000,139.237930,59.862274,158.031204,0.168127
1225,1.000000,166.319336,30.506054,98.495880,0.141531
1225,3.809388,167.839874,40.093781,92.414948,0.141531
1225,1.000000,150.201645,37.526669,133.360916,0.090723
1225,1.000000,170.316391,40.756462,135.298721,0.048359
1225,5.496219,221.675873,39.562172,86.975800,0.036040
1425,313.460266,279.844116,16.751068,36.515533,0.640447
1425,317.008850,280.651306,14.960968,32.151062,0.640447
1425,315.154297,286.244904,15.982269,33.536743,0.640447
1425,292.615540,284.768250,16.167328,33.844208,0.203733
1425,292.292328,288.979218,13.275818,28.679596,0.203733
1425,289.893646,284.454407,20.109558,41.599426,0.193841
1425,307.505310,285.618988,15.078827,32.900604,0.115171
1425,305.187073,279.410889,18.836761,41.403717,0.107350
1425,318.234070,275.948853,14.073059,29.687653,0.063260
1425,291.786591,282.119690,15.123993,31.954865,0.058653
1425,313.596069,270.986389,23.369232,50.564758,0.054956
1425,640.332947,177.444580,40.128418,86.553040,0.044308
1450,255.081573,271.516815,22.215210,49.186676,0.916475
1450,266.861359,273.986877,27.527771,60.909332,0.906724
1450,254.783768,276.201569,26.268326,56.798157,0.906724
1450,255.714264,285.947174,20.329620,43.864166,0.870230
1450,271.505859,285.135529,21.500824,46.653839,0.833440
1450,269.604889,285.448578,25.944794,55.687439,0.829441
1450,274.935150,271.651276,28.385895,63.272125,0.780967
1450,272.027405,273.240692,20.702881,46.610382,0.746766
1450,273.365082,282.587128,18.687134,39.769928,0.719164
1450,257.441406,295.363281,16.005249,37.414398,0.353461
1450,275.807770,279.799530,23.192749,51.595856,0.231342
1450,279.308197,294.384338,20.121063,45.866364,0.231342
1450,277.627655,279.678375,28.305084,63.098480,0.225077
1450,272.976440,296.307281,16.010071,37.331116,0.210999
1450,279.599365,288.514343,19.165741,40.146881,0.143221
1450,280.883972,281.825500,17.912109,37.398987,0.143221
1450,284.621918,292.217529,14.966827,32.970306,0.143221
1450,280.667236,284.913910,22.581116,50.859192,0.041259
1475,259.490906,267.002380,27.472412,60.120209,0.986912
1475,246.541183,254.071762,32.727341,68.455887,0.980439
1475,252.906509,264.563049,30.188095,65.658173,0.973757
1475,235.061630,265.469086,29.316238,62.884644,0.961496
1475,235.082016,253.436005,32.658524,67.115875,0.947136
1475,237.144791,270.750214,23.294510,49.947998,0.913784
1475,257.403229,275.271729,21.455750,44.554291,0.904721
1475,225.332993,266.458832,33.935715,72.073669,0.707844
1475,234.269272,253.333023,26.309311,59.914413,0.578390
1475,251.808273,273.972321,28.395889,64.018158,0.552366
1475,255.454803,267.312927,22.986572,47.955078,0.291954
1475,221.205154,256.518402,32.617676,71.785400,0.231466
1475,259.969513,278.593750,26.446625,59.494873,0.196068
1475,265.582001,267.377197,20.088470,43.229034,0.150018
1475,402.838013,294.269318,13.771118,30.183014,0.127256
1475,403.010040,289.520386,12.537811,27.497375,0.127256
1475,265.100128,278.792145,21.664917,48.036652,0.121036
1475,400.736450,297.681793,16.061676,35.654358,0.102456
1475,400.237640,295.973755,19.347046,42.961456,0.102456
1475,223.537689,273.179169,27.380966,62.078369,0.085872
1475,232.971024,253.337158,43.081314,93.439819,0.079483
1475,403.656189,302.534698,11.562622,28.447021,0.056144
1500,229.350861,268.121460,36.129181,77.614105,0.969188
1500,216.290894,271.444366,34.945419,75.049194,0.957342
1500,240.152756,268.927979,34.829086,76.247620,0.947083
1500,242.830963,268.621216,29.370789,61.637146,0.947083
1500,233.171722,260.458527,35.093842,76.806030,0.936246
1500,210.604446,256.958862,38.071503,82.680511,0.897767
1500,218.165878,277.630615,27.858109,63.390961,0.776635
1500,222.012436,280.820221,22.393082,49.671234,0.748705
1500,239.582596,282.343689,20.821793,45.761475,0.540070
1500,211.238525,265.874878,30.223053,67.852692,0.518755
1500,245.390961,278.534302,32.107941,72.774597,0.179286
1500,238.619202,272.652008,22.756317,48.375092,0.150152
1500,232.969772,253.451004,43.374405,92.791489,0.111888
1500,492.831238,274.893829,16.457733,36.338104,0.094514
1500,492.737915,267.604614,15.556793,33.297699,0.094514
1500,488.110596,265.127502,22.412140,48.920135,0.084798
1500,247.729187,278.973785,25.214142,55.124634,0.069808
1525,192.433990,251.666092,42.283676,90.143967,0.996259
1525,231.287918,250.286133,40.156174,86.874207,0.994477
1525,239.832809,260.611298,36.086227,78.992432,0.987135
1525,209.902496,252.405289,41.304764,88.660751,0.976701
1525,228.529221,260.525604,35.743851,74.955994,0.966366
1525,189.423874,258.864105,37.465408,80.025513,0.903634
1525,197.203384,252.539200,33.849152,76.048264,0.867255
1525,237.743042,266.701233,24.476227,54.483551,0.389339
1525,241.171234,252.511383,32.147339,69.701294,0.377033
1525,244.768799,251.588409,25.252686,60.518219,0.377033
1525,234.603699,256.210724,32.953979,68.714294,0.340086
1525,234.354630,249.391235,29.358780,62.778595,0.340086
1525,202.428268,273.276947,31.757111,71.356750,0.332552
1525,431.017639,281.099335,14.501038,30.837280,0.276584
1525,400.875061,253.532288,11.993134,25.164124,0.233725
1525,204.612930,270.866760,23.777985,52.527618,0.231850
1525,428.128632,279.600708,17.897552,39.063354,0.213080
1525,243.638138,242.062408,34.493210,77.791840,0.196618
1525,431.802185,287.301819,15.782654,31.969940,0.147563
1525,434.084991,291.915955,12.188354,26.926605,0.147563
1525,431.706635,273.300751,13.331238,28.211823,0.127990
1525,428.603668,270.915039,16.660706,37.863403,0.127990
1525,201.773636,262.316132,26.993484,53.306732,0.087593
1525,182.601410,245.684753,51.526367,107.132507,0.079462
1525,64.950378,234.709656,39.349937,83.391174,0.060172
1525,401.605896,244.056747,11.878784,25.124680,0.055071
1525,397.807922,240.763428,15.354401,35.380859,0.055071
1525,215.745819,258.390350,28.809845,62.642395,0.053978
1525,234.399109,272.120575,28.670502,56.724915,0.039982
1550,184.498169,223.710831,48.189377,104.900192,0.995917
1550,136.186356,213.497299,53.484482,114.525986,0.995453
1550,175.059296,219.062088,53.581818,116.285538,0.992674
1550,177.480408,226.960861,42.315140,101.128708,0.955992
1550,156.756714,217.128067,55.248734,119.517746,0.916211
1550,162.510300,228.504776,44.911377,100.585251,0.916211
1550,147.971497,225.888550,41.663788,92.943909,0.910999
1550,144.481110,207.651505,60.201080,129.498795,0.705303
1550,136.234268,221.636063,41.592926,92.757065,0.399098
1550,417.688385,254.993378,16.218536,33.386536,0.219307
1550,418.985474,259.696411,12.864197,27.728302,0.219307
1550,188.489258,221.062592,37.118011,88.580994,0.199770
1550,145.845291,240.731979,44.767151,97.271011,0.145951
1550,147.472824,242.301117,34.356857,82.212952,0.136818
1550,413.934052,247.164032,18.595001,40.403076,0.127038
1550,151.451904,255.066010,35.314835,79.651886,0.118744
1550,183.170197,238.815460,42.184418,93.284454,0.073807
1550,415.955322,250.933228,14.759888,32.269867,0.050066
1550,415.407349,241.632126,14.272766,30.595871,0.050066
1550,412.809021,238.720230,17.548889,39.552322,0.050066
1575,108.557480,192.142410,64.012466,138.755295,0.997067
1575,48.344887,197.828873,62.285339,133.815445,0.995090
1575,114.070480,199.355850,50.557129,114.798538,0.774842
1575,38.251858,173.821060,77.741974,170.070389,0.586724
1575,51.801994,204.113388,48.201820,111.117081,0.531646
1575,120.956734,214.585495,50.837685,111.279861,0.299372
1575,61.168751,188.933487,70.159790,149.409988,0.249356
1575,68.404724,203.244278,52.076653,116.041550,0.238749
1575,124.110718,202.636658,43.570450,100.087463,0.237244
1575,41.259964,204.175278,51.247055,115.728745,0.191149
1575,408.168213,217.837280,14.141724,30.455902,0.112561
1575,406.330658,219.091522,13.065247,27.753998,0.112561
1575,407.916290,223.347473,15.075012,32.040329,0.112561
1575,406.457214,227.569687,12.335419,26.806946,0.112561
1575,436.481873,85.777924,13.054749,26.633148,0.103179
1575,434.333801,82.154686,15.443695,35.655533,0.103179
1575,436.671387,84.455742,11.203094,23.306618,0.103179
1575,105.497940,203.031647,51.661270,114.778198,0.101881
1575,124.920753,197.282745,53.915077,113.841614,0.101719
1575,411.391754,221.407883,13.848328,29.558197,0.092575
1575,414.750977,221.868088,12.549927,26.693466,0.092575
1575,411.437317,225.903793,16.257385,33.872726,0.092575
1575,415.493317,229.928680,12.699402,27.153442,0.092575
1575,117.049248,202.040802,41.450081,96.761139,0.057201
1575,403.868286,206.663559,18.179108,40.244812,0.051004
1575,109.884377,181.856232,77.123512,165.963196,0.040039
1600,1.000000,150.877762,64.065498,201.779495,0.890613
1600,411.471924,202.372971,16.557251,35.695557,0.835270
1600,416.324341,209.371521,13.382050,28.429504,0.815580
1600,411.674927,194.386795,16.925690,38.465622,0.701943
1600,414.964966,196.980789,13.801514,29.444260,0.701943
1600,336.848480,174.368683,13.350769,28.834854,0.524236
1600,336.201447,179.451431,13.792908,30.596939,0.524236
1600,334.540436,170.883957,17.087982,36.744400,0.524236
1600,414.724548,213.016907,16.152771,37.366501,0.101328
