25,549.920000,135.570000,108.490000,220.580000,0.996730
25,651.240000,179.840000,42.705000,96.598000,0.958200
25,511.910000,41.569000,32.917000,65.066000,0.042760
25,217.870000,218.470000,24.968000,54.106000,0.017504
25,566.830000,284.360000,31.781000,80.755000,0.013310
50,582.020000,111.930000,108.400000,241.210000,0.992590
50,169.660000,228.980000,24.349000,53.259000,0.104150
50,208.100000,219.980000,28.402000,53.766000,0.057508
75,608.600000,129.760000,92.738000,252.730000,0.979790
75,136.510000,240.980000,22.594000,54.620000,0.230520
75,493.910000,72.976000,36.047000,70.881000,0.060842
75,177.200000,224.860000,29.533000,66.697000,0.014331
75,12.565000,237.270000,32.644000,71.745000,0.002188
75,480.520000,73.102000,27.984000,62.270000,0.000872
100,550.610000,32.157000,34.296000,74.610000,0.034616
100,643.600000,126.760000,76.402000,239.540000,0.026858
100,657.350000,277.710000,32.241000,82.400000,0.018331
100,648.350000,218.050000,55.420000,149.490000,0.001812
175,463.790000,198.100000,29.461000,66.496000,0.140140
175,400.850000,132.660000,26.623000,62.069000,0.119500
175,391.850000,133.590000,25.321000,59.784000,0.051404
175,490.540000,72.519000,25.977000,53.850000,0.022359
175,25.265000,251.650000,30.501000,79.139000,0.008046
175,478.960000,73.459000,25.521000,59.840000,0.002909
200,380.170000,158.460000,24.722000,60.197000,0.001258
225,567.660000,197.180000,29.786000,76.145000,0.439470
225,239.040000,207.650000,35.663000,48.988000,0.361060
225,433.540000,99.937000,33.788000,72.560000,0.045095
225,424.760000,208.830000,22.268000,49.223000,0.008376
250,661.750000,183.680000,31.781000,66.011000,0.927470
250,530.990000,197.720000,25.311000,61.476000,0.257450
250,462.980000,72.476000,34.693000,66.434000,0.004046
275,583.260000,195.240000,30.516000,60.154000,0.951070
300,676.630000,190.460000,30.793000,69.986000,0.136380
300,208.540000,217.070000,29.025000,56.807000,0.066601
300,432.460000,209.690000,28.885000,59.521000,0.012514
325,586.170000,39.160000,34.382000,70.295000,0.010238
325,431.330000,139.180000,26.662000,63.819000,0.005764
400,580.190000,185.610000,32.982000,75.447000,0.622910
400,176.780000,208.470000,28.054000,68.344000,0.251350
400,183.050000,209.980000,36.363000,60.829000,0.036171
400,203.000000,201.810000,27.583000,61.329000,0.031929
400,9.275200,141.390000,39.636000,77.426000,0.012881
425,672.280000,99.986000,34.232000,80.016000,0.035755
475,352.250000,198.160000,25.484000,47.077000,0.046689
500,385.960000,188.760000,24.602000,51.677000,0.016317
500,373.700000,186.190000,24.829000,55.753000,0.005539
525,414.320000,199.910000,22.119000,47.851000,0.218640
525,393.660000,191.610000,25.742000,51.586000,0.013846
550,410.650000,181.830000,23.005000,51.859000,0.707480
550,447.450000,185.370000,22.139000,54.590000,0.631350
550,439.370000,186.120000,19.392000,52.355000,0.425920
550,434.490000,185.370000,16.575000,51.268000,0.067083
550,129.040000,194.230000,32.701000,65.667000,0.008693
575,487.030000,182.010000,22.188000,62.852000,0.912990
575,472.130000,178.950000,30.937000,65.136000,0.766200
575,428.840000,177.750000,20.242000,53.533000,0.684950
575,442.970000,179.640000,18.981000,53.113000,0.292780
575,433.240000,171.320000,26.232000,62.383000,0.180620
575,144.970000,182.680000,25.387000,52.469000,0.028385
600,511.290000,173.960000,28.709000,80.256000,0.995450
600,489.520000,176.940000,29.298000,80.291000,0.991780
600,497.020000,173.110000,35.718000,85.058000,0.914390
600,431.220000,175.900000,25.387000,59.611000,0.897750
600,439.590000,176.350000,26.787000,56.996000,0.661850
625,608.550000,139.310000,42.975000,119.880000,0.998660
625,573.470000,139.940000,39.140000,119.730000,0.998040
625,458.150000,160.700000,29.357000,70.584000,0.986900
625,473.920000,161.460000,24.350000,70.513000,0.807060
650,561.400000,182.240000,37.839000,91.286000,0.990120
650,589.680000,190.100000,27.859000,69.635000,0.869410
650,579.440000,187.480000,29.996000,79.466000,0.621030
675,648.230000,171.880000,57.409000,117.620000,0.985830
700,154.740000,248.930000,31.778000,56.758000,0.261470
725,552.890000,219.610000,21.000000,52.683000,0.132870
725,505.860000,229.320000,26.571000,55.712000,0.000634
750,607.680000,192.390000,27.865000,67.535000,0.975970
750,560.590000,208.510000,26.300000,50.140000,0.543160
750,218.820000,199.520000,35.879000,66.650000,0.020056
775,132.970000,235.270000,24.130000,48.452000,0.717430
775,670.810000,198.990000,30.611000,81.159000,0.675030
775,604.010000,224.180000,31.323000,73.208000,0.074939
775,137.180000,235.550000,34.072000,58.067000,0.000494
800,634.480000,234.870000,32.735000,72.008000,0.990280
800,454.660000,256.780000,31.833000,49.450000,0.003986
825,641.890000,215.180000,35.267000,83.763000,0.998840
850,628.410000,179.300000,46.340000,110.990000,0.995170
875,602.210000,198.010000,59.566000,136.620000,0.999300
900,650.590000,184.740000,69.414000,172.220000,0.086394
925,267.420000,224.060000,25.304000,53.977000,0.954220
950,571.550000,214.240000,28.188000,52.820000,0.650060
975,509.390000,218.390000,30.034000,63.607000,0.893540
1000,508.260000,202.040000,28.276000,54.255000,0.868460
1000,41.323000,203.980000,20.147000,46.933000,0.021519
1025,536.310000,194.310000,34.444000,79.462000,0.980030
1050,641.860000,165.540000,50.510000,115.130000,0.996990
1200,18.092000,209.620000,34.339000,61.544000,0.000165
1325,341.420000,189.180000,36.701000,56.769000,0.026434
1375,482.540000,187.380000,25.642000,67.070000,0.109240
1400,599.060000,110.210000,20.663000,86.732000,0.023750
1425,578.470000,184.620000,29.748000,79.727000,0.949820
1425,647.170000,67.801000,40.294000,144.240000,0.057683
1475,439.650000,204.040000,24.121000,50.605000,0.006377
1500,462.150000,134.640000,30.193000,69.699000,0.109730
1525,433.660000,164.610000,26.798000,67.090000,0.209790
1550,445.780000,153.120000,40.242000,101.500000,0.064017
1550,457.100000,191.480000,30.238000,68.504000,0.037609
1550,25.347000,208.590000,24.099000,59.668000,0.012411
1575,483.180000,214.660000,24.583000,53.014000,0.845960
1575,546.170000,66.410000,99.094000,228.830000,0.037138
1575,565.700000,60.217000,37.663000,95.898000,0.013100
1600,516.310000,191.060000,26.126000,63.202000,0.631410
1600,509.460000,191.210000,24.674000,54.888000,0.517140
1600,503.100000,187.960000,22.478000,56.116000,0.078331
1600,442.680000,211.770000,24.772000,47.576000,0.007827
1625,556.440000,192.150000,40.042000,90.722000,0.957550
1625,466.840000,224.900000,24.735000,54.099000,0.329850
1625,619.630000,214.220000,28.375000,49.601000,0.206520
1675,537.660000,213.620000,30.392000,60.597000,0.953750
1675,565.160000,207.980000,35.363000,92.250000,0.003673
1700,572.140000,206.820000,29.279000,74.297000,0.962110
1700,139.860000,218.200000,38.210000,60.457000,0.030139
1700,102.440000,232.620000,27.302000,49.557000,0.009100
1725,636.820000,198.970000,35.533000,84.295000,0.998770
1725,597.560000,197.550000,30.540000,77.568000,0.989550
1725,583.670000,200.620000,33.676000,78.045000,0.004484
1750,670.800000,192.020000,29.573000,89.700000,0.672610
1775,416.700000,217.120000,21.803000,49.303000,0.000761
1800,473.600000,232.240000,24.686000,55.784000,0.034624
1800,438.200000,232.630000,24.408000,49.748000,0.004364
1825,423.650000,224.020000,22.415000,51.386000,0.688040
1825,447.290000,228.970000,22.458000,53.992000,0.293570
1850,476.160000,220.160000,24.324000,54.991000,0.707120
1850,441.330000,220.180000,24.453000,50.021000,0.687570
1850,514.580000,220.170000,33.531000,79.124000,0.088204
1850,466.480000,221.670000,22.669000,53.155000,0.005718
1875,452.380000,211.780000,23.096000,54.764000,0.656980
1875,490.930000,212.320000,26.782000,60.150000,0.418310
1875,469.540000,211.730000,21.070000,52.203000,0.270030
1875,661.180000,223.030000,31.900000,74.356000,0.107420
1875,597.270000,215.760000,32.162000,68.397000,0.066012
1900,505.600000,209.790000,20.899000,63.780000,0.890910
1900,480.330000,211.640000,22.406000,57.700000,0.798990
1900,471.310000,207.040000,22.968000,60.163000,0.381080
1900,462.150000,210.940000,22.132000,57.228000,0.081579
1925,543.010000,201.090000,29.563000,81.555000,0.929010
1925,515.210000,200.680000,30.596000,78.675000,0.873000
1925,567.570000,201.000000,32.952000,88.467000,0.434300
1925,486.270000,201.410000,35.076000,76.328000,0.399210
1925,534.120000,209.300000,26.076000,72.105000,0.314000
1925,506.070000,205.030000,30.047000,72.153000,0.309830
1925,555.790000,197.980000,35.057000,96.531000,0.228100
1950,626.480000,181.370000,46.737000,103.490000,0.981450
1950,528.060000,182.330000,40.229000,92.968000,0.976400
1950,592.420000,177.920000,39.225000,109.970000,0.933260
1950,567.700000,182.680000,30.110000,93.828000,0.724920
1950,547.940000,185.070000,31.122000,91.317000,0.379660
1950,579.160000,186.880000,32.426000,88.186000,0.100940
1975,642.460000,181.930000,40.988000,111.610000,0.986930
2025,518.710000,220.610000,26.471000,58.287000,0.219910
2050,530.260000,209.970000,28.400000,61.022000,0.877640
2050,225.970000,206.800000,28.689000,57.867000,0.779020
2050,544.630000,216.130000,29.700000,65.161000,0.082974
2050,520.080000,214.400000,27.688000,57.614000,0.022136
2075,567.850000,230.180000,28.798000,64.187000,0.028056
2100,618.830000,216.590000,36.786000,86.335000,0.451390
2100,239.480000,211.230000,40.126000,57.426000,0.260250
2125,179.620000,197.710000,34.164000,70.679000,0.697520
2125,268.230000,205.180000,38.808000,52.685000,0.649200
2125,574.290000,210.610000,25.420000,51.993000,0.076918
2125,109.530000,212.230000,27.087000,61.604000,0.008166
2150,118.680000,213.010000,34.725000,72.695000,0.437400
2150,193.770000,214.170000,51.674000,76.916000,0.094587
2150,137.330000,231.900000,27.615000,55.284000,0.003432
2175,211.820000,237.730000,24.922000,52.385000,0.219720
2175,254.390000,225.650000,32.761000,60.164000,0.054278
2175,167.910000,227.640000,25.909000,55.951000,0.034095
2200,265.900000,207.430000,28.790000,57.690000,0.187460
2200,60.803000,221.790000,33.753000,56.574000,0.031761
2225,32.473000,204.500000,25.459000,58.105000,0.915310
2225,143.680000,213.350000,39.225000,68.857000,0.392090
2225,80.052000,229.920000,25.444000,54.300000,0.209670
2225,129.880000,222.300000,35.930000,63.251000,0.062991
2225,240.650000,221.140000,28.665000,53.944000,0.034859
2225,164.410000,209.950000,31.182000,62.813000,0.004099
2225,228.750000,223.820000,25.996000,49.809000,0.003962
2225,183.900000,203.570000,24.557000,62.662000,0.002282
2250,637.990000,226.950000,34.485000,55.863000,0.013043
2325,49.822000,217.430000,25.955000,61.035000,0.303880
2325,103.220000,219.980000,26.660000,51.015000,0.104000
2325,663.160000,237.520000,25.198000,54.208000,0.044248
2325,139.230000,226.830000,35.487000,53.174000,0.012419
2325,649.830000,238.980000,26.515000,66.503000,0.000533
2350,172.610000,216.730000,39.026000,55.878000,0.587820
2425,183.070000,214.560000,26.399000,53.966000,0.352510
2450,172.420000,203.740000,22.419000,50.823000,0.148110
2450,67.314000,216.300000,27.923000,52.123000,0.011250
2550,509.020000,211.730000,26.439000,52.573000,0.007301
2575,577.540000,236.750000,24.163000,52.790000,0.007352
2575,586.080000,238.840000,21.937000,52.193000,0.005408
2575,559.580000,225.490000,28.059000,54.064000,0.004006
2575,595.430000,228.910000,23.618000,60.531000,0.003466
2600,153.360000,207.820000,27.271000,56.376000,0.058203
2625,546.430000,209.270000,29.734000,55.337000,0.006108
2650,45.138000,202.600000,26.331000,64.206000,0.203800
2650,590.400000,205.540000,26.376000,58.448000,0.105450
2650,88.489000,208.720000,34.394000,47.931000,0.002936
2675,642.340000,204.290000,29.519000,64.867000,0.003266
2725,90.482000,221.220000,23.772000,51.400000,0.095256
2750,130.870000,217.790000,25.374000,57.723000,0.059218
2800,98.026000,214.760000,22.392000,49.463000,0.033789
2800,153.320000,213.930000,27.264000,52.063000,0.015710
2850,17.852000,211.560000,23.202000,55.911000,0.641490
2875,467.640000,214.950000,21.553000,50.018000,0.004979
