25,446.430481,158.832367,13.164368,28.728119,0.292745
25,445.422455,162.687073,14.115570,30.691101,0.292745
25,443.506561,155.593338,16.045868,35.598785,0.292745
25,271.473053,66.965683,18.857117,43.294052,0.216950
25,275.084625,69.096687,14.866943,30.704811,0.216950
25,268.107300,58.059311,26.422333,53.535614,0.152179
25,439.246735,157.712280,14.406250,31.324127,0.063512
25,438.346527,163.546432,14.776062,31.500488,0.063512
25,437.466400,158.797256,12.819153,28.020844,0.063512
25,437.050385,166.508728,12.902802,27.913055,0.063512
25,443.013306,143.585312,18.598511,41.118469,0.050396
50,240.264450,49.379490,30.920242,66.874634,0.547728
50,431.196014,154.621719,13.566376,29.500366,0.422563
50,244.724533,44.057899,32.519852,72.950958,0.336978
50,430.499390,157.110901,15.213562,33.062119,0.240849
50,433.248596,162.404236,12.298126,26.986084,0.240849
50,429.241425,144.185562,17.469513,39.353394,0.166885
50,433.190430,149.411285,12.693329,27.534882,0.092370
50,495.798523,141.363235,18.013611,37.262390,0.072103
50,496.918396,142.170822,14.323669,31.873093,0.072103
50,491.151672,143.804047,26.623535,55.605804,0.066640
50,494.216888,147.961761,21.080536,42.763687,0.066640
50,496.009094,151.417053,17.122437,35.473541,0.066640
50,239.840500,37.407425,46.710770,100.280411,0.056708
75,416.629822,159.787781,13.278503,29.213211,0.963108
75,413.852081,154.073517,17.992737,39.060928,0.963108
75,413.410309,162.206635,19.971832,42.701447,0.509994
75,210.001450,45.776623,26.307785,58.706188,0.352252
75,213.161270,44.518993,28.908493,62.219006,0.268678
75,204.428848,36.335651,31.674484,63.771053,0.242674
75,416.367004,153.658234,14.353699,29.673111,0.110739
75,419.195312,151.028519,10.524689,25.349152,0.110739
75,414.798248,166.892029,16.065094,33.521591,0.080377
75,418.053101,172.090622,11.462494,28.111649,0.080377
75,432.243591,160.187424,11.019775,23.948746,0.034346
75,432.068390,165.501266,11.324646,24.448776,0.034346
75,429.603333,156.502213,13.554810,29.432251,0.034346
75,428.441864,162.153763,14.429230,30.648560,0.034346
75,428.001434,153.241043,18.275909,39.969986,0.034346
75,212.602631,51.866661,19.653198,44.210648,0.033959
100,399.794769,169.668518,13.495117,29.121216,0.646373
100,400.306427,162.396896,13.854401,29.993454,0.646373
100,397.503418,161.141235,16.173676,36.857498,0.646373
100,396.111389,159.711899,20.074524,44.074234,0.387742
100,401.217743,174.241226,12.515900,28.504196,0.221643
100,225.581604,117.137482,60.992126,134.663712,0.209137
100,219.868164,109.310234,79.899048,170.310150,0.064102
100,233.818207,119.753647,49.749969,106.189804,0.059943
100,389.563232,167.826050,14.468262,30.931137,0.052318
100,520.350281,143.849411,45.464417,98.282516,0.043823
100,521.803650,148.219421,38.026245,80.598633,0.033178
125,383.671692,170.827515,13.687347,29.093033,0.099046
125,382.370850,168.546280,17.200623,36.493896,0.099046
125,380.737183,162.575165,20.375793,45.050354,0.099046
125,514.294739,143.341675,41.441772,89.568146,0.080002
125,386.032349,178.897583,11.249878,25.858047,0.066818
125,370.784271,170.393677,13.685699,29.314041,0.065040
125,369.362518,174.053665,15.443481,32.197372,0.065040
125,370.862579,178.647705,12.365112,27.069473,0.065040
125,368.095703,159.463623,18.688477,41.332214,0.040269
125,386.047028,163.515701,12.402527,27.619415,0.037079
125,382.296844,162.928970,15.395294,34.845551,0.037079
150,336.820068,168.380951,16.879333,36.066254,0.183565
150,335.029480,157.172653,20.574554,44.037933,0.183565
150,338.419678,169.556870,13.725494,29.444763,0.182762
150,338.614044,177.274048,12.925690,27.519241,0.182762
150,339.463715,163.993713,11.286682,26.650513,0.072739
150,352.187805,171.384171,11.999664,25.853333,0.054268
150,349.601837,168.549042,16.448944,35.337982,0.036355
150,347.975220,163.193634,19.707092,43.481247,0.036355
150,349.670746,158.192291,17.067535,39.045364,0.036355
175,335.058502,214.620667,12.337524,26.645294,0.955410
175,336.640717,210.219254,11.538025,25.975357,0.955410
175,332.927643,208.483688,14.480774,31.998581,0.955410
175,325.564575,215.070221,12.763611,27.754211,0.661664
175,326.226532,209.878006,13.086365,29.150146,0.661664
175,332.669952,216.589005,14.541565,30.716293,0.642509
175,331.613342,214.825455,17.822540,38.750626,0.642509
175,332.397369,209.344421,17.551056,37.925629,0.261058
175,332.983704,195.073471,17.400360,38.177460,0.261058
175,322.216553,205.994095,18.748169,39.530838,0.223653
175,322.453705,217.716812,14.507935,32.504639,0.223653
175,321.634796,214.891083,18.603119,40.513428,0.223653
175,337.319397,222.036575,10.304565,25.062271,0.108156
175,331.425659,200.783310,21.702698,47.328934,0.059492
200,334.536163,206.651031,12.354889,27.176910,0.979119
200,333.798920,210.307663,13.247314,28.890152,0.979119
200,331.524017,203.405777,14.977875,33.003937,0.979119
200,332.255524,194.367722,16.847290,37.917496,0.920110
200,336.389526,199.772858,12.400360,26.591690,0.594937
200,332.733551,214.422943,14.906891,32.345078,0.374998
200,327.160950,206.660309,12.411224,27.141907,0.262503
200,326.535889,210.370636,13.643188,29.615173,0.262503
200,326.404785,203.675919,15.607819,33.918655,0.262503
200,521.724792,227.214066,33.953369,76.044510,0.119214
200,323.415955,192.056931,18.241577,39.746124,0.104344
200,533.637634,229.028152,31.468140,71.208267,0.099496
200,318.727692,195.360077,22.732025,47.145203,0.080267
200,331.429810,195.703796,22.088501,46.940628,0.080267
200,529.513916,213.840546,36.159973,81.736908,0.079608
200,520.804810,209.799225,37.644287,81.283386,0.062355
200,526.316772,233.583893,25.508362,53.970062,0.049206
200,516.753357,195.788986,49.335449,104.473648,0.048599
200,515.834229,175.406525,60.918884,131.571320,0.041774
200,523.736450,216.456207,30.062134,68.299438,0.039086
225,337.497955,207.018890,14.004211,30.156769,0.994443
225,335.210114,201.011444,18.890472,40.669403,0.994443
225,335.962860,212.231064,15.386719,34.302750,0.909673
225,334.989685,209.588028,19.102356,40.734940,0.909673
225,336.588959,200.376694,15.559662,33.227432,0.879046
225,338.945099,197.953217,11.738708,27.796677,0.879046
225,338.743683,218.329193,11.887665,28.566101,0.136733
225,342.929016,199.129593,26.275482,55.227432,0.096245
225,564.764954,234.732956,37.182861,86.225723,0.084009
225,558.296143,248.759415,27.734863,61.876602,0.034698
250,354.629944,207.379974,12.365112,27.042740,0.882828
250,354.658173,212.087723,12.633850,27.706116,0.882828
250,352.850433,203.849533,14.798370,32.909286,0.882828
250,352.025940,194.647949,17.127777,38.062195,0.523970
250,499.240814,205.294693,19.882843,43.715897,0.493078
250,499.238434,206.098343,16.029938,34.506256,0.493078
250,500.523010,213.470886,15.321045,32.859039,0.476817
250,500.068848,215.462463,20.141663,44.756561,0.476817
250,496.156647,203.597153,25.023163,52.937424,0.291025
250,355.257019,199.449677,11.995270,25.537598,0.175209
250,351.314911,199.335236,19.533356,40.816422,0.149257
250,351.785217,215.293228,15.018188,33.892700,0.149257
250,508.096802,211.477127,19.480591,42.498398,0.129914
250,505.419861,207.685211,24.196594,51.320251,0.129914
250,511.031464,215.699875,15.663971,33.217743,0.129914
250,619.835205,224.699371,36.970581,84.979248,0.051438
250,625.282898,237.874680,39.215942,87.054367,0.045335
250,512.060669,223.782761,15.084839,33.416428,0.043228
250,590.565125,131.513214,83.405701,177.043640,0.042994
250,619.484375,248.365448,31.459045,71.480164,0.039008
250,605.636597,163.689392,73.397705,157.861389,0.038929
250,509.437073,205.809509,17.776367,38.549850,0.033588
250,511.953522,207.430588,14.558685,32.197937,0.033588
275,599.412292,234.872498,24.720398,54.781342,0.535421
275,598.248962,239.118439,20.391846,46.646576,0.472877
275,602.087280,243.917236,17.342468,38.211975,0.472877
275,600.864563,247.809891,19.484375,44.966354,0.472877
275,381.814148,216.729691,12.208282,26.127792,0.450190
275,382.304199,210.062485,12.080811,26.421951,0.450190
275,378.117157,213.340469,15.045258,32.247589,0.450190
275,379.303772,208.205658,14.453491,32.174820,0.450190
275,374.405731,216.184601,13.247101,28.776657,0.413771
275,374.872650,209.354767,13.388702,29.400406,0.413771
275,597.158569,247.007584,18.946228,44.034592,0.290720
275,605.011536,248.537674,15.945190,33.493301,0.223692
275,602.274048,234.530899,18.894592,40.908371,0.223692
275,605.850220,237.210876,15.065796,32.486572,0.223692
275,596.493713,246.348358,15.703735,35.089447,0.190377
275,595.764771,235.240982,16.027039,34.580521,0.190377
275,589.937805,233.385590,27.297913,60.909729,0.116406
275,590.977539,226.099777,25.955627,55.115707,0.107764
275,377.066956,206.135178,19.087921,42.205460,0.097495
275,372.770966,210.896683,16.913300,35.838470,0.091382
275,370.608826,206.306717,20.592438,42.817719,0.091382
275,597.523376,253.373718,14.505615,32.767914,0.060009
275,596.066101,216.390060,32.680237,72.302780,0.035018
300,575.805298,209.458054,26.575134,56.067825,0.951950
300,576.650085,212.027985,21.738098,46.540344,0.951950
300,576.677917,218.359756,22.363098,52.618179,0.843725
300,585.330627,209.325638,26.503540,57.592850,0.736911
300,600.391479,215.593887,24.305420,53.434555,0.547207
300,598.984497,210.025238,29.803345,64.324310,0.547207
300,576.101074,207.913956,19.143494,40.259232,0.437242
300,673.974731,244.689224,25.488586,55.473404,0.345680
300,675.845947,252.284943,20.862793,45.398346,0.345680
300,674.102112,255.984573,23.132446,52.619308,0.345680
300,604.274475,223.590546,19.069336,41.589142,0.313820
300,675.086060,229.031799,29.923462,65.856567,0.297566
300,676.290466,241.798248,28.368042,63.856201,0.297566
300,665.821960,230.451233,36.245667,76.569397,0.297566
300,674.011475,231.064102,35.591919,76.469193,0.297566
300,662.899414,199.473068,47.179993,104.151443,0.269262
300,669.696960,245.867294,26.603516,58.585953,0.161412
300,568.361877,207.836685,22.194214,47.886780,0.147157
300,588.793091,223.545319,21.813110,51.279388,0.137483
300,601.749695,203.450897,22.564758,51.492233,0.123486
300,572.695557,201.092941,36.538513,78.851212,0.094336
300,389.661957,211.841461,15.146484,32.702042,0.093446
300,389.825592,206.978104,14.206879,31.298584,0.093446
300,587.585327,214.051178,22.097412,45.415924,0.084741
300,589.803772,216.520493,17.894043,37.714798,0.084741
300,586.112488,204.218109,22.248291,49.251282,0.084741
300,603.909973,216.390549,20.014038,41.170914,0.079043
300,583.964294,195.219391,28.753235,62.539734,0.077704
300,675.849243,262.265991,19.394958,41.917999,0.077541
300,675.605652,268.280396,15.930115,36.107544,0.077541
300,606.828369,233.513626,17.650818,37.035324,0.077041
300,674.142883,258.999969,18.613892,40.597015,0.076458
300,674.112732,247.320297,17.943298,39.042404,0.057715
300,571.576416,195.747314,27.520691,60.532684,0.055868
300,579.794373,233.260635,15.439392,34.515732,0.047717
300,665.484314,219.953918,34.196655,72.968842,0.045095
300,564.486145,205.679886,27.281250,57.970840,0.043335
300,589.939819,223.120163,18.470215,40.017624,0.037247
325,572.957886,208.857117,28.379883,60.276337,0.969008
325,573.438782,215.244308,22.320923,48.733383,0.952239
325,583.397278,206.036072,27.552795,61.130432,0.843180
325,602.225220,217.162292,29.963745,64.847107,0.611823
325,609.398804,211.171799,31.960938,71.625320,0.611823
325,615.312988,218.183060,24.356018,55.296158,0.611823
325,568.766907,211.534515,22.743896,48.847321,0.594327
325,565.614624,204.310272,28.760010,61.204559,0.589899
325,613.654602,226.054932,23.390076,52.229034,0.525612
325,587.886292,218.322693,22.056274,48.268188,0.517610
325,608.194153,224.037186,21.259277,45.454575,0.268276
325,570.504578,199.009766,36.606628,76.651642,0.240601
325,600.718750,206.815994,29.119995,63.811020,0.220435
325,585.356934,206.724945,22.533020,50.572144,0.182413
325,615.916870,231.817780,25.347107,54.564819,0.152497
325,579.136536,200.568436,40.320435,83.374954,0.119512
325,588.913635,226.065353,22.931458,47.955856,0.103636
325,591.122742,235.003677,18.485168,38.659164,0.103636
325,577.599731,226.003098,22.048340,46.234848,0.102082
325,578.473450,232.122330,17.336792,39.414536,0.102082
325,609.099060,235.327988,19.150513,41.737717,0.086158
325,617.778320,236.019592,20.454834,44.745331,0.071813
325,562.420654,215.512344,28.229858,60.075607,0.062695
325,581.777283,217.386978,33.203491,71.383408,0.060872
325,604.131714,208.964737,39.259583,84.846054,0.060455
325,570.612549,215.536331,16.232300,35.005936,0.050014
325,566.525085,202.013687,23.533997,49.096313,0.050014
325,590.084595,237.189438,20.613831,48.231888,0.035192
350,585.979675,204.782593,30.229309,67.201538,0.720554
350,576.808960,202.676727,30.597046,65.848450,0.720554
350,583.389587,210.577103,27.519409,57.441971,0.663478
350,586.914795,221.588470,25.072083,57.583130,0.572734
350,588.809631,217.996658,19.529663,41.390182,0.473478
350,575.380371,212.984039,29.211792,61.799011,0.285619
350,588.623474,222.130096,21.267151,46.311829,0.226323
350,598.069397,209.773239,28.599854,58.617538,0.121820
350,580.767822,213.184540,21.971497,47.796112,0.082584
350,580.559143,217.150055,18.316895,38.220398,0.082584
350,591.860352,234.748611,18.408752,38.989822,0.078854
350,576.272461,195.832855,41.544678,87.518982,0.068864
350,614.099915,196.222916,42.365479,90.934097,0.068607
350,425.610992,181.436691,28.410034,59.162979,0.053169
350,628.179260,218.093475,30.631104,65.749451,0.042176
350,598.530457,212.126541,34.629150,72.442123,0.041005
350,617.807983,209.866577,29.455444,62.961365,0.039850
350,579.876526,226.610382,21.496582,50.800934,0.039809
350,581.295959,223.832672,18.333435,40.086365,0.035774
350,631.596619,229.496857,22.328491,47.800690,0.033504
350,634.901917,241.574722,18.934387,43.208115,0.033504
350,632.673523,237.528946,23.447205,50.580276,0.033504
375,666.163208,245.068497,22.189209,47.658096,0.296483
375,664.924255,232.440399,23.280579,50.755615,0.296483
375,640.707642,199.973938,38.240356,86.731232,0.279268
375,617.812439,194.738602,46.645935,102.235580,0.275948
375,627.325012,198.679031,42.436646,93.208939,0.266705
375,667.595825,254.503311,21.122314,47.533463,0.198043
375,614.942627,202.400635,38.906982,81.703979,0.149562
375,601.554443,200.012192,39.569214,86.409164,0.125202
375,424.605347,185.889297,28.493134,61.088882,0.116931
375,599.863281,201.742355,32.571716,72.735214,0.092454
375,652.208130,235.687454,27.964478,60.308701,0.088587
375,649.491577,226.235306,29.771423,62.593552,0.088587
375,664.437134,229.244186,28.608398,60.928238,0.088587
375,657.695984,249.588425,19.848694,43.253281,0.087333
375,658.761780,256.350708,15.344788,34.570068,0.087333
375,601.919800,216.488190,33.719238,74.403015,0.087069
375,640.323059,205.142166,48.310364,100.349075,0.086830
375,658.098816,245.631424,17.939331,39.088852,0.075074
375,630.371765,212.055008,35.365723,73.151566,0.064521
375,399.466309,201.820099,18.974518,43.233490,0.059326
375,395.861572,193.845413,26.544067,55.783188,0.059326
375,631.381165,220.162323,36.295044,79.994934,0.055406
375,401.813477,210.142044,16.843109,36.003098,0.050541
375,403.141174,215.165070,13.044006,28.395584,0.050541
375,591.045105,216.833282,32.069641,73.486298,0.049688
375,592.993347,205.304611,31.006775,68.288040,0.049199
375,676.358643,241.577103,23.723206,50.808182,0.044022
375,655.864685,257.412537,19.338013,44.844360,0.041644
375,617.440247,222.521011,33.947571,76.802261,0.041116
375,662.182373,240.249268,30.991638,66.801941,0.039601
375,671.127625,238.275497,15.648315,35.267441,0.034775
400,605.738647,188.179138,61.231873,133.086731,0.696339
400,593.898499,184.098236,56.045959,123.891937,0.606244
400,617.551697,203.541245,52.101074,113.039047,0.559574
400,609.848755,206.715195,49.760376,104.699539,0.448759
400,614.048157,222.112228,41.021301,91.554367,0.363533
400,627.578186,225.162872,40.981812,89.772522,0.346926
400,648.832520,249.648972,31.987610,72.405533,0.165758
400,622.266968,206.816101,42.723877,93.598785,0.126459
400,627.503418,207.670822,53.402222,114.360001,0.109340
400,651.139832,242.219574,32.490723,70.035004,0.107009
400,654.241455,250.872055,25.263000,55.864334,0.107009
400,656.099670,257.290131,19.796692,43.569885,0.107009
400,655.097290,267.792969,22.149475,52.512634,0.098571
400,597.321594,207.532639,45.351562,96.571518,0.097174
400,653.860168,258.134094,26.806152,59.330017,0.089224
400,635.085205,242.359497,32.605164,69.448944,0.062484
400,592.992371,187.713379,46.017151,104.579102,0.053627
400,630.813232,245.035568,34.167236,77.332748,0.043401
400,607.700134,190.646835,44.361145,100.511215,0.037804
425,608.665405,213.836746,50.654968,107.052780,0.857589
425,622.770813,229.761551,43.072693,93.636673,0.785986
425,597.370972,196.221771,62.145996,135.091217,0.755582
425,618.725769,216.491364,53.802551,115.765106,0.691789
425,613.325195,227.851730,41.759583,90.085526,0.608980
425,599.383728,217.793198,46.431824,98.232895,0.429238
425,578.656555,187.096619,67.652649,143.608734,0.274161
425,581.393982,196.816330,52.964111,111.299423,0.157541
425,591.242188,195.025711,54.686584,120.906570,0.126569
425,655.066956,284.332397,19.270813,41.117859,0.124963
425,638.534729,239.034943,37.284363,79.948456,0.119582
425,650.669678,262.463013,26.537476,58.384125,0.077373
425,653.856506,270.306152,21.213135,46.521637,0.077373
425,591.990173,174.181931,82.343689,176.983322,0.055193
425,573.728760,159.281189,87.673889,187.193848,0.054505
425,208.304001,217.668610,12.896561,28.859116,0.054379
425,208.870499,208.373779,12.506195,27.301849,0.054379
425,205.005768,204.684326,16.438919,35.454514,0.054379
425,599.422119,235.238449,42.521606,95.627823,0.048249
425,356.652557,177.014328,36.542236,82.101883,0.042812
425,566.080200,194.898224,47.000488,102.281158,0.042470
425,355.452301,228.252960,13.357819,28.636780,0.039152
425,355.491608,218.987976,14.341705,30.068054,0.039152
425,353.273590,224.560013,15.930664,35.025223,0.039152
450,201.475449,203.509995,16.757401,36.288345,0.979671
450,205.688690,203.980515,14.920837,32.028503,0.979671
450,204.469086,209.069839,15.568130,33.710007,0.979671
450,202.661591,209.967026,19.173050,39.844788,0.860272
450,198.391861,203.547440,14.606293,31.399780,0.538715
450,199.940002,209.413437,14.316315,31.356873,0.538715
450,203.203476,198.011932,21.097107,44.833755,0.467556
450,195.160446,200.308899,20.344086,43.626068,0.467556
450,207.589630,217.964508,12.273239,28.730743,0.198368
450,299.033203,200.112778,25.563477,54.480606,0.161903
450,206.847748,200.915375,14.077301,29.351212,0.146975
450,303.828583,208.214478,17.598358,38.105347,0.091373
450,302.155548,210.643860,21.332489,48.860291,0.091373
450,303.204987,199.785507,18.008728,38.814209,0.051974
450,284.965302,190.968994,29.400543,61.430374,0.051963
450,190.769989,199.905670,24.504562,52.266876,0.046658
450,197.442627,212.979523,16.327362,38.687210,0.034590
475,223.958435,203.773209,15.867996,34.276871,0.984280
475,224.712280,210.288162,14.640366,32.091156,0.984280
475,222.346207,209.401581,20.109894,42.795319,0.827702
475,221.917313,198.074432,22.212036,47.332306,0.715898
475,403.545532,163.599991,36.961334,82.546448,0.427190
475,226.032410,199.464874,14.470535,30.932083,0.342459
475,207.144913,196.707626,25.393600,53.669037,0.220329
475,355.832825,168.232773,37.060822,78.995560,0.176320
475,358.999237,183.404694,33.558228,71.930023,0.149877
475,223.544113,214.517792,16.234863,33.550766,0.091910
475,225.846054,219.662979,12.181747,28.793716,0.091910
475,344.954895,177.640884,37.173096,77.683060,0.060244
500,374.667664,178.046677,38.530304,80.319748,0.041216
500,385.098907,174.501007,38.941223,83.194366,0.035406
575,268.051575,202.702515,18.715332,40.406296,0.995110
575,269.237701,198.272614,17.668060,37.015900,0.995110
575,266.109741,189.530685,21.276703,47.332870,0.995064
575,268.945312,193.066574,24.218933,52.793839,0.960906
575,265.140961,198.358627,19.580597,42.145569,0.960906
575,262.216125,190.631195,21.168549,44.817200,0.878455
575,259.346802,187.558563,25.685822,55.600845,0.878455
575,263.139771,203.299515,19.765839,41.334045,0.837355
575,266.034515,175.623398,26.339752,57.694183,0.365983
575,270.424408,210.067520,17.213684,36.126144,0.216941
575,273.065186,215.793671,12.942657,30.487228,0.216941
575,257.241364,181.406311,23.843933,50.966782,0.089485
575,273.888031,194.123642,27.148438,58.313431,0.070459
575,253.938324,195.538681,27.075134,57.159790,0.064495
575,266.194611,201.249985,14.338806,31.434738,0.044103
575,265.301880,210.326889,13.555237,30.355865,0.044103
600,279.235596,194.690186,18.356476,39.965820,0.986724
600,276.987762,189.775742,22.946930,50.496536,0.986724
600,275.232300,191.909149,18.385376,39.731613,0.986695
600,269.641815,182.519547,24.342529,53.280960,0.980441
600,274.221649,175.078537,28.395355,62.403412,0.980441
600,270.406738,170.638123,26.087524,56.990646,0.959461
600,277.802063,183.551865,26.960480,58.457306,0.815420
600,282.397949,199.042618,16.967377,35.960648,0.761008
600,279.583771,187.024689,18.916565,40.680527,0.761008
600,283.624084,187.987045,15.852661,33.485168,0.761008
600,257.250854,165.808655,28.957947,65.406052,0.747556
600,261.330597,174.068237,30.120270,64.319138,0.701090
600,266.593323,164.543350,36.879578,80.790405,0.457654
600,263.595947,181.962540,24.066071,51.545181,0.427964
600,264.265961,162.570969,30.042358,64.048782,0.379480
600,276.528992,161.004776,29.707489,65.642578,0.127059
600,272.003571,173.956757,17.950439,40.795761,0.120818
600,258.320007,180.423950,29.640594,64.723450,0.071980
600,273.408875,202.992752,18.736511,43.728165,0.036516
600,432.692993,134.258377,67.555634,144.753128,0.035915
625,273.932068,203.688995,19.067963,40.981949,0.989875
625,270.659241,193.153946,22.204010,48.985153,0.989875
625,273.086334,196.332565,16.628601,37.180328,0.927704
625,278.037964,191.660797,22.886261,50.434998,0.869655
625,278.994354,203.156418,17.349579,37.482727,0.728428
625,259.972229,192.687271,25.158997,51.991791,0.434899
625,263.317535,205.246628,19.725983,41.984787,0.434899
625,274.338470,214.110367,13.908600,32.491959,0.385617
625,276.731567,188.994766,20.251068,44.791122,0.221951
625,256.009247,188.270691,26.330475,58.722961,0.148555
625,281.638519,204.344589,14.254547,30.369415,0.129516
625,276.813995,200.900833,16.815826,36.899429,0.129516
625,281.692535,210.736008,14.978607,31.523697,0.129516
625,285.285980,212.770508,12.546600,28.067032,0.129516
625,276.808014,200.582947,25.012024,54.534042,0.096869
625,285.016785,205.116699,12.998749,28.142731,0.037404
650,279.742218,204.392838,21.171631,46.828033,0.983418
650,271.591248,199.060181,25.582825,55.971085,0.983418
650,278.601166,198.672516,26.693054,57.131088,0.983418
650,275.394165,199.115723,19.894318,42.751282,0.973941
650,280.407867,200.571564,19.173187,40.371979,0.937340
650,282.510529,198.512604,22.001404,46.940201,0.814213
650,275.635162,214.904495,16.721741,38.209244,0.139492
650,284.556549,217.384781,15.287231,34.990005,0.133012
650,262.668732,203.960693,23.236237,49.785339,0.114905
650,283.541534,194.881119,17.584229,37.146698,0.077459
650,286.837524,194.948746,13.974121,31.725510,0.077459
650,275.353302,194.277222,16.218842,36.286270,0.075732
650,442.266388,147.375290,86.736969,180.154892,0.061482
650,271.267456,186.695892,35.664368,75.269501,0.054238
650,205.040054,107.020576,14.792526,31.607964,0.038886
650,206.622482,115.834480,13.868637,30.289635,0.038886
650,203.038757,111.922508,17.834702,37.723198,0.038886
675,358.758484,194.282227,29.567719,65.626678,0.989938
675,358.438599,197.859955,25.030731,53.536880,0.985444
675,352.570740,192.388321,30.426178,65.173813,0.985444
675,350.941315,195.305481,26.497375,55.464828,0.951847
675,356.098969,195.585663,23.468506,48.514496,0.554135
675,364.023407,195.904755,30.403839,64.213226,0.133533
675,361.356903,194.523209,22.233246,44.507751,0.095123
675,365.005585,193.521118,17.285706,39.095612,0.095123
675,369.640106,199.428986,22.001923,47.595123,0.069695
675,358.578156,182.057022,29.923981,65.914551,0.045182
675,363.435760,212.943207,18.905914,41.546524,0.040170
675,355.507080,192.463120,18.076782,38.632935,0.037452
700,445.867889,194.053741,31.047882,68.630768,0.969322
700,450.499084,189.319824,31.929840,71.949005,0.916584
700,449.212097,200.502777,32.423981,73.150269,0.740656
700,451.844635,201.568787,24.847565,56.020477,0.735238
700,445.926697,200.784317,25.313751,53.082962,0.708175
700,438.609955,201.273102,29.284668,60.939392,0.271187
700,442.701324,184.597473,38.171112,81.803040,0.252514
700,446.688171,209.582764,25.026794,53.825775,0.136289
700,604.985352,181.602173,28.094116,64.859985,0.054531
700,607.741150,194.079529,22.654114,53.552490,0.033358
725,498.985596,185.274963,37.934570,83.039795,0.993417
725,506.341248,190.423996,37.875122,82.481186,0.990800
725,494.724945,190.151459,32.470123,69.736603,0.914459
725,511.574677,204.534607,29.340302,62.350098,0.603286
725,662.577820,190.814285,32.680969,70.699326,0.286195
725,489.632019,183.804947,40.030762,84.003311,0.270621
725,508.723541,204.140320,23.482574,51.527847,0.219668
725,649.705322,184.135162,36.956055,76.267365,0.145078
725,653.785583,203.492950,30.040161,65.484772,0.077648
725,490.199890,177.773407,48.506653,104.023926,0.071091
725,497.324799,199.908432,31.283844,68.802200,0.054540
725,669.839600,192.241348,35.385254,74.830215,0.042451
750,525.349915,173.558533,51.481628,112.338470,0.995989
750,534.420593,174.550888,37.366028,81.326874,0.885326
750,535.897217,181.259415,39.815857,91.226791,0.874197
750,524.216370,180.828751,43.163635,94.573074,0.874197
750,540.814575,174.605865,38.884155,85.593506,0.144888
750,530.073792,199.562057,43.287781,94.837387,0.127621
750,521.541687,156.768814,65.555847,140.856949,0.055929
775,499.243835,164.388107,60.563965,132.615799,0.993950
775,509.760254,178.675278,44.578918,103.647598,0.974602
775,513.633423,175.203629,51.392029,115.666214,0.769020
775,501.558350,180.145248,45.349609,102.541031,0.392739
775,486.403503,155.574585,77.072937,158.882629,0.358816
775,495.410370,180.147598,44.289886,95.390121,0.067786
775,521.268738,185.943359,40.800598,87.778900,0.064987
775,513.486206,160.124390,43.072632,95.368774,0.042591
775,520.633423,167.921494,41.594543,91.563034,0.038116
775,536.862671,251.890182,19.480042,41.397171,0.037935
775,540.764771,257.664001,16.381042,33.896545,0.037935
800,101.103493,121.330322,110.343132,234.684601,0.995872
800,118.963005,135.334198,71.294777,155.543335,0.193355
800,69.146004,100.342697,116.475975,244.562454,0.118705
800,117.291267,160.378067,74.863808,159.688766,0.092650
800,130.472153,164.115250,75.787628,156.959671,0.089042
800,143.432190,181.273224,52.080399,128.067139,0.079885
800,154.174576,187.382996,51.109604,122.185089,0.077077
800,128.677155,180.285919,51.653152,124.425690,0.074751
800,111.356316,178.141251,68.402489,154.525955,0.056584
800,147.601837,206.589066,43.360016,99.230423,0.055399
800,117.686157,185.180450,51.579422,118.567505,0.049976
800,132.122192,193.204514,43.059769,100.580643,0.039014
800,117.631653,195.221161,43.067902,96.134766,0.039014
800,114.596848,133.519669,59.987137,131.918747,0.038228
800,120.587509,100.065140,115.447281,256.506897,0.034920
875,52.691036,142.272293,40.907764,84.843338,0.075173
875,57.245575,153.371780,30.586243,67.296158,0.061406
875,68.260040,158.358841,33.624557,75.390869,0.034087
900,83.138565,215.694733,12.823395,27.659668,0.566637
900,81.434776,211.342667,15.997192,34.697250,0.566637
900,82.300140,205.196335,15.474937,33.420639,0.566637
900,83.176933,207.064957,12.594208,27.838516,0.566637
900,433.202301,121.669701,83.666534,180.678192,0.111391
900,81.608437,217.523590,14.280785,32.201706,0.088448
900,83.586395,157.298370,37.001862,80.859970,0.043734
925,127.087410,217.723785,13.384712,28.914886,0.983921
925,124.918816,210.526382,16.000832,35.627625,0.913145
925,128.361938,212.125946,12.985199,28.031097,0.913145
925,129.449402,223.150818,11.222824,26.193253,0.900060
925,120.650558,219.126297,11.461609,25.447647,0.176731
950,191.450729,221.891739,12.393631,25.623413,0.671707
950,189.214859,217.175812,14.499481,31.950806,0.671707
950,192.361877,224.880646,12.304901,27.237579,0.671707
950,187.207535,218.440353,19.670059,42.841293,0.135873
975,305.350769,240.120697,13.108398,27.611603,0.866071
975,305.610870,246.120789,12.124878,26.091766,0.866071
975,303.403107,241.358307,15.264587,33.084412,0.866071
975,303.809326,248.095200,14.326508,32.528366,0.104288
975,393.983002,138.367310,51.731842,112.010391,0.078287
975,376.873474,131.816071,62.255676,130.791840,0.053525
1000,412.960388,235.635925,15.161407,32.058685,0.674549
1000,414.458801,242.718765,13.993988,30.241348,0.674549
1000,411.155609,235.947327,17.922028,38.996887,0.674549
1000,409.130371,229.055908,22.008881,47.300110,0.277461
1000,413.203125,245.514313,16.442230,36.528778,0.058882
1000,490.121155,123.331200,62.795654,132.814117,0.035912
1025,466.717468,242.643448,15.084259,32.742020,0.974219
1025,465.345276,234.711136,17.541840,39.370255,0.974219
1025,462.847382,236.117386,21.818909,47.991684,0.517783
1025,327.566162,93.283585,31.740295,69.465408,0.266652
1025,317.385864,87.196976,28.470367,64.726700,0.233388
1025,315.611298,96.501976,29.908508,69.302788,0.233388
1025,467.449524,250.952454,11.962616,28.108978,0.153585
1025,322.398193,95.632233,25.442352,51.009003,0.129393
1025,323.952271,99.443382,18.838135,40.826698,0.129393
1025,466.437103,228.994568,15.195953,32.314331,0.087842
1025,463.380737,224.181961,22.090118,46.269058,0.071489
1025,321.137390,88.230125,22.724457,49.265892,0.066986
1025,323.118225,90.103889,18.655029,39.619865,0.066986
1025,319.414948,93.333168,33.766815,71.665810,0.061522
1025,320.318024,86.576942,40.775055,86.808128,0.049615
1025,322.945282,88.915688,28.491241,65.311501,0.042651
1050,411.942200,239.890930,18.567291,40.298492,0.636844
1050,413.770844,234.664993,17.765411,37.795120,0.636844
1050,409.999939,231.045547,24.177795,51.202408,0.145182
1050,413.910950,246.227737,17.809174,36.872421,0.057175
1050,416.770813,251.004425,13.618011,31.788361,0.057175
1075,608.898682,76.431969,100.118958,219.939331,0.420568
1075,289.279205,246.959518,17.156647,36.525436,0.051291
1075,286.182861,240.224854,22.662689,48.804993,0.051291
1075,284.811829,234.171188,27.372375,59.474747,0.051291
1100,602.705750,174.209747,68.650574,147.355316,0.187240
1100,604.128113,196.129532,51.332947,113.092941,0.091988
1100,591.374634,201.506134,49.884644,110.574738,0.070590
1100,623.184875,203.049103,46.356201,103.952667,0.060995
1100,584.790466,163.094162,83.360657,173.612656,0.053025
1100,160.887573,242.240921,17.029282,36.574051,0.035848
1100,160.142212,235.214798,18.099518,38.549393,0.035848
1125,521.565796,177.177216,86.362610,186.184204,0.065032
1225,35.735172,310.970123,45.650745,104.324890,0.065158
1250,383.129028,64.625267,196.836792,431.654602,0.036096
1300,131.377579,161.543594,48.046387,101.766830,0.996113
1300,97.088326,163.455490,43.029625,93.033432,0.995622
1300,109.597275,154.973633,51.230957,110.631866,0.992305
1300,113.408852,163.117615,41.015587,91.149918,0.992305
1300,133.987625,150.266510,54.500244,120.099792,0.987438
1300,135.330734,167.299896,37.671799,86.960770,0.957892
1300,100.189934,151.796494,40.783150,89.129883,0.954892
1300,91.814720,165.051498,37.022087,82.261688,0.823997
1300,63.327652,186.600647,14.649284,31.334091,0.728876
1300,63.409267,175.875198,15.826557,33.817276,0.728876
1300,65.645035,175.938477,12.311302,29.321823,0.728876
1300,61.125980,179.843018,18.802464,39.469223,0.637566
1300,59.615395,173.627197,22.217499,48.593369,0.637566
1300,143.612274,178.244141,35.552444,77.253326,0.636355
1300,102.269455,176.920959,32.264206,76.434219,0.547577
1300,138.493423,157.912033,42.591675,88.859680,0.527181
1300,120.573090,144.130600,56.734222,121.879440,0.516460
1300,65.239670,192.932358,12.889648,28.950714,0.369914
1300,120.300270,172.659119,38.269081,87.573822,0.289303
1300,116.934898,162.513901,31.265144,70.824951,0.257281
1300,104.783852,177.063919,28.867165,56.710205,0.226335
1300,95.352257,144.686890,58.081017,125.672241,0.172973
1300,90.446922,130.282486,73.736931,154.848251,0.132810
1300,108.242439,186.041901,24.161705,54.664948,0.096140
1300,133.386780,183.482391,38.512131,83.710297,0.084618
1300,52.253220,184.345993,13.103806,28.326508,0.055181
1300,82.379791,165.659271,38.351067,81.792130,0.046365
1300,49.853245,172.369278,16.209522,33.623520,0.041502
1300,52.078465,174.862732,11.492733,26.573395,0.041502
1300,122.398911,175.171722,25.435318,53.552841,0.035126
1325,433.534546,142.245377,53.155273,115.351761,0.996606
1325,391.481537,149.107956,50.552948,108.303024,0.996394
1325,429.368256,151.745331,46.835541,100.219894,0.995735
1325,418.081055,148.873428,54.377594,116.397873,0.987684
1325,399.009155,162.424835,36.449158,81.687439,0.979733
1325,386.686646,146.293259,46.793396,101.744415,0.905806
1325,387.636444,161.335754,38.942871,82.100037,0.711529
1325,378.499146,141.590179,60.739227,128.526764,0.351675
1325,390.503143,171.507401,39.210052,88.081528,0.214358
1325,291.337250,186.217102,12.528198,26.426758,0.182875
1325,433.574127,166.297272,38.113190,84.699295,0.179248
1325,292.655579,180.245728,12.505066,26.434921,0.175957
1325,290.307770,179.138306,14.750916,34.172958,0.175957
1325,439.191650,162.406418,42.120239,94.039139,0.167642
1325,444.647858,171.222290,34.545715,75.319107,0.167642
1325,289.327393,187.311920,17.389282,38.367722,0.154078
1325,425.221558,174.254745,38.600677,87.554520,0.141573
1325,417.022095,136.412033,66.809113,142.194870,0.133488
1325,353.605865,173.907562,14.606384,31.296265,0.092362
1325,352.063446,180.800888,15.248169,32.942505,0.092362
1325,290.472839,188.785599,14.240601,30.448990,0.088976
1325,292.022003,192.064499,11.218109,26.221756,0.088976
1325,378.337097,129.746979,76.737091,160.661163,0.073189
1325,435.631989,146.006226,36.380829,87.727676,0.071821
1325,424.831726,150.288910,41.309998,90.500656,0.071266
1325,353.910004,183.286301,12.751129,26.896317,0.053614
1325,368.641663,186.037949,12.660950,26.921127,0.043105
1325,367.421478,172.452438,14.689209,32.011856,0.043105
1325,366.266602,180.295685,15.306274,35.820953,0.043105
1325,340.058502,175.874161,13.099365,28.176697,0.038001
1325,338.910858,183.565491,14.561584,31.703262,0.038001
1325,337.089050,172.980301,16.141205,35.625534,0.038001
1325,403.032562,172.709824,38.679382,88.575089,0.037262
1325,405.588593,174.046234,27.912872,53.648987,0.037053
1350,498.650391,170.734695,51.899414,111.942520,0.994790
1350,531.960632,170.712677,52.822876,115.417786,0.994127
1350,491.254272,179.250412,48.277344,105.714157,0.993894
1350,508.518188,164.171463,57.646179,125.592667,0.989359
1350,477.233276,201.105698,17.677002,38.789719,0.956090
1350,476.216431,195.806671,21.573578,47.219437,0.956090
1350,477.578522,189.766129,19.157074,42.075638,0.956090
1350,478.066376,198.996765,15.496399,32.115463,0.941991
1350,481.426086,194.455383,12.616913,29.526382,0.896203
1350,504.586334,180.537567,40.703033,92.582581,0.873787
1350,431.855774,200.465164,14.456390,31.789978,0.804383
1350,433.342316,206.299057,12.741058,28.815948,0.804383
1350,428.354370,198.857864,19.145935,41.466705,0.755716
1350,430.592194,193.500778,16.228363,35.954498,0.755716
1350,434.333466,198.133118,11.897797,26.814377,0.674295
1350,538.056213,167.251373,58.880676,125.172913,0.528139
1350,534.374146,179.769623,41.714783,91.506104,0.512366
1350,465.733887,201.106720,14.855316,32.031921,0.493835
1350,466.278503,207.728668,13.100555,29.208618,0.493835
1350,358.189148,202.313141,16.186859,34.742432,0.487468
1350,357.058624,206.624863,16.663849,35.868118,0.487468
1350,356.739075,203.229492,14.267395,31.007019,0.487468
1350,463.976257,190.276962,18.322418,41.617859,0.409290
1350,406.128052,203.326736,13.506165,29.354050,0.231956
1350,476.954651,180.227310,20.364471,42.982132,0.209625
1350,500.454803,192.312347,44.322174,94.383698,0.200560
1350,491.988312,190.313812,38.845551,87.566437,0.199569
1350,514.071106,156.433868,78.246216,162.351929,0.177419
1350,467.306091,195.046280,11.587067,26.542709,0.159529
1350,499.763794,171.849731,41.104492,85.882355,0.151541
1350,502.532898,188.268616,34.535522,87.879517,0.134591
1350,490.704407,170.338257,42.433228,93.229340,0.133103
1350,403.079437,200.991837,19.281128,39.903702,0.119651
1350,555.739197,187.679504,38.658508,85.240906,0.091937
1350,476.693359,167.682968,51.235046,108.022141,0.091336
1350,356.508423,196.784790,15.096497,32.518051,0.090396
1350,355.353699,196.047104,17.617889,40.975327,0.090396
1350,357.210022,195.223358,11.766510,27.255783,0.090396
1350,478.664307,197.616592,28.451385,62.087234,0.086374
1350,482.081573,143.787643,89.316498,188.386124,0.075902
1350,452.053650,202.043106,13.517181,29.782425,0.069486
1350,450.462189,198.792542,16.500092,35.642136,0.069486
1350,452.806824,206.935486,13.552399,29.509628,0.069486
1350,449.112976,194.214462,21.138428,46.658936,0.062474
1350,450.531708,190.569138,17.428955,39.539841,0.062474
1350,512.018372,174.485138,34.670410,81.150925,0.061121
1350,476.264648,206.936340,22.098694,45.558228,0.054149
1350,514.463745,169.743240,42.717346,89.438156,0.044997
1350,459.679169,188.391556,25.221680,52.135513,0.041127
1350,353.831482,212.671906,16.404572,37.473434,0.040740
1350,481.631744,166.158371,61.180267,130.161179,0.039438
1350,503.016235,166.692627,35.155518,75.665680,0.037896
1350,404.605713,199.935028,13.734253,29.014557,0.036828
1375,524.541077,165.256348,62.232910,135.724091,0.996263
1375,507.408783,168.917709,62.674957,136.198227,0.996146
1375,493.459869,170.177643,61.066437,132.239441,0.993024
1375,537.321594,171.230225,59.600342,130.458313,0.988805
1375,480.070618,213.341995,14.645081,31.221436,0.943665
1375,478.282349,205.582825,16.003448,32.974030,0.943665
1375,547.280701,175.573013,59.108521,123.954056,0.929805
1375,418.637939,202.447311,16.932434,37.507462,0.918871
1375,419.098419,209.820816,14.595825,31.791519,0.918871
1375,500.174591,178.564865,50.053986,112.125626,0.901136
1375,511.794739,183.855087,36.496338,86.627518,0.705939
1375,477.628540,214.595047,19.731567,40.893753,0.672268
1375,478.480865,205.359940,19.665222,43.014893,0.642034
1375,535.214111,178.398834,47.061829,108.146729,0.631227
1375,545.499146,177.989273,41.780579,101.973282,0.626037
1375,449.238617,212.914124,14.471527,32.369141,0.511365
1375,448.313782,206.415802,15.372986,32.840622,0.511365
1375,446.621796,209.246399,17.967957,38.337006,0.511365
1375,530.131836,166.610443,72.578674,153.912048,0.357451
1375,494.448883,184.853836,45.235626,94.343307,0.347529
1375,345.864777,200.935806,19.991180,43.754898,0.284964
1375,347.792023,187.474274,19.311462,44.740967,0.284964
1375,416.784393,208.177765,18.682678,40.838699,0.243322
1375,468.809357,216.058121,11.252838,25.174728,0.193573
1375,468.610840,209.430038,11.823822,26.485519,0.193573
1375,466.691101,211.694046,14.663361,31.767059,0.193573
1375,418.852173,199.639160,14.889526,30.993332,0.181126
1375,339.334198,196.072403,21.876495,47.100555,0.136939
1375,447.370392,215.579926,15.677094,35.485550,0.122146
1375,542.865540,194.477798,48.119080,106.377975,0.113198
1375,551.611206,187.242355,43.465698,99.800400,0.103966
1375,533.428223,184.416428,34.299438,83.030441,0.097128
1375,515.010681,144.246704,86.317993,180.089691,0.095784
1375,479.017761,196.423523,16.649811,39.486603,0.092979
1375,481.916016,197.453903,13.122681,28.676132,0.092979
1375,351.758179,192.042572,14.515839,32.033661,0.086535
1375,503.705322,217.034805,39.859924,85.434006,0.070406
1375,477.020447,182.489166,53.215088,110.030304,0.067934
1375,350.029846,210.355560,15.520996,33.578156,0.061886
1375,481.735382,223.526993,12.659302,26.959061,0.056873
1375,341.386658,213.011978,15.063568,32.416443,0.047698
1375,341.418732,201.989777,14.419434,31.823837,0.047698
1375,491.442474,200.433777,42.910980,96.087982,0.039541
1375,508.646484,191.171783,42.891602,94.633850,0.038781
1400,557.249023,150.352234,78.890259,167.121521,0.996983
1400,520.303467,164.906509,65.401001,142.404282,0.992471
1400,530.039551,156.665497,71.592773,152.222076,0.990380
1400,414.610199,204.480743,15.870636,34.545898,0.971582
1400,467.575287,206.337204,13.383423,29.416611,0.905617
1400,465.671326,206.355835,16.828552,35.063248,0.905617
1400,414.591644,197.589157,18.094543,38.663620,0.884481
1400,448.710266,206.682709,14.062286,30.439194,0.852298
1400,445.722992,203.156174,18.999786,42.917664,0.852298
1400,477.506378,206.441055,12.660767,27.477402,0.850074
1400,474.347870,202.771927,15.153839,32.805893,0.850074
1400,475.779388,208.745819,14.761414,31.763397,0.850074
1400,478.988190,211.778336,12.437775,27.155823,0.850074
1400,434.873871,205.155151,14.490631,31.925323,0.780527
1400,432.838806,201.865509,18.278809,40.475525,0.780527
1400,569.136047,159.796951,62.436707,144.024338,0.778299
1400,579.963623,172.600937,53.979492,124.145554,0.734624
1400,523.594421,177.979004,54.540527,118.867004,0.633770
1400,466.682434,194.786560,16.311249,37.339996,0.521722
1400,418.014160,202.446167,13.480865,28.523666,0.495388
1400,475.992004,193.383530,16.609406,37.954681,0.474068
1400,445.675934,194.240189,16.518555,37.787460,0.457447
1400,506.048065,143.329681,80.954559,170.326752,0.404743
1400,434.673584,195.657288,15.814087,35.686493,0.327844
1400,413.114746,205.995132,18.776917,39.579941,0.266147
1400,519.212402,173.418289,48.166321,112.697281,0.206053
1400,565.772217,138.726135,94.739990,205.078369,0.205031
1400,524.951294,157.640518,51.135376,110.995102,0.189212
1400,338.781555,202.181366,20.602295,44.122757,0.184061
1400,337.867279,191.088654,18.278137,40.969086,0.184061
1400,338.692291,210.415314,15.958649,34.026413,0.159254
1400,474.982880,213.607544,16.410309,36.115173,0.158328
1400,448.034912,201.512833,13.126892,26.330521,0.133685
1400,450.347809,199.933838,10.744476,23.649521,0.133685
1400,466.646759,202.148666,13.534088,27.461395,0.131860
1400,468.922089,199.617477,10.208527,23.394089,0.131860
1400,480.309479,199.662842,12.046814,25.682236,0.125802
1400,541.321899,178.795837,47.714844,111.091095,0.122826
1400,596.829956,169.574905,52.561584,117.469131,0.103967
1400,474.321075,201.553070,23.839783,51.429123,0.080534
1400,465.166809,205.471725,21.021820,45.648163,0.080076
1400,465.072388,211.922165,15.162750,35.334564,0.080076
1400,509.535126,183.819229,46.358185,106.373642,0.071620
1400,535.957703,162.916061,50.224487,109.811295,0.071425
1400,446.475433,211.779587,14.267242,33.424744,0.064741
1400,339.477936,204.173660,16.775116,36.491806,0.059869
1425,632.009705,147.905487,87.952698,193.112244,0.995636
1425,564.370789,147.330383,87.802490,191.748260,0.995235
1425,647.003845,133.830872,66.923767,223.006470,0.986366
1425,481.006195,211.216187,17.398865,37.572449,0.962035
1425,482.919647,209.803482,14.380493,31.370804,0.962035
1425,433.987305,210.997131,15.976135,34.715698,0.939468
1425,435.080292,208.542908,14.183533,30.805161,0.939468
1425,413.540192,211.343018,16.118042,35.218063,0.917448
1425,415.171783,207.769363,14.791931,32.310440,0.917448
1425,461.261963,210.883331,18.179626,39.050613,0.818644
1425,463.316406,210.038406,14.997345,33.060562,0.818644
1425,644.559326,156.405533,74.075989,159.437973,0.800380
1425,606.230591,147.299637,100.817261,207.399338,0.633167
1425,575.606079,191.008148,68.436462,143.751648,0.569086
1425,449.868622,210.988342,16.385925,34.877701,0.564093
1425,450.647705,208.738281,13.961029,29.739914,0.564093
1425,479.289825,211.638153,23.278687,48.454285,0.522166
1425,343.179016,215.163193,14.977295,32.389175,0.451763
1425,341.695099,212.242630,18.530029,39.350769,0.451763
1425,481.587463,200.206070,20.125244,43.454834,0.416004
1425,482.599823,216.266586,13.732422,32.756927,0.413219
1425,341.035583,219.331482,14.231415,30.419769,0.349639
1425,341.472565,208.254883,16.249237,35.677475,0.349639
1425,341.110382,208.403961,13.003357,29.071518,0.349639
1425,584.641296,174.653152,67.684814,146.584427,0.318901
1425,463.966949,215.147507,13.544373,32.650299,0.310437
1425,411.697906,198.367065,20.705139,43.073151,0.301025
1425,432.981964,199.143280,17.805145,37.097260,0.269505
1425,456.140442,210.264282,24.579956,49.654144,0.237284
1425,576.614685,129.394302,103.437012,222.459915,0.232543
1425,649.244751,152.075394,59.396057,139.769852,0.223860
1425,432.085785,201.811783,22.302185,49.036804,0.217911
1425,434.955231,216.643463,12.116058,28.392838,0.204257
1425,563.231323,160.741791,73.012390,159.653229,0.186391
1425,416.581787,217.167725,12.373993,28.873062,0.185693
1425,405.844910,205.885345,20.217285,42.836502,0.129441
1425,459.818390,199.188934,21.414673,44.847595,0.125782
1425,401.364349,207.194427,24.525146,50.804047,0.091258
1425,446.278351,208.056580,25.029816,50.627625,0.085504
1425,410.528717,212.163528,15.867645,33.918350,0.084243
1425,407.917389,214.893768,13.571228,28.540756,0.084243
1425,410.143005,206.901825,15.185425,33.101624,0.084243
1425,407.409973,206.796356,13.726318,28.617508,0.084243
1425,488.902496,197.976837,24.126434,53.466034,0.080417
1425,628.085693,177.220490,54.107361,117.598328,0.072973
1425,590.120789,159.086243,61.477173,130.552185,0.063033
1425,579.824707,240.237869,47.094666,102.317917,0.062235
1425,643.354126,188.836243,70.430786,153.230255,0.061453
1425,582.762329,214.290085,57.820312,123.183548,0.061450
1425,427.425262,204.957962,22.103149,46.683258,0.039736
1425,347.840485,214.254364,14.800110,31.579620,0.038876
1425,345.005005,210.302765,18.666870,40.355682,0.038876
1450,400.557220,197.034164,18.948334,40.343292,0.986060
1450,396.352356,194.668701,25.697968,52.263367,0.979389
1450,347.762024,205.788803,19.304779,41.945724,0.977731
1450,350.888947,203.244003,16.755402,36.210526,0.977731
1450,432.411560,201.472900,15.579071,33.950836,0.960450
1450,428.379089,194.366852,21.466461,46.958466,0.960450
1450,497.237427,195.813370,16.092163,33.707596,0.959735
1450,499.102936,194.715103,12.552856,28.405121,0.959735
1450,462.872284,201.652618,16.403076,36.196854,0.924438
1450,459.044891,195.152008,21.866974,48.612015,0.924438
1450,461.172913,196.613586,16.609192,35.057678,0.924438
1450,415.313629,195.470520,20.201538,44.260345,0.904552
1450,433.450592,196.511154,14.338257,31.376740,0.891400
1450,498.488190,204.493057,13.452332,29.660187,0.833901
1450,417.986176,204.318832,13.839966,31.229828,0.784273
1450,656.914490,122.906006,63.085510,211.194885,0.780200
1450,449.317780,200.077560,17.648285,39.164169,0.546705
1450,448.120850,189.804276,21.462494,44.861221,0.546705
1450,343.072266,204.352432,18.743744,41.695099,0.476323
1450,496.797638,196.130432,19.212982,40.734360,0.409524
1450,451.465912,206.350876,12.481201,29.034943,0.405026
1450,418.113312,199.762756,15.652863,32.382233,0.325984
1450,419.604370,197.383926,13.593811,29.227203,0.325984
1450,351.766052,215.145050,14.016357,32.939056,0.316144
1450,350.399323,200.206314,21.921326,46.704422,0.289027
1450,450.689148,197.516815,14.417938,30.225540,0.288091
1450,452.071167,196.100555,12.328796,26.209396,0.288091
1450,352.901611,200.665436,15.044373,31.683670,0.149273
1450,360.230652,202.489746,20.268585,44.742828,0.138625
1450,510.527161,201.790131,13.077881,28.004715,0.122297
1450,512.249023,194.888382,12.249146,26.576447,0.104584
1450,508.136414,192.913956,15.642944,33.918884,0.104584
1450,479.304657,200.186386,18.172607,39.910782,0.091694
1450,479.351379,189.259552,18.262848,42.037476,0.091694
1450,342.821991,214.498016,13.659698,29.055756,0.082856
1450,342.520813,205.038452,13.547791,28.680054,0.082856
1450,493.061401,188.688705,24.502930,50.946121,0.079432
1450,470.841370,188.468033,25.545502,57.905869,0.070396
1450,381.972351,189.615891,25.476807,54.778687,0.063272
1450,507.851349,198.726181,17.266693,36.558197,0.050281
1450,481.582703,196.593796,14.180817,28.517715,0.049805
1450,483.745728,195.337616,11.121460,24.478714,0.049805
1450,334.612885,200.826294,26.884491,56.888885,0.038600
1475,399.986603,198.907822,15.797760,34.770599,0.982637
1475,397.831451,194.450806,19.802032,43.203735,0.982637
1475,430.928345,194.630920,17.979248,39.308365,0.979832
1475,427.628815,190.009903,22.066254,47.568115,0.979832
1475,507.723663,194.137299,16.135956,34.614868,0.969193
1475,504.421936,191.633423,19.953125,44.088638,0.962568
1475,425.623047,195.986893,23.976471,49.476868,0.906106
1475,502.096527,187.321259,26.660980,56.024078,0.848096
1475,351.197571,199.324005,18.933319,40.023178,0.743536
1475,347.348938,193.251999,25.038818,53.132126,0.743536
1475,352.558746,201.677109,15.483124,32.553528,0.743536
1475,349.952118,192.756714,18.916016,41.319855,0.743536
1475,451.138245,197.428741,14.944672,32.712509,0.720543
1475,449.758484,191.824600,17.894196,40.129990,0.720543
1475,370.696014,203.229385,16.497681,35.948456,0.615760
1475,508.744415,199.943069,15.550446,35.407654,0.550983
1475,367.253601,194.509583,22.615631,48.478653,0.524596
1475,369.254303,191.516068,18.779175,42.887039,0.524596
1475,508.086639,183.587967,20.333221,43.854141,0.443242
1475,383.861145,201.832184,14.940430,31.851624,0.424561
1475,379.837799,194.546432,20.852051,44.692474,0.424561
1475,382.665924,190.746262,20.877014,45.108582,0.424561
1475,484.324677,197.924438,16.246490,35.508209,0.381815
1475,482.298615,190.467865,22.884552,49.621719,0.381815
1475,484.338318,192.936539,14.379395,30.676056,0.312614
1475,494.765594,196.811356,17.038879,37.009613,0.293464
1475,491.692322,190.554855,22.318298,48.695480,0.293464
1475,418.459137,194.742599,18.013275,40.777573,0.279628
1475,497.366272,192.615082,13.942993,29.951691,0.247893
1475,341.691864,192.356873,25.470642,54.891235,0.232878
1475,349.628113,207.527634,18.233521,41.210815,0.152609
1475,443.145447,193.140793,24.784668,51.065186,0.118914
1475,385.186371,197.676132,15.046478,31.434509,0.092328
1475,386.332275,196.242401,12.675995,27.384781,0.092328
1475,419.000153,202.586044,14.019623,30.584717,0.090753
1475,371.336823,195.214722,13.893799,30.735428,0.080266
1475,419.952789,195.575409,14.961700,31.576157,0.060918
1475,461.985992,198.720703,15.672791,33.841736,0.051867
1475,461.595917,192.599487,15.882996,33.478470,0.051867
1475,459.206146,194.084213,18.674438,41.796143,0.048649
1500,398.064941,203.474564,16.595459,36.359833,0.930169
1500,395.595337,197.876312,20.667328,45.188522,0.930169
1500,390.674347,201.065460,17.702972,37.453400,0.888183
1500,389.069061,201.930099,15.761932,33.265671,0.888183
1500,389.384735,199.527756,21.113861,45.514130,0.888183
1500,390.115967,207.538986,14.846069,33.116806,0.888183
1500,415.243683,200.224030,18.456879,40.420197,0.888029
1500,414.971893,192.167511,21.233307,44.948883,0.888029
1500,432.650726,199.208023,17.400421,38.234879,0.887119
1500,429.093750,192.402496,23.101990,50.428345,0.887119
1500,466.207092,197.761124,17.630676,38.760651,0.885446
1500,463.627106,191.568146,22.738281,49.862106,0.885446
1500,416.978333,205.543488,14.562469,32.722046,0.880486
1500,447.756470,200.835449,15.696991,33.473221,0.864666
1500,445.417053,196.910614,19.045593,42.274109,0.864666
1500,444.798981,188.954300,22.342529,46.693054,0.864666
1500,341.905121,192.538086,28.038696,59.542587,0.823366
1500,347.598511,198.632187,21.114105,44.874496,0.823366
1500,346.874298,188.451904,28.384735,59.763123,0.816015
1500,389.466827,192.800720,18.662933,41.828445,0.729736
1500,433.735107,195.465683,14.885040,32.931183,0.676644
1500,448.986694,196.232697,14.680664,32.776596,0.645674
1500,345.434662,204.481827,22.276550,50.561554,0.607950
1500,400.874634,198.143570,14.354889,32.205246,0.550050
1500,337.465942,189.449142,25.535461,55.722992,0.542689
1500,503.647095,192.971756,22.783508,50.289902,0.541075
1500,337.036835,195.199692,28.666748,59.826202,0.519116
1500,418.350983,198.087097,14.720367,32.325836,0.482264
1500,477.137787,200.449982,15.733978,33.812775,0.442836
1500,474.255524,196.499359,19.400604,42.663544,0.442836
1500,386.187683,196.006851,22.202393,44.395294,0.382632
1500,500.128235,194.387146,19.474792,42.675278,0.283504
1500,498.570038,188.404861,24.916534,54.780045,0.283504
1500,500.152771,198.586563,15.809326,33.999725,0.283504
1500,477.477325,193.040741,15.903290,33.556396,0.248873
1500,499.398621,192.105713,16.312500,35.316635,0.180256
1500,505.831787,197.985947,17.042847,36.252670,0.177394
1500,349.322327,191.771393,19.316803,39.580948,0.136529
1500,387.614319,206.260117,20.197418,43.467270,0.118161
1500,388.367889,211.234131,15.366547,35.851273,0.118161
1500,389.091187,196.896225,13.552795,30.052032,0.080816
1500,506.701569,192.187469,16.982635,35.743759,0.078613
1500,342.144409,199.476639,19.761993,42.714584,0.057357
1500,340.449371,203.533600,21.909027,46.820099,0.052669
1500,341.345947,209.441895,17.316956,38.299789,0.052669
1500,339.411224,182.929718,38.188202,80.030243,0.034515
1525,368.951172,202.625458,18.210297,40.210190,0.973949
1525,366.177856,198.825714,22.239655,47.820389,0.973949
1525,368.089447,197.317612,17.349792,38.168274,0.973949
1525,432.066498,203.613937,16.580292,36.799255,0.971728
1525,429.607910,199.644775,20.485413,45.278275,0.971728
1525,431.242340,198.834808,16.316223,34.350662,0.971728
1525,400.329742,202.114090,17.983215,39.651398,0.968966
1525,397.664093,196.441666,21.918182,47.565308,0.968966
1525,416.056396,201.610138,17.506622,37.489822,0.846091
1525,417.821472,207.827988,14.221832,32.030136,0.846091
1525,413.207947,197.906738,21.068359,45.818436,0.837204
1525,415.911957,198.752792,15.037781,32.868332,0.837204
1525,401.042023,197.361725,15.957825,35.723343,0.805911
1525,468.106354,199.709412,18.575470,40.946625,0.422202
1525,467.545654,202.491867,15.503632,33.403824,0.422202
1525,465.929688,194.311234,24.115479,52.697998,0.422202
1525,309.621033,177.011688,30.873322,69.487839,0.386459
1525,472.849915,199.686676,21.032928,45.542587,0.324433
1525,474.788513,191.039124,19.458771,42.499939,0.324433
1525,300.514343,181.758469,30.643799,66.689316,0.313738
1525,301.988434,196.619095,26.404602,57.002548,0.216650
1525,473.791504,193.987015,26.474213,56.517624,0.182160
1525,467.740112,195.621872,17.125153,36.150833,0.164985
1525,355.307495,191.169708,26.090912,53.844910,0.155593
1525,478.067413,204.666245,17.342377,38.348328,0.099285
1525,382.273621,199.940796,18.348541,41.960709,0.089625
1525,383.376617,192.620682,17.652679,40.705994,0.089625
1525,379.680817,193.384933,25.923462,51.771378,0.083589
1525,310.361694,194.856155,30.498230,68.723648,0.079770
1525,384.707062,202.828781,15.440613,32.447861,0.070185
1525,386.204102,207.942169,14.724487,32.266037,0.070185
1525,310.093872,191.182693,25.019409,55.240250,0.051803
1525,315.253510,195.512421,19.953400,43.563431,0.051803
1525,306.172699,194.620377,23.485809,50.972183,0.046509
1525,307.421692,199.253479,18.984497,39.764893,0.046509
1525,368.228668,211.281586,16.509552,35.576767,0.037387
1550,255.116714,183.555069,29.838516,63.365692,0.937981
1550,323.892700,192.118164,23.349182,47.348038,0.905397
1550,399.526520,192.771835,19.501312,42.627014,0.894402
1550,397.114166,187.869156,23.539459,52.056885,0.894402
1550,262.553894,184.546997,31.809021,68.702362,0.878614
1550,331.203400,195.829727,18.820526,40.122696,0.863900
1550,327.853363,190.744919,23.410553,49.783768,0.863900
1550,364.396912,192.912354,19.712250,43.342514,0.826320
1550,360.929016,188.193588,23.906158,52.132843,0.826320
1550,443.468567,190.682220,24.243286,52.934875,0.826206
1550,445.574677,188.317368,20.393433,43.952988,0.826206
1550,385.642670,194.428909,17.632935,38.166992,0.710660
1550,382.775665,188.108078,23.087830,50.439407,0.710660
1550,353.917023,194.154633,18.358948,39.659912,0.566141
1550,352.091919,187.840424,23.691162,51.652328,0.566141
1550,265.064606,171.835831,32.389313,69.738449,0.434037
1550,251.948395,170.239014,33.184326,70.828842,0.434037
1550,263.542114,179.706207,26.182312,60.707123,0.386363
1550,452.704071,192.274261,22.978699,49.492691,0.338887
1550,326.058105,202.769104,15.451935,34.825699,0.337762
1550,354.874481,194.686752,15.061005,32.921677,0.297716
1550,411.911041,195.625320,17.003937,37.517517,0.249219
1550,407.883667,191.010925,21.593750,48.012833,0.249219
1550,410.239349,199.535721,18.320404,41.649292,0.249219
1550,326.777100,194.447311,17.602570,37.299591,0.248422
1550,325.001953,193.071487,16.125549,33.898331,0.248422
1550,267.507629,193.626144,20.014771,43.186478,0.247503
1550,354.377747,202.726562,14.349335,32.461533,0.237382
1550,399.391876,185.161148,17.049011,36.242523,0.235590
1550,385.637421,201.221161,14.768524,33.722641,0.209857
1550,259.175446,194.554199,19.913849,43.613983,0.170977
1550,446.171356,201.841080,21.024933,48.894211,0.141337
1550,332.138916,188.309433,23.205841,46.361526,0.100371
1550,333.554840,187.563721,16.591858,37.125793,0.100371
1550,384.613708,186.410889,16.943878,35.393234,0.098115
1550,412.699982,190.911697,16.069397,34.471603,0.095304
1550,454.947723,196.066376,23.169769,52.211929,0.091239
1550,255.405014,170.734863,39.721909,84.348251,0.089716
1550,252.483124,191.068039,29.059296,63.987503,0.084472
1550,256.594025,201.392151,26.476410,59.944000,0.079607
1550,258.299194,184.455017,23.295837,51.795105,0.050275
1550,258.791016,202.132004,22.211639,47.951157,0.049585
1550,269.455048,180.379868,32.456421,69.315430,0.044660
1550,265.032501,200.726929,22.579620,47.226852,0.039629
1550,267.356689,182.928772,21.262909,45.945389,0.035170
1550,270.542419,164.065063,32.249268,73.179977,0.035097
1575,392.000488,201.614105,21.717163,47.240814,0.979760
1575,395.738342,202.374130,18.890869,39.725159,0.979760
1575,298.748932,202.981613,22.707764,49.718887,0.968865
1575,301.075714,203.834549,18.660950,41.314148,0.968865
1575,302.027649,215.106750,17.078491,35.686401,0.965191
1575,319.456421,203.472687,20.363922,44.398468,0.950732
1575,321.093842,207.553635,16.925140,36.718918,0.950732
1575,381.402252,197.356598,24.498505,51.216675,0.910660
1575,349.762390,196.483032,23.974030,51.391098,0.857014
1575,361.054230,196.612289,24.184052,51.797943,0.857014
1575,295.028900,201.571228,23.628815,46.693390,0.813005
1575,315.175964,207.935562,21.498291,47.345901,0.800086
1575,398.499725,212.690903,14.604828,34.426666,0.703703
1575,355.263641,202.847366,19.916626,43.007050,0.663817
1575,361.578888,198.365448,18.225067,39.527069,0.590807
1575,291.180206,203.136887,25.311310,52.882889,0.590295
1575,388.106140,202.700684,17.689667,37.621399,0.438972
1575,388.753998,208.546326,15.358612,35.177658,0.438972
1575,220.099304,190.327347,34.271973,74.113785,0.436222
1575,333.912964,204.632217,17.078461,36.288620,0.373751
1575,331.163574,201.814072,20.294037,45.335175,0.373751
1575,336.261322,210.054855,13.709717,31.389496,0.373751
1575,287.276581,198.686005,25.102234,53.446152,0.319039
1575,358.789673,202.366287,22.830719,48.622406,0.315516
1575,215.939575,199.151581,33.123688,71.675354,0.245451
1575,226.408279,196.877853,34.566299,75.890884,0.245451
1575,386.704376,194.109573,20.762543,46.612289,0.238002
1575,398.972504,200.701202,14.560120,30.672516,0.172135
1575,429.262207,189.801880,26.384644,57.268707,0.159530
1575,431.202179,192.738235,19.105774,42.340439,0.159530
1575,223.750534,203.312851,23.705170,52.001785,0.158437
1575,229.734650,187.284821,31.177734,66.545059,0.141082
1575,209.615112,197.221268,28.869995,63.055771,0.137210
1575,388.639435,206.449615,21.485291,45.622986,0.122436
1575,431.207336,195.966599,22.337524,46.767715,0.110865
1575,432.143372,204.844269,18.630249,40.815872,0.110865
1575,432.378357,202.003616,22.589752,48.844727,0.107436
1575,322.090668,201.877548,16.479126,33.387817,0.101821
1575,217.947769,181.726456,31.719543,70.701233,0.088399
1575,426.554230,194.900909,26.210846,56.776215,0.044847
1575,435.826447,203.291473,23.651855,52.854340,0.037192
1575,353.271820,205.956238,18.442719,41.417084,0.033178
1600,288.644684,195.417984,19.275299,40.158173,0.992860
1600,287.529510,185.318466,25.277863,54.834671,0.990971
1600,302.542267,187.924408,21.865997,47.397812,0.969267
1600,304.006042,190.277481,18.282684,38.597122,0.969267
1600,320.391174,186.436188,21.216675,45.942703,0.960036
1600,303.721313,198.799911,15.753632,34.050674,0.938064
1600,320.256653,187.299408,16.963104,36.089157,0.912183
1600,350.675873,182.140793,20.769897,45.229874,0.860452
1600,349.511414,179.320435,25.218994,54.564362,0.859471
1600,400.250275,194.472824,15.829010,34.761444,0.837081
1600,396.452881,189.590759,21.375336,45.391113,0.837081
1600,352.743225,196.171066,17.753632,38.883759,0.792862
1600,358.390594,182.123505,27.708801,57.782303,0.781655
1600,329.084106,182.619751,25.513336,51.717438,0.691846
1600,400.305511,198.039017,17.723145,37.726639,0.387018
1600,401.795135,203.335907,13.939972,31.822174,0.387018
1600,397.106110,181.384567,20.137238,43.421844,0.358365
1600,362.752289,180.473221,18.199738,40.527542,0.352494
1600,331.846710,187.009308,19.673096,41.066177,0.307888
1600,334.769257,189.210480,15.620209,32.924530,0.307888
1600,335.885162,194.510910,14.231354,32.227341,0.307888
1600,359.633484,182.195770,21.696533,47.190323,0.297042
1600,361.581177,190.498306,19.814270,46.061981,0.297042
1600,322.505890,186.532455,13.525604,28.320160,0.144035
1600,277.478973,185.298386,26.881897,55.559082,0.137572
1600,330.334106,192.648148,21.371094,44.546524,0.125043
1600,299.363251,182.041779,32.762360,68.936920,0.090034
1600,352.468018,182.938553,16.694061,35.780167,0.081308
1600,304.131775,188.510468,16.506165,32.511673,0.049991
1600,306.947296,187.304108,15.359894,30.980331,0.049991
1600,313.448181,174.280090,34.708069,73.124878,0.041744
1600,198.534103,171.016296,34.501770,72.971390,0.034977
1625,320.010895,184.766144,22.576294,49.006088,0.973282
1625,321.744537,194.612869,18.102142,40.080887,0.971864
1625,320.527557,180.897171,19.271729,40.503510,0.960205
1625,352.567993,183.143814,22.444672,47.181091,0.959842
1625,346.829254,174.065842,28.257812,60.704285,0.937957
1625,357.823608,174.290375,28.424530,61.095795,0.937957
1625,328.641327,182.924164,22.590210,48.038483,0.889512
1625,325.391693,179.515503,27.997559,58.506958,0.889512
1625,314.317627,177.899384,26.698456,58.712341,0.889512
1625,276.479095,183.439575,23.012238,51.366470,0.814344
1625,281.822174,178.224091,27.342316,56.714020,0.809898
1625,285.368347,186.299438,21.178894,45.613495,0.787413
1625,272.276398,174.672470,24.686249,55.997192,0.644969
1625,274.368896,187.985046,19.343811,42.050522,0.587591
1625,362.369659,184.880783,19.088165,40.432083,0.530434
1625,359.691162,176.004013,20.647766,45.849060,0.530434
1625,416.750458,185.919724,20.888641,44.917526,0.461870
1625,415.115814,173.850464,26.353668,58.095627,0.461870
1625,272.030823,185.319366,23.521912,51.036011,0.457419
1625,295.570770,180.403763,28.398193,58.181931,0.349105
1625,399.514832,185.218048,27.911255,57.207108,0.257449
1625,424.232086,184.302994,23.979065,52.813248,0.237912
1625,409.342957,175.717758,29.405853,62.691101,0.237912
1625,360.742340,189.368958,20.296722,47.572617,0.204118
1625,416.484924,193.679901,21.247711,45.229187,0.163469
1625,352.692108,179.790207,19.204041,40.218857,0.157463
1625,398.866119,190.391205,18.407776,39.561264,0.153987
1625,398.253998,193.145691,21.058472,44.630630,0.153987
1625,170.239487,172.855804,33.529388,73.121109,0.103090
1625,287.308319,198.839813,15.454010,34.014786,0.093919
1625,287.124664,182.023621,16.994476,36.468369,0.087274
1625,330.451782,179.420029,17.791016,38.575607,0.080937
1625,417.785431,179.162537,17.110107,36.821228,0.071654
1625,317.871094,170.514389,31.419617,69.613724,0.069605
1625,330.571472,193.785187,17.952789,41.497787,0.061487
1625,299.347504,183.901978,20.543030,47.000244,0.060003
1625,299.012878,175.920547,20.153107,46.718323,0.060003
1625,179.270477,176.150436,33.439438,71.131851,0.057290
1625,281.253265,170.743774,33.520874,72.112335,0.053100
1625,332.143219,185.154465,17.416351,38.990616,0.052612
1625,334.371643,187.456268,14.705475,31.726120,0.052612
1625,302.585358,187.765411,16.313263,33.645416,0.051516
1625,304.586700,189.098389,12.901337,28.649506,0.051516
1625,304.863831,192.755997,14.699005,33.631516,0.051516
1625,402.080078,203.514130,13.718292,31.524261,0.042452
1625,352.208588,191.158081,19.377594,44.060959,0.040197
1625,348.758026,170.901581,35.494568,77.729919,0.040192
1625,169.494522,192.155640,33.089294,73.067627,0.037841
1625,397.462891,176.098724,22.347260,48.282196,0.033910
1650,358.183655,180.318817,30.686768,64.222076,0.981777
1650,323.945862,185.570038,24.015198,53.120010,0.967081
1650,353.873322,186.853241,23.556549,51.219864,0.959842
1650,349.982666,178.176743,28.506042,62.570297,0.959842
1650,356.743652,184.564468,26.006226,55.852615,0.950822
1650,329.482880,188.433105,21.419678,45.705826,0.936482
1650,329.592255,197.082657,20.660553,44.119553,0.936482
1650,328.618439,177.220642,26.481384,55.473740,0.910714
1650,272.693298,190.363632,21.648163,46.358215,0.904154
1650,276.710968,189.524689,23.216187,49.991119,0.885270
1650,359.514038,178.112198,23.350433,51.324387,0.803392
1650,353.275513,185.619476,20.581818,44.344284,0.800982
1650,396.532532,186.558899,22.791473,49.989029,0.770692
1650,398.355743,192.180771,18.731049,41.244507,0.770692
1650,398.703583,187.142670,17.844238,38.119690,0.695213
1650,424.512665,184.999481,23.347900,50.729202,0.691946
1650,421.445648,173.843842,30.106506,64.899597,0.691946
1650,425.789734,175.272812,22.528900,49.330978,0.691946
1650,318.624817,184.509552,25.837006,57.195389,0.664385
1650,424.528107,193.159409,24.496460,51.214081,0.641644
1650,268.222015,184.057571,26.986237,55.270355,0.546969
1650,271.308380,180.718109,20.595032,46.600937,0.507616
1650,323.220245,180.029587,20.293121,44.025024,0.483776
1650,281.801880,197.957825,20.458435,41.988358,0.435370
1650,284.141602,191.802048,17.709656,38.093582,0.435370
1650,400.002258,199.740784,17.478516,38.948929,0.409227
1650,396.908508,180.160568,19.077087,41.309097,0.392097
1650,324.392700,197.777557,17.048096,39.038605,0.358344
1650,280.531189,184.085892,25.064484,53.819946,0.247359
1650,352.602814,195.440140,18.385468,41.341873,0.230740
1650,363.127380,196.832214,19.158600,41.448380,0.228492
1650,145.500931,167.207123,46.365311,102.847015,0.160855
1650,319.879333,176.032059,33.281860,70.813126,0.114845
1650,414.654694,183.328354,27.386993,57.776855,0.095665
1650,367.563751,174.473175,32.104706,67.000931,0.073558
1650,398.082550,196.360046,22.657623,51.716400,0.072062
1650,399.985840,207.389755,16.397888,39.423203,0.072062
1650,433.858948,187.080811,24.257385,54.803848,0.056302
1650,150.565765,186.189835,37.988220,81.078903,0.055289
1650,430.077820,179.407196,16.504242,35.016159,0.050845
1650,418.005280,186.026245,21.145233,45.432816,0.049620
1650,417.043579,171.800476,29.065826,61.443649,0.049620
1650,418.147583,174.857361,20.933868,44.474823,0.049620
1650,398.123718,184.189407,26.274597,56.111313,0.046547
1650,422.216522,189.543579,29.065430,65.577240,0.040062
1650,419.875916,196.671799,16.189819,35.448929,0.039296
1650,266.253906,194.096298,25.461914,56.125244,0.036003
1675,360.689758,185.266800,29.060760,61.914825,0.993468
1675,364.064972,190.722900,23.512634,51.245956,0.993468
1675,364.860840,182.128052,26.645477,55.568420,0.991151
1675,290.252838,189.279160,27.403656,60.128571,0.987981
1675,296.696014,190.051224,25.647705,56.209167,0.987981
1675,316.022003,190.497833,24.451202,53.074661,0.981863
1675,317.666229,192.944061,20.030212,41.977814,0.981863
1675,284.510590,196.061493,27.747040,61.944214,0.977078
1675,333.702545,182.396317,27.116821,55.028809,0.976530
1675,318.734467,184.741592,28.897644,62.611572,0.967310
1675,291.131744,195.205093,21.930542,44.720795,0.966954
1675,322.613190,185.164124,24.971954,49.836365,0.956818
1675,340.299011,178.218887,29.008789,64.260986,0.955171
1675,318.123047,199.273880,21.486053,50.289169,0.948170
1675,335.872986,187.962891,26.072205,63.171219,0.939721
1675,346.727020,180.994827,26.979462,54.098831,0.912980
1675,440.000000,187.645874,24.627014,53.858597,0.904799
1675,365.192780,198.342880,19.569397,45.586517,0.882278
1675,365.557098,183.491974,21.149872,46.894180,0.868179
1675,297.787201,195.482239,19.902496,42.591629,0.850910
1675,348.397644,196.271545,18.749451,38.095642,0.799821
1675,344.394531,195.653214,23.626709,51.250793,0.799821
1675,335.441101,190.490341,22.370300,48.490677,0.715896
1675,309.699829,194.997604,27.736725,61.757706,0.672997
1675,407.370361,191.917999,24.181854,51.954636,0.650350
1675,411.710968,197.711227,18.995605,39.628571,0.650350
1675,116.435646,172.177246,49.500710,106.789886,0.611524
1675,401.424347,188.341370,26.708496,58.220078,0.568608
1675,442.684601,179.490341,21.439026,48.152435,0.507603
1675,372.450623,188.579758,27.688477,57.436813,0.442444
1675,428.425293,177.568665,29.507324,61.093231,0.394147
1675,291.555176,180.556610,32.510376,69.608673,0.365186
1675,300.387604,200.884537,18.326050,40.942825,0.272802
1675,437.953674,186.632095,30.917084,66.192307,0.267288
1675,441.681122,196.764465,24.465302,55.655350,0.267288
1675,128.962570,188.551193,40.443100,84.287582,0.249289
1675,222.494675,187.160141,25.003937,52.464996,0.187864
1675,345.796387,187.793121,23.144226,50.334442,0.180957
1675,446.199188,184.922668,27.797882,62.586060,0.176237
1700,439.757141,180.431778,27.696869,60.146484,0.985943
1700,415.221924,190.355545,23.472626,50.984695,0.982356
1700,327.678772,180.721436,30.902649,67.467682,0.783546
1700,411.112396,172.799408,28.375488,62.511490,0.763598
1700,437.183136,169.867661,33.767090,75.682098,0.758991
1700,170.213943,200.242935,18.527664,41.146851,0.674887
1700,427.691681,180.798737,26.430389,57.479370,0.634988
1700,361.720642,185.687927,23.145325,50.473297,0.624698
1700,174.339401,202.581558,14.165848,30.879288,0.620712
1700,174.940887,210.320038,13.688431,29.710617,0.620712
1700,321.905792,182.467880,26.853455,59.025726,0.605235
1700,95.457047,164.341949,48.452133,103.321381,0.574860
1700,359.678040,176.340317,28.526855,62.147644,0.525478
1700,317.971313,171.578705,33.179901,74.439987,0.515336
1700,341.121246,178.292953,32.059021,69.084396,0.458280
1700,449.618896,184.693466,24.759460,54.971329,0.401531
1700,162.273102,201.125290,15.891525,33.763153,0.327183
1700,158.551941,193.691696,21.762405,49.045898,0.327183
1700,222.705048,163.780289,26.893402,59.676559,0.320415
1700,413.463623,182.458542,21.327118,46.403458,0.318752
1700,416.348297,180.516037,17.138245,40.221603,0.318752
1700,346.639709,183.359421,26.453735,56.287201,0.317455
1700,345.539948,172.358871,29.017365,60.502136,0.317455
1700,415.203125,198.970612,20.633514,48.502548,0.308855
1700,443.131317,191.218109,21.967682,49.880676,0.297654
1700,364.604340,183.263596,20.148041,42.191238,0.274322
1700,405.875275,182.748657,24.770447,51.033127,0.258828
1700,172.603592,191.569260,16.918320,34.210709,0.256064
1700,175.298706,192.161804,13.464066,28.664566,0.256064
1700,328.400055,172.353043,28.550751,63.570923,0.248458
1700,318.781738,162.958679,42.665222,91.919144,0.228019
1700,102.736931,177.093491,36.052147,79.763870,0.222454
1700,230.845123,169.589783,27.885925,60.325531,0.202865
1700,442.724518,177.572113,25.201447,50.628387,0.173215
1700,445.062408,176.972687,19.733826,44.520325,0.173215
1700,169.592911,183.226837,23.356522,49.024292,0.172811
1700,123.988800,159.070404,49.743790,103.697113,0.155977
1700,347.867676,195.474319,21.454895,46.926056,0.154431
1700,224.968216,173.927307,23.465805,52.965530,0.153918
1700,227.345078,179.451859,18.416794,41.451950,0.153918
1700,326.419037,189.177261,21.413300,44.776993,0.153282
1700,324.794373,192.813950,25.337402,56.502808,0.153282
1700,422.646759,173.109268,33.891266,74.081085,0.150971
1700,161.114548,207.321991,16.152756,34.443451,0.140847
1700,162.738144,212.490814,12.866516,28.720963,0.140847
1700,331.966919,193.379608,23.009247,49.699158,0.139760
1700,110.806091,163.396744,46.458084,101.921860,0.134467
1700,95.333298,181.684448,36.964615,78.733643,0.134400
1700,400.664154,177.470459,29.331390,65.931396,0.112697
1700,331.142151,181.468674,23.582092,49.435486,0.112641
1700,413.293732,178.913910,32.680511,69.203751,0.108586
1700,398.950195,177.170914,25.876740,56.822281,0.084335
1700,234.145630,180.298096,20.059204,40.844559,0.076834
1700,132.955017,172.264053,36.256516,76.875916,0.076191
1700,139.806946,186.972534,26.183411,56.581070,0.073442
1700,143.976562,192.563339,20.157013,44.779984,0.073442
1700,153.169250,177.153839,29.015350,60.551254,0.072329
1725,311.524109,188.416718,29.613342,64.126053,0.992814
1725,456.737335,196.583923,25.714661,56.592560,0.991712
1725,424.548798,195.548798,28.902740,64.991150,0.991711
1725,424.407654,189.240387,24.710999,52.655014,0.983788
1725,443.774658,185.830795,33.659851,74.092880,0.972335
1725,426.504730,192.839554,25.389099,55.734009,0.962120
1725,417.790314,188.772690,30.496643,63.872986,0.962120
1725,351.256073,187.605331,26.970825,58.246216,0.944754
1725,353.006805,198.457336,24.520416,53.556564,0.944754
1725,358.970062,188.873886,29.428131,65.511307,0.936847
1725,451.595734,187.349838,33.536743,73.615250,0.932186
1725,315.957672,184.812729,30.533447,65.820251,0.922162
1725,418.260193,199.648010,26.059265,57.631409,0.889494
1725,303.401031,189.341766,29.478210,63.411194,0.857166
1725,308.127502,184.629166,24.268707,54.504288,0.856461
1725,370.762543,187.554733,32.404175,70.634567,0.838833
1725,231.576965,182.077057,27.285126,58.675644,0.821612
1725,222.774185,181.277023,28.030289,60.006744,0.821612
1725,219.746841,173.073044,33.769669,72.524734,0.821612
1725,230.321716,167.566086,31.123444,66.083878,0.771530
1725,353.178101,184.574203,30.285583,67.560181,0.762521
1725,352.529236,191.831802,19.863220,44.008224,0.693764
1725,461.548920,191.749969,25.854767,56.007141,0.587066
1725,464.478302,196.742920,26.267151,57.894287,0.587066
1725,447.956390,188.452362,28.065155,61.462357,0.561311
1725,170.669998,213.097443,15.517334,34.280914,0.544912
1725,169.107132,209.791504,18.935959,41.040695,0.544912
1725,325.394867,181.777008,28.731720,66.591492,0.533314
1725,162.881424,216.513626,13.603470,29.814407,0.438097
1725,162.431320,201.984299,16.961823,38.166168,0.438097
1725,170.617355,204.388016,17.367661,34.898712,0.404675
1725,175.390869,205.890488,13.139328,29.043015,0.404675
1725,456.719452,188.255478,24.680603,52.318924,0.355477
1725,304.089111,174.643356,29.799011,61.477310,0.295823
1725,161.034637,206.401321,19.930664,43.253036,0.290006
1725,376.145508,187.962509,26.440826,55.122482,0.283937
1725,378.673126,198.686630,22.502991,47.114471,0.283937
1725,422.365906,196.525681,21.843994,47.601532,0.254773
1725,421.853241,199.307800,17.763031,38.660721,0.254773
1725,168.425735,196.946533,21.924500,47.821823,0.249255
1725,450.319031,195.564560,23.639465,50.164108,0.248549
1725,450.802338,199.931839,18.293579,38.719482,0.248549
1725,449.198395,187.296204,23.421539,50.654175,0.248549
1725,363.142914,195.096207,24.269989,53.609406,0.246545
1725,363.947174,206.027588,22.246155,53.071503,0.246545
1725,419.154449,190.829651,36.822815,74.775146,0.226329
1725,442.330841,180.639511,31.352081,63.983963,0.204158
1725,223.247360,166.201263,41.736130,90.262787,0.187221
1725,449.077240,206.053268,21.967957,51.258438,0.185767
1750,477.189636,181.484116,30.792419,67.384689,0.992495
1750,487.062897,184.954300,29.500824,60.911880,0.992495
1750,341.853912,183.749207,30.731415,66.212433,0.992311
1750,345.874146,183.192245,26.138672,54.223145,0.992311
1750,346.258148,195.515594,25.541809,55.318283,0.992311
1750,302.114166,180.579025,29.704773,63.767700,0.991390
1750,308.568176,170.307388,33.220551,74.826843,0.990908
1750,334.408051,188.150192,27.902313,59.727676,0.955346
1750,344.626373,174.409912,32.146545,72.615860,0.955346
1750,297.910309,183.629181,30.021118,64.919022,0.932234
1750,79.721725,178.622696,39.633690,85.741928,0.907431
1750,481.284058,178.607071,28.332336,60.881927,0.901777
1750,480.275085,170.949570,41.725830,89.911942,0.851745
1750,312.920654,190.107285,22.119751,46.237778,0.830772
1750,308.423676,188.476715,26.731506,58.134415,0.827409
1750,398.361481,182.106766,29.401367,63.748032,0.736586
1750,409.229126,188.601227,27.287018,59.717606,0.716478
1750,401.785370,194.274857,21.042450,45.236328,0.689698
1750,490.884460,176.151581,35.015015,74.036194,0.651594
1750,350.231537,189.169144,25.400238,55.945007,0.630254
1750,483.295288,190.854813,21.723328,46.049911,0.627469
1750,308.337494,172.427200,25.855499,61.431335,0.555958
1750,487.834381,181.320160,24.750641,51.704575,0.552639
1750,495.525330,179.338074,28.601746,62.781021,0.476368
1750,483.378479,179.833939,33.991821,76.292831,0.473679
1750,488.327148,197.839462,24.816223,56.987457,0.473679
1750,69.986221,171.060074,53.817253,110.949905,0.305723
1750,399.648407,170.912567,42.873657,91.964874,0.216975
1750,403.830170,181.482956,34.768097,74.951859,0.206867
1750,401.436249,178.321533,21.966980,50.049438,0.204310
1750,305.327637,195.250015,24.791595,50.989594,0.203981
1750,218.645645,171.272095,31.615692,68.780319,0.176690
1750,339.881744,194.827225,17.403687,39.507141,0.175522
1750,231.642044,173.801590,33.514664,74.315536,0.170723
1750,419.590271,178.869263,33.281769,72.826920,0.167194
1750,481.211700,178.031677,23.638611,51.692535,0.134408
1750,230.449860,167.250336,30.289185,66.600494,0.131743
1750,82.608337,174.770615,45.263130,96.478012,0.121877
1750,91.238731,182.510864,35.371574,74.932587,0.121877
1750,74.157150,179.049683,38.275658,90.156158,0.111039
1775,490.994537,185.681458,30.533783,65.046799,0.997219
1775,285.023773,180.628754,33.681030,72.569992,0.995926
1775,291.622894,184.353653,31.294891,67.454453,0.995099
1775,493.145752,194.278610,24.387451,51.798096,0.992162
1775,312.828735,183.920563,30.601196,66.875717,0.991051
1775,319.907227,186.757324,28.992920,62.237579,0.991051
1775,493.350098,202.792313,24.349365,55.450851,0.984418
1775,497.768951,197.561127,26.300140,56.993210,0.981421
1775,17.820135,175.262451,45.608337,99.703705,0.980031
1775,420.918213,199.005051,29.157715,63.091110,0.971695
1775,325.016083,192.690369,28.025452,62.494553,0.942803
1775,406.745575,195.590317,33.896942,73.095352,0.928909
1775,412.014313,206.796051,26.308411,59.809235,0.922138
1775,496.453888,191.689529,31.454437,70.206955,0.917169
1775,418.903168,200.012177,33.914276,78.312744,0.909906
1775,323.024506,197.766205,20.056702,41.300705,0.902055
1775,297.201508,194.302612,22.762970,46.828232,0.868293
1775,326.661896,195.271286,21.898895,46.843857,0.867090
1775,412.565918,192.327866,33.846954,74.113937,0.822136
1775,405.837860,191.333740,30.440887,66.487030,0.822136
1775,425.136322,207.707825,23.855835,49.056030,0.789992
1775,421.579132,210.865738,28.773254,61.181137,0.789992
1775,326.003113,182.590302,29.207428,65.180450,0.772931
1775,455.636047,194.938904,25.395111,54.964813,0.772165
1775,291.110931,191.817154,26.875977,53.529510,0.742477
1775,460.673645,201.636581,19.142792,39.526596,0.716775
1775,320.214050,199.900711,23.950470,54.843735,0.699464
1775,415.501831,206.807663,20.857910,45.126541,0.695130
1775,494.005341,181.042480,22.836456,51.950058,0.667965
1775,460.111084,205.457794,20.085663,47.668213,0.567423
1775,293.891785,177.138580,32.708435,67.043793,0.558958
1775,402.215759,199.502319,29.586517,64.524414,0.475821
1775,491.114105,197.968002,30.220612,68.365524,0.474433
1775,71.465439,181.589691,36.849274,80.234344,0.472515
1775,28.244005,182.745773,37.989594,83.436447,0.465679
1775,325.206726,203.651169,23.246094,52.946213,0.439633
1775,200.908005,164.215805,32.892609,69.953094,0.438258
1775,456.945557,191.541031,29.932556,63.961655,0.421951
1775,476.239807,187.701096,31.471771,66.311554,0.411994
1775,398.895264,179.848495,39.274292,86.533005,0.396482
1775,13.002208,180.297958,38.773266,88.135056,0.385010
1775,9.381482,163.875717,59.250324,128.748001,0.361698
1800,287.771271,186.554977,29.560913,63.442734,0.984316
1800,295.972137,185.006042,29.686768,64.939178,0.984316
1800,308.799866,189.617004,25.898712,57.826950,0.970265
1800,305.635620,185.061020,32.937805,68.680756,0.970265
1800,408.461700,186.479706,32.704102,70.900116,0.965412
1800,287.347321,193.791824,24.458679,51.567841,0.959937
1800,419.144440,191.276138,34.924896,77.077866,0.949276
1800,439.506256,185.688812,34.460815,74.554596,0.944053
1800,449.666138,192.691971,31.313263,68.224167,0.944053
1800,85.511887,177.542191,44.965042,96.196091,0.924404
1800,63.070129,179.938919,38.115906,82.490738,0.895859
1800,72.901550,183.387756,30.038223,68.450653,0.895859
1800,63.807644,186.192413,28.747646,63.385086,0.895859
1800,301.163361,190.224365,27.721039,60.819199,0.894038
1800,302.474701,188.054855,23.661285,52.283859,0.894038
1800,304.543915,199.435745,20.676270,41.523926,0.894038
1800,291.434845,175.973740,39.772980,86.675522,0.857257
1800,87.282249,183.984665,36.008751,79.629318,0.837472
1800,98.160164,184.746567,34.721581,74.300583,0.837472
1800,448.214935,188.143463,28.827942,62.741486,0.787437
1800,413.920471,197.298096,30.626892,68.891449,0.776166
1800,402.043793,192.897583,35.632812,75.833344,0.776166
1800,312.777740,197.060059,20.693604,42.787674,0.774585
1800,408.935974,200.649094,30.507050,69.212509,0.741726
1800,69.931152,188.998459,28.172523,59.445511,0.729007
1800,286.151520,178.543213,23.948212,53.370132,0.673812
1800,284.644012,185.407379,37.377869,77.950165,0.638850
1800,180.873917,173.606537,35.393616,75.579346,0.605334
1800,174.818436,184.505234,29.948090,64.711914,0.605334
1800,174.331940,177.427948,27.835938,61.124527,0.605334
1800,184.010056,179.289764,25.644989,60.074631,0.536313
1800,61.875576,191.715668,32.782116,71.169067,0.534990
1800,414.610901,202.773193,22.219818,49.412186,0.420284
1800,447.117523,206.653320,24.672974,57.197327,0.393322
1800,77.454903,202.430023,18.952644,42.835800,0.368009
1800,454.830505,198.349609,23.997375,52.066208,0.365513
1800,2.136966,229.917542,15.371813,33.870178,0.336383
1800,448.599304,196.681488,24.727081,50.601761,0.334313
1825,309.851410,187.675354,36.749084,81.323151,0.963025
1825,472.197998,201.048904,29.322357,62.383438,0.927621
1825,304.674072,194.744919,35.997101,75.419724,0.897443
1825,469.634857,197.134689,35.690674,74.935806,0.881374
1825,476.574982,208.661285,23.293213,49.706146,0.881374
1825,122.382584,184.050659,45.127747,94.714203,0.869345
1825,315.668915,202.520691,24.564850,52.357300,0.823484
1825,463.145569,202.499969,27.998901,60.899567,0.820985
1825,171.785431,188.598648,32.935684,68.989883,0.814127
1825,181.854218,180.724548,33.177063,71.723038,0.814127
1825,176.892242,174.380356,38.842010,88.579422,0.797859
1825,435.948364,205.699326,29.873352,64.929886,0.763906
1825,99.456879,190.237305,38.493851,83.171906,0.754136
1825,95.004906,195.063370,32.544945,72.217361,0.754136
1825,427.030609,206.688278,30.308258,67.721878,0.743125
1825,415.734039,196.163620,31.547058,68.215347,0.733003
1825,317.110229,198.759949,30.724548,68.497223,0.642119
1825,477.139313,204.785721,28.847656,64.820267,0.610365
1825,415.060760,209.597733,29.600922,64.992874,0.599778
1825,412.604980,204.021103,28.509583,61.695358,0.597257
1825,313.458527,190.428360,26.324677,55.704590,0.586278
1825,182.093582,194.310577,30.862427,66.664551,0.558374
1825,88.924477,187.304260,40.065651,89.279022,0.546401
1825,423.621155,191.393143,32.726532,67.843979,0.493966
1825,186.879639,197.373077,22.759201,44.840332,0.478457
1825,430.028656,207.865723,25.129669,53.667480,0.470508
1825,93.047165,204.038757,30.332100,69.300690,0.439886
1825,480.986267,207.833252,22.661285,51.558258,0.434600
1825,311.712372,206.116791,29.783417,67.498810,0.378600
1825,103.434776,201.246414,27.414391,55.376389,0.335270
1825,133.447037,196.371078,34.466278,78.224380,0.294565
1825,120.147400,195.381256,36.294983,83.419678,0.294565
1825,186.573990,205.076569,22.995590,52.521942,0.269074
1825,302.506073,204.146393,30.278320,69.540741,0.227631
1825,431.996887,199.391800,37.552704,81.120987,0.217954
1825,129.840744,191.796921,33.759979,72.606491,0.215380
1825,170.259979,175.303665,32.410324,72.408020,0.210746
1825,481.621918,190.022980,29.379913,68.192383,0.204652
1825,457.986664,192.019562,40.310486,85.271362,0.181089
1850,427.466492,190.572845,43.140778,93.011658,0.978144
1850,179.564438,181.649429,34.684555,74.037811,0.977685
1850,336.821045,185.372192,38.785675,84.714996,0.977301
1850,293.939972,197.299698,30.044586,62.875961,0.975643
1850,97.454391,190.535461,45.908020,99.417969,0.973053
1850,417.667938,190.444931,43.619934,95.021286,0.970573
1850,334.543121,194.450943,31.939911,66.963425,0.965320
1850,342.106232,199.302048,32.232941,66.271439,0.965320
1850,292.100769,195.013519,35.856232,77.547607,0.964165
1850,103.766663,192.370193,36.343353,85.240891,0.960992
1850,297.393005,189.173340,32.655914,68.356476,0.958352
1850,135.789642,196.987946,36.717682,79.381897,0.949780
1850,488.125214,195.917053,30.525482,65.882996,0.917808
1850,110.686981,189.920151,38.252945,82.243332,0.905972
1850,284.398682,192.341690,34.176453,75.840073,0.902973
1850,132.001236,179.255310,48.557312,105.645630,0.848876
1850,485.413544,196.120804,36.382111,79.472610,0.826536
1850,105.544708,184.765839,46.559921,100.867798,0.795260
1850,169.645508,180.842438,34.350418,74.923431,0.785245
1850,424.865936,190.849899,37.399414,78.626480,0.779723
1850,493.218353,194.930115,31.211823,66.778748,0.763986
1850,145.431473,190.948029,35.809738,75.573608,0.721816
1850,301.320953,197.317902,31.757019,69.104431,0.637654
1850,435.323151,207.215469,34.676819,71.503403,0.630783
1850,492.777069,206.036819,24.180695,51.412766,0.589739
1850,169.949265,175.705750,44.220825,96.642944,0.589117
1850,423.471405,180.659637,53.684509,115.647217,0.565240
1850,345.358826,204.741196,23.608734,48.776825,0.525016
1850,483.508118,201.487335,29.737976,66.400269,0.503127
1850,481.575684,193.693573,29.724121,64.010010,0.503127
1850,336.872284,203.441437,30.764954,73.568939,0.472942
1850,186.123413,184.332535,32.958221,72.769028,0.428871
1850,492.165527,201.006973,35.249084,78.941208,0.383416
1875,275.837311,184.661072,35.255463,76.502533,0.986195
1875,271.640656,188.358963,32.279816,72.511398,0.986195
1875,124.421730,172.606934,44.084770,95.740631,0.980614
1875,357.243073,180.165833,36.779388,79.922363,0.980260
1875,354.657654,184.122238,31.887665,70.891861,0.980260
1875,361.941956,190.808533,29.720642,66.956024,0.975408
1875,411.389435,184.259613,46.759857,101.666199,0.970963
1875,92.110580,183.000626,41.108475,88.824692,0.932155
1875,450.251740,191.406799,37.377838,80.911835,0.923546
1875,120.073883,180.610474,37.985703,82.026520,0.909883
1875,350.078308,188.093338,29.755737,67.866730,0.892441
1875,177.108261,168.629578,36.190399,77.878555,0.881199
1875,278.476349,197.233261,27.960754,62.950485,0.848951
1875,360.019043,199.577820,26.625549,59.066284,0.794559
1875,97.922981,174.181992,39.343559,87.315628,0.727982
1875,174.400574,180.445984,33.136826,71.198303,0.717285
1875,45.742985,215.419922,21.711361,47.183929,0.714698
1875,47.915279,220.999771,17.597324,39.316360,0.714698
1875,431.934448,181.084457,45.308929,98.230789,0.699919
1875,354.564484,189.597580,35.678040,80.169540,0.698301
1875,110.407646,172.716980,50.539436,110.712677,0.583347
1875,53.234928,210.369827,22.663876,49.719070,0.557934
1875,454.463501,195.722351,29.274017,62.878143,0.456182
1875,171.258270,171.052887,32.967148,73.280807,0.439993
1875,171.625671,166.533905,43.160172,96.493896,0.428491
1875,408.004181,183.723831,39.599548,88.928268,0.415044
1875,561.762146,215.390060,14.167053,30.450394,0.407251
1875,560.266968,210.432495,17.332092,37.325607,0.407251
1875,560.568481,217.941025,16.618958,37.342514,0.407251
1875,90.782928,178.886917,36.977058,80.022873,0.402597
1875,42.935020,202.424698,26.360367,56.505203,0.384846
1875,430.472473,196.460938,37.695831,82.341461,0.327247
1875,457.935822,199.804443,24.062225,50.419220,0.314276
1900,423.837982,198.678513,32.041595,69.372604,0.994574
1900,96.350945,181.535538,41.653893,91.314468,0.993780
1900,400.985535,183.503983,37.209747,81.203476,0.990963
1900,461.268829,195.236588,45.995422,101.348190,0.989992
1900,393.288696,184.123550,38.792908,85.392868,0.989752
1900,102.982170,190.298630,39.104210,87.378830,0.986837
1900,289.340668,187.804352,39.476349,85.886261,0.983962
1900,456.031281,203.021851,41.073212,90.772491,0.977484
1900,501.773315,189.460770,40.742798,83.970566,0.975609
1900,296.099121,193.910446,33.909271,71.343491,0.975420
1900,1.000000,152.058960,42.594383,129.821136,0.973298
1900,154.090332,170.111099,48.189133,105.506729,0.970457
1900,500.942383,179.644745,47.229675,104.201721,0.969949
1900,213.143585,172.988129,34.062439,73.196869,0.969440
1900,204.919571,176.040604,34.213577,72.665833,0.969440
1900,293.298645,180.219437,41.841278,90.041824,0.967945
1900,284.697388,185.248230,35.098816,72.898987,0.962836
1900,511.261353,197.722565,32.859131,73.917511,0.954277
1900,144.284393,174.021042,46.559235,98.581741,0.940056
1900,393.203369,198.753937,34.502136,77.321991,0.929731
1900,397.254944,194.174759,29.885010,69.298233,0.917782
1900,87.867767,184.044952,44.427826,94.741669,0.909208
1900,469.560089,195.575424,42.708771,93.997208,0.891816
1900,411.841675,202.555908,28.402222,64.176117,0.756312
1900,476.136230,187.299362,47.203552,101.405869,0.708152
1900,101.219063,189.493958,33.353371,75.641846,0.597909
1900,1.000000,147.086090,49.097469,171.554718,0.594239
