25,61.473000,177.630000,27.510000,56.237000,0.994390
25,338.390000,174.680000,34.243000,57.247000,0.948400
25,465.280000,186.410000,20.904000,50.267000,0.582350
50,351.890000,185.450000,30.917000,52.646000,0.877510
50,482.160000,188.680000,23.227000,49.508000,0.657240
75,493.830000,179.570000,23.576000,50.111000,0.760520
75,359.090000,182.320000,28.600000,53.147000,0.760230
100,501.930000,180.340000,25.746000,55.406000,0.990910
100,453.300000,180.110000,24.546000,46.987000,0.002649
125,506.390000,181.680000,23.402000,57.395000,0.925610
125,456.170000,182.320000,22.828000,49.947000,0.001117
150,548.380000,115.040000,88.463000,183.920000,0.999760
150,510.960000,179.070000,24.994000,56.241000,0.964620
150,558.860000,214.240000,48.449000,84.712000,0.041138
150,457.330000,183.330000,23.052000,46.604000,0.012463
175,492.300000,146.200000,61.619000,136.790000,0.996600
175,464.380000,185.890000,24.196000,48.400000,0.002768
175,506.310000,188.370000,40.515000,98.370000,0.001690
200,480.940000,150.250000,53.803000,115.620000,0.999380
200,560.690000,181.340000,30.048000,60.208000,0.965180
225,484.110000,146.550000,47.293000,113.260000,0.999760
225,595.390000,175.070000,33.004000,71.554000,0.955700
250,533.180000,155.270000,43.191000,99.183000,0.999100
250,622.600000,175.540000,33.548000,73.457000,0.989490
250,512.150000,185.810000,19.569000,44.860000,0.171300
250,525.180000,173.180000,25.615000,78.009000,0.006766
250,265.080000,177.900000,23.239000,48.386000,0.000808
275,653.290000,169.880000,40.981000,91.091000,0.931750
275,514.680000,182.810000,26.220000,50.295000,0.680930
275,234.650000,176.270000,24.182000,49.594000,0.002100
275,641.320000,176.790000,38.787000,73.571000,0.000049
300,523.950000,181.810000,23.245000,53.303000,0.891030
300,194.400000,181.950000,25.031000,52.243000,0.124490
300,22.025000,173.260000,20.055000,44.908000,0.000132
325,542.830000,181.380000,25.469000,52.546000,0.874670
325,162.510000,180.730000,23.622000,53.193000,0.831340
325,10.706000,167.940000,22.702000,46.556000,0.001257
350,559.430000,178.550000,23.920000,61.112000,0.969210
350,124.360000,178.670000,23.753000,57.576000,0.950320
350,15.197000,169.530000,23.488000,49.512000,0.003507
375,39.141000,177.380000,30.142000,63.661000,0.959000
375,563.680000,182.980000,25.768000,58.113000,0.920510
400,576.790000,172.850000,23.508000,62.759000,0.966870
425,592.130000,176.120000,27.680000,66.354000,0.993140
450,620.590000,177.350000,31.106000,70.798000,0.992770
450,278.600000,190.830000,24.620000,51.643000,0.000331
475,652.880000,164.670000,34.685000,76.983000,0.988800
475,248.510000,189.050000,22.493000,47.053000,0.006494
475,271.200000,188.570000,20.747000,47.102000,0.006168
475,335.710000,194.820000,21.419000,46.974000,0.000135
475,327.350000,192.020000,24.253000,51.390000,0.000124
500,257.630000,187.300000,20.612000,48.250000,0.527250
500,291.960000,189.030000,26.390000,50.766000,0.008650
500,305.790000,188.510000,22.305000,54.684000,0.003017
500,319.980000,187.620000,22.813000,54.403000,0.002178
500,541.370000,188.570000,25.002000,47.797000,0.001053
500,221.110000,190.240000,24.999000,48.063000,0.000748
525,216.640000,178.850000,24.991000,53.032000,0.849770
525,295.920000,185.860000,22.825000,50.078000,0.480830
525,270.990000,181.580000,22.944000,53.503000,0.023298
525,172.460000,187.920000,22.353000,44.983000,0.015163
525,281.150000,184.130000,22.428000,50.843000,0.011621
525,305.320000,185.840000,24.171000,53.789000,0.006978
525,500.410000,184.920000,23.366000,43.439000,0.001811
525,315.920000,187.940000,22.087000,48.129000,0.000549
550,149.880000,183.560000,25.302000,54.238000,0.845820
550,234.070000,185.690000,22.212000,53.610000,0.628120
550,420.440000,189.410000,22.789000,44.303000,0.140530
550,199.530000,188.140000,21.660000,49.340000,0.125240
550,210.780000,187.650000,20.765000,48.383000,0.101520
550,89.187000,189.110000,23.770000,49.019000,0.011954
550,219.870000,187.730000,19.312000,51.418000,0.010803
550,259.380000,193.170000,21.701000,45.820000,0.001000
550,186.230000,186.970000,28.255000,52.446000,0.000126
575,175.340000,187.490000,22.772000,55.735000,0.833820
575,70.806000,180.920000,24.003000,59.200000,0.807890
575,125.240000,188.150000,23.699000,55.508000,0.612410
575,332.780000,191.080000,24.701000,51.241000,0.438260
575,149.740000,186.850000,20.281000,54.902000,0.436050
575,134.740000,185.180000,22.551000,57.987000,0.406810
575,199.950000,194.120000,20.639000,47.198000,0.032189
600,125.880000,190.860000,23.749000,60.684000,0.989970
600,258.530000,197.540000,25.673000,55.184000,0.872660
600,153.370000,189.770000,25.771000,57.398000,0.853820
600,99.842000,189.600000,21.112000,62.130000,0.833220
600,64.658000,189.440000,28.925000,63.009000,0.669940
600,78.097000,190.200000,22.700000,63.303000,0.263950
600,0.375860,185.660000,25.072000,60.856000,0.107490
625,54.009000,184.990000,29.211000,63.380000,0.993170
625,146.610000,188.850000,30.083000,58.980000,0.948730
625,111.530000,184.440000,28.908000,60.120000,0.911510
625,21.828000,179.300000,28.326000,68.061000,0.901020
625,8.388800,180.640000,25.086000,63.965000,0.346570
625,92.622000,187.820000,25.750000,53.010000,0.055472
625,32.455000,179.010000,27.385000,68.670000,0.030303
650,39.667000,174.240000,35.395000,70.403000,0.991120
650,5.889100,189.290000,23.786000,56.351000,0.005064
650,271.820000,182.460000,20.783000,43.768000,0.001491
675,210.050000,183.500000,22.615000,48.934000,0.043555
700,146.040000,181.560000,22.681000,54.184000,0.970240
725,72.362000,175.230000,23.756000,59.689000,0.994580
725,418.920000,180.720000,18.670000,39.745000,0.002583
750,339.120000,181.160000,24.709000,53.963000,0.913180
775,227.110000,176.400000,28.805000,59.904000,0.921510
800,76.632000,166.240000,36.675000,73.725000,0.992490
850,487.350000,180.150000,27.419000,49.917000,0.002022
850,274.860000,178.160000,24.251000,47.600000,0.000122
875,239.360000,173.830000,25.354000,46.750000,0.000922
900,527.090000,173.620000,24.211000,51.586000,0.048228
900,199.390000,173.650000,21.382000,44.894000,0.000102
925,392.540000,172.770000,25.904000,51.852000,0.914500
925,105.910000,171.400000,21.756000,47.767000,0.006533
950,202.230000,178.270000,30.160000,56.796000,0.932180
950,294.800000,183.690000,24.303000,47.950000,0.000199
975,649.670000,166.450000,47.463000,93.738000,0.987960
975,630.210000,169.340000,32.801000,75.762000,0.430870
975,191.830000,179.710000,27.644000,49.065000,0.033975
975,257.070000,165.360000,27.866000,50.623000,0.000379
1000,591.200000,162.460000,49.883000,90.123000,0.998170
1000,121.980000,172.910000,25.208000,52.976000,0.244340
1000,277.380000,175.050000,26.948000,47.692000,0.010902
1025,571.800000,170.340000,40.299000,81.323000,0.993000
1025,613.560000,175.510000,25.249000,66.894000,0.896350
1025,220.250000,177.430000,23.021000,47.529000,0.039252
1050,583.190000,164.980000,43.784000,92.426000,0.995440
1050,634.960000,175.470000,29.553000,72.420000,0.949490
1050,13.981000,169.550000,26.667000,57.813000,0.611300
1050,170.540000,173.780000,26.500000,51.272000,0.128900
1050,161.930000,176.000000,23.680000,46.958000,0.014104
1050,137.740000,164.870000,26.093000,50.991000,0.006749
1050,653.530000,177.430000,28.405000,63.355000,0.001027
1075,598.810000,166.680000,45.999000,86.468000,0.997640
1075,664.080000,173.680000,32.975000,84.078000,0.951120
1075,113.650000,171.880000,33.081000,59.377000,0.941750
1075,127.850000,174.020000,25.206000,57.899000,0.041174
1100,633.260000,167.400000,45.885000,86.678000,0.982210
1100,28.880000,165.600000,34.269000,70.152000,0.981640
1100,94.415000,170.170000,27.251000,56.008000,0.325090
1100,246.210000,178.450000,22.891000,49.177000,0.015922
1100,54.469000,174.140000,28.070000,60.558000,0.003538
1125,29.713000,167.460000,29.835000,58.065000,0.927590
1125,207.900000,179.790000,22.534000,52.253000,0.046169
1125,675.560000,201.340000,32.315000,56.074000,0.008290
1150,638.350000,56.275000,32.640000,85.470000,0.190220
1150,652.150000,61.279000,31.617000,103.100000,0.069762
1150,661.020000,53.192000,29.297000,80.509000,0.036616
1150,146.800000,179.020000,22.986000,51.002000,0.033428
1150,651.890000,137.100000,38.602000,83.822000,0.008264
1150,667.050000,158.820000,26.771000,58.048000,0.007825
1150,671.900000,143.700000,31.223000,77.076000,0.000133
1175,611.520000,40.379000,49.482000,163.140000,0.663870
1175,589.880000,49.097000,33.879000,90.048000,0.586150
1175,629.360000,171.910000,26.875000,52.168000,0.419320
1175,648.890000,45.186000,41.502000,97.795000,0.261930
1175,631.920000,43.294000,44.769000,106.740000,0.027302
1175,646.290000,173.290000,25.999000,54.218000,0.000987
1200,580.940000,166.910000,32.653000,53.915000,0.592190
1200,540.880000,73.740000,30.998000,101.120000,0.257230
1200,575.300000,170.770000,27.289000,56.276000,0.041688
1200,308.950000,164.030000,27.111000,49.669000,0.026224
1200,240.820000,172.330000,22.241000,45.106000,0.010618
1200,593.020000,30.410000,51.494000,106.660000,0.005065
1225,566.740000,174.560000,26.339000,56.643000,0.924630
1225,538.570000,175.790000,26.559000,56.082000,0.891620
1225,485.550000,86.805000,32.526000,99.206000,0.377380
1225,555.870000,175.490000,27.277000,57.150000,0.325770
1225,662.140000,74.644000,28.146000,58.465000,0.075459
1225,651.510000,73.848000,29.661000,64.112000,0.014173
1225,236.360000,172.190000,25.002000,53.912000,0.012916
1225,142.490000,178.370000,24.768000,49.871000,0.012281
1225,555.770000,74.083000,27.709000,62.211000,0.011905
1225,245.460000,161.110000,25.592000,63.734000,0.001674
1225,229.920000,177.290000,23.551000,48.227000,0.001616
1250,548.500000,174.360000,25.480000,59.871000,0.937950
1250,59.439000,173.320000,33.412000,55.483000,0.865190
1250,660.490000,154.740000,53.888000,111.380000,0.725480
1250,582.890000,173.940000,24.392000,59.576000,0.668410
1250,211.440000,158.320000,26.845000,57.043000,0.343900
1250,469.700000,80.762000,26.030000,80.233000,0.134370
1250,156.230000,175.410000,21.324000,50.326000,0.101610
1250,173.780000,174.920000,25.196000,50.287000,0.023608
1250,161.730000,172.200000,28.209000,51.141000,0.003887
1250,566.090000,178.540000,28.412000,55.575000,0.000464
1250,536.810000,67.189000,28.647000,76.559000,0.000442
1250,91.728000,173.910000,24.207000,49.137000,0.000155
1275,95.280000,171.790000,26.741000,55.068000,0.961880
1275,646.430000,145.700000,59.645000,120.990000,0.953990
1275,74.252000,174.670000,24.223000,55.287000,0.923230
1275,567.430000,176.420000,31.170000,59.809000,0.909410
1275,598.900000,176.460000,23.283000,55.708000,0.902460
1275,545.790000,177.320000,26.059000,60.861000,0.454750
1275,175.420000,153.510000,28.134000,58.105000,0.138180
1275,452.170000,79.208000,28.013000,98.355000,0.064817
1275,163.560000,156.470000,31.243000,64.035000,0.006717
1275,518.110000,69.398000,28.737000,72.477000,0.004164
1275,557.570000,73.895000,26.686000,64.135000,0.001041
1300,587.510000,180.740000,23.260000,57.595000,0.983720
1300,615.460000,177.590000,26.785000,57.977000,0.959460
1300,558.960000,182.540000,24.535000,54.952000,0.917770
1300,642.880000,149.730000,66.154000,122.760000,0.764390
1300,573.900000,180.370000,26.282000,58.409000,0.304600
1300,6.387100,173.020000,25.512000,55.165000,0.300860
1300,436.370000,80.704000,28.003000,98.860000,0.274480
1300,618.270000,174.680000,30.872000,86.785000,0.195280
1300,506.570000,69.487000,25.289000,68.834000,0.047084
1325,604.900000,192.520000,24.471000,62.975000,0.982710
1325,570.530000,192.980000,26.311000,58.909000,0.966040
1325,635.510000,174.100000,65.536000,120.060000,0.956840
1325,213.780000,191.660000,24.429000,46.790000,0.306110
1325,422.790000,91.159000,33.252000,111.950000,0.057970
1325,500.550000,87.050000,24.493000,65.284000,0.024985
1325,460.940000,93.436000,26.422000,74.304000,0.011131
1325,586.170000,50.866000,44.787000,86.033000,0.009396
1325,623.530000,189.300000,48.254000,90.489000,0.007400
1350,618.850000,180.360000,57.918000,111.460000,0.989070
1350,582.670000,192.510000,25.269000,60.778000,0.985870
1350,149.960000,190.420000,23.980000,53.610000,0.937860
1350,519.430000,81.366000,27.845000,56.310000,0.166690
1350,640.010000,178.420000,45.719000,91.109000,0.109340
1350,483.690000,82.916000,25.031000,68.759000,0.065180
1350,443.720000,88.606000,27.949000,71.692000,0.012177
1350,596.980000,39.047000,35.588000,100.680000,0.004347
1350,661.130000,193.050000,28.157000,58.901000,0.000653
1375,60.581000,169.600000,27.780000,58.275000,0.977320
1375,621.840000,166.660000,64.114000,113.870000,0.967170
1375,604.810000,177.490000,28.769000,62.062000,0.907540
1375,606.180000,174.430000,43.209000,87.036000,0.572180
1375,509.640000,67.262000,25.263000,59.575000,0.052918
1375,428.710000,73.934000,28.204000,65.903000,0.047501
1375,391.790000,68.710000,31.849000,127.810000,0.045593
1375,468.670000,63.104000,23.992000,77.857000,0.038336
1375,541.170000,72.422000,24.567000,62.102000,0.008907
1375,498.260000,69.159000,26.351000,57.339000,0.005081
1375,661.880000,171.430000,33.925000,78.604000,0.001372
1400,635.580000,172.790000,28.938000,65.138000,0.938580
1400,637.480000,171.700000,40.593000,84.777000,0.355250
1400,649.840000,171.640000,49.510000,98.186000,0.298510
1400,495.600000,59.495000,24.022000,56.999000,0.047414
1400,455.540000,57.298000,27.559000,69.016000,0.041920
1400,374.010000,60.721000,34.434000,133.600000,0.014967
1400,416.370000,64.519000,29.463000,77.529000,0.009863
1400,443.620000,62.654000,28.112000,63.048000,0.001533
1425,672.830000,174.950000,29.280000,58.975000,0.744590
1425,436.270000,58.778000,30.281000,74.383000,0.105870
1425,471.570000,58.906000,30.078000,56.752000,0.019783
1425,367.390000,66.818000,31.181000,107.050000,0.006114
1425,522.360000,60.061000,23.508000,51.531000,0.005179
1425,395.520000,67.981000,35.332000,74.143000,0.003993
1425,336.040000,177.870000,21.212000,50.103000,0.000372
1450,453.920000,65.325000,25.400000,52.789000,0.126050
1450,415.670000,61.858000,25.254000,66.308000,0.059087
1450,495.330000,61.296000,22.992000,55.729000,0.018007
1450,332.870000,62.885000,33.605000,103.370000,0.017637
1450,372.100000,70.526000,30.554000,68.276000,0.006891
1475,667.390000,175.070000,30.883000,63.110000,0.918520
1475,346.150000,43.800000,27.386000,67.645000,0.077063
1475,388.320000,50.986000,28.934000,57.283000,0.029320
1475,261.340000,52.922000,38.426000,97.564000,0.011893
1475,293.850000,60.537000,36.795000,74.434000,0.001989
1500,615.070000,175.710000,32.102000,65.978000,0.994560
1500,664.780000,165.490000,37.460000,82.726000,0.597730
1500,91.292000,186.670000,23.060000,56.702000,0.189010
1500,163.620000,41.565000,39.130000,133.600000,0.102950
1500,259.460000,45.457000,25.485000,69.811000,0.087051
1500,157.160000,180.980000,23.630000,48.247000,0.006893
1500,296.460000,50.236000,32.804000,58.795000,0.006136
1500,144.740000,184.180000,22.679000,45.532000,0.000609
1500,684.020000,160.910000,35.976000,98.406000,0.000043
1525,601.370000,169.750000,35.404000,67.283000,0.996220
1525,650.000000,158.450000,46.563000,101.870000,0.895610
1525,22.564000,174.450000,26.453000,54.467000,0.814760
1525,100.870000,174.000000,25.558000,55.210000,0.623570
1525,665.740000,162.930000,37.940000,82.760000,0.477540
1525,127.040000,38.557000,37.228000,102.080000,0.189650
1525,89.963000,169.910000,30.418000,56.682000,0.046923
1525,221.920000,39.527000,27.747000,73.845000,0.042552
1525,612.460000,167.300000,36.290000,74.962000,0.023089
1525,80.694000,175.340000,22.791000,50.320000,0.021396
1525,634.790000,173.520000,23.416000,63.016000,0.020502
1525,640.810000,165.350000,29.467000,78.586000,0.020178
1550,628.340000,173.020000,34.716000,72.807000,0.984410
1550,660.250000,168.690000,37.498000,87.026000,0.944580
1550,25.390000,181.630000,23.159000,55.786000,0.860330
1550,53.203000,183.840000,18.912000,52.101000,0.727670
1550,595.290000,173.020000,22.604000,50.185000,0.515630
1550,640.540000,168.850000,41.292000,88.438000,0.484170
1550,118.360000,43.003000,36.535000,116.270000,0.146530
1550,61.709000,185.740000,21.022000,54.239000,0.045340
1550,649.370000,172.990000,26.000000,65.526000,0.024846
1550,211.620000,39.822000,29.542000,70.426000,0.012879
1550,107.860000,43.377000,36.839000,96.471000,0.002948
1550,568.690000,175.210000,22.618000,49.440000,0.000701
1550,69.338000,185.350000,22.917000,49.880000,0.000635
1575,41.802000,187.080000,21.553000,46.870000,0.943430
1575,643.150000,167.330000,46.789000,112.570000,0.799670
1575,11.214000,185.060000,22.559000,54.621000,0.482210
1575,109.590000,47.166000,35.760000,104.540000,0.076812
1575,582.690000,174.040000,25.082000,49.591000,0.066900
1575,568.530000,173.960000,29.441000,45.361000,0.065813
1575,660.590000,157.290000,50.012000,122.640000,0.017868
1575,208.200000,39.648000,30.157000,67.052000,0.009125
1600,619.040000,152.680000,76.098000,126.820000,0.992480
1600,572.430000,164.420000,23.617000,53.738000,0.842980
1600,669.960000,164.440000,29.352000,79.337000,0.311040
1600,652.080000,152.220000,48.730000,98.858000,0.060164
1600,109.080000,34.157000,27.958000,80.658000,0.036052
1600,597.610000,168.420000,20.513000,47.948000,0.010290
1600,102.680000,31.762000,39.969000,114.990000,0.008572
1600,589.100000,167.990000,18.860000,48.495000,0.002690
1600,605.600000,170.340000,20.969000,46.534000,0.000878
1625,595.590000,157.380000,72.495000,118.340000,0.994680
1625,658.660000,168.240000,36.838000,84.300000,0.921360
1625,570.870000,160.370000,22.505000,58.137000,0.437550
1625,621.090000,163.130000,60.283000,104.870000,0.136050
1625,665.610000,201.660000,26.552000,62.807000,0.004402
1625,183.640000,175.020000,20.993000,51.214000,0.001424
1650,557.530000,160.190000,65.999000,112.170000,0.994760
1650,649.690000,169.560000,39.195000,88.841000,0.953230
1650,603.970000,165.630000,36.466000,95.351000,0.844230
1650,619.500000,167.450000,35.342000,85.440000,0.315560
1650,634.730000,167.850000,26.366000,79.303000,0.224030
1650,113.980000,30.116000,29.427000,82.858000,0.010327
1650,600.250000,191.570000,31.353000,75.159000,0.002667
1675,507.520000,163.440000,58.007000,106.010000,0.998410
1675,641.330000,166.000000,45.044000,90.055000,0.994180
1675,572.820000,167.750000,43.526000,86.988000,0.972730
1675,587.250000,162.330000,30.511000,70.164000,0.071368
1675,534.200000,164.420000,56.464000,97.509000,0.010883
1675,441.420000,174.840000,22.510000,52.160000,0.009212
1675,425.810000,175.710000,20.091000,49.465000,0.003393
1675,418.440000,174.220000,21.035000,49.545000,0.002743
1675,673.090000,165.180000,26.119000,62.741000,0.000940
1700,451.800000,158.740000,59.577000,105.400000,0.998920
1700,560.290000,162.010000,39.697000,90.611000,0.996910
1700,640.950000,153.990000,48.728000,103.550000,0.993650
1700,611.660000,160.090000,27.279000,62.503000,0.964500
1700,623.020000,159.010000,46.996000,102.200000,0.335230
1700,20.307000,81.686000,44.414000,95.797000,0.008391
1725,411.760000,165.320000,54.355000,97.408000,0.999380
1725,554.950000,165.130000,42.789000,97.152000,0.997860
1725,637.850000,154.570000,55.414000,118.790000,0.992800
1725,503.040000,173.930000,21.434000,49.108000,0.402550
1725,529.100000,172.610000,27.416000,66.920000,0.069480
1725,50.725000,67.853000,38.365000,102.990000,0.018939
1725,648.370000,192.870000,34.372000,75.361000,0.008830
1725,468.220000,173.310000,23.451000,51.000000,0.006183
1725,509.760000,171.540000,26.166000,55.513000,0.001418
1750,405.570000,163.680000,52.167000,89.306000,0.997020
1750,546.440000,159.250000,50.950000,103.030000,0.995570
1750,628.490000,151.110000,58.810000,125.730000,0.989270
1750,615.610000,162.140000,45.109000,111.470000,0.277170
1750,135.660000,175.090000,23.188000,53.130000,0.048080
1750,643.660000,213.960000,29.917000,66.588000,0.025624
1750,451.710000,171.270000,22.050000,49.061000,0.014797
1750,617.410000,167.530000,25.226000,60.537000,0.010755
1750,478.360000,169.700000,24.503000,45.029000,0.009850
1750,575.470000,156.760000,54.244000,107.750000,0.004475
1750,70.042000,69.956000,39.748000,102.630000,0.000300
1775,627.660000,139.990000,65.304000,141.820000,0.998140
1775,424.780000,162.570000,46.995000,85.674000,0.995240
1775,549.640000,159.560000,47.840000,97.590000,0.988790
1775,482.830000,166.620000,21.842000,53.691000,0.208370
1775,632.630000,189.130000,46.484000,90.907000,0.033602
1775,202.580000,177.350000,23.559000,51.986000,0.025483
1775,216.550000,181.100000,20.349000,48.052000,0.008229
1775,520.800000,166.440000,22.627000,50.738000,0.004934
1775,97.416000,68.615000,35.291000,97.798000,0.001172
1775,505.240000,167.630000,22.901000,52.643000,0.000665
1800,441.340000,165.600000,46.342000,82.544000,0.997000
1800,567.940000,161.150000,40.373000,101.930000,0.986630
1800,639.230000,139.790000,72.050000,152.640000,0.983970
1800,611.670000,167.280000,29.447000,56.387000,0.533080
1800,554.410000,165.620000,33.369000,87.249000,0.304900
1800,538.150000,169.980000,20.508000,53.674000,0.213880
1800,553.080000,164.200000,24.473000,64.757000,0.118390
1800,542.680000,164.120000,28.024000,66.058000,0.099541
1800,603.710000,168.580000,48.078000,103.890000,0.022122
1800,510.320000,168.930000,25.999000,52.101000,0.021960
1800,526.270000,170.020000,23.290000,52.351000,0.021794
1800,642.850000,195.710000,49.478000,86.058000,0.018775
1800,666.380000,217.900000,29.880000,69.892000,0.000732
1800,211.050000,184.800000,23.914000,50.096000,0.000340
1825,594.890000,162.330000,49.822000,109.330000,0.997600
1825,451.470000,173.100000,44.518000,83.395000,0.993200
1825,553.420000,174.030000,26.850000,55.693000,0.246890
1825,447.070000,187.090000,33.010000,71.006000,0.057671
1825,590.820000,171.740000,24.719000,77.423000,0.017102
1825,677.470000,169.320000,20.993000,50.934000,0.003113
1825,234.290000,190.790000,25.448000,51.546000,0.000825
1825,581.790000,176.430000,23.518000,59.192000,0.000556
1825,252.410000,196.720000,20.752000,47.687000,0.000516
1850,468.290000,180.430000,41.924000,78.537000,0.989410
1850,635.790000,168.140000,51.430000,109.860000,0.987860
1850,620.650000,170.640000,26.300000,63.774000,0.554220
1850,265.320000,187.100000,22.061000,53.914000,0.242230
1850,544.020000,183.160000,23.273000,45.318000,0.057913
1850,658.570000,169.690000,34.885000,100.870000,0.042931
1850,280.890000,186.290000,29.352000,54.140000,0.024261
1850,669.900000,174.100000,27.714000,64.433000,0.018592
1850,503.360000,180.440000,27.289000,55.452000,0.000328
1875,479.020000,177.900000,40.175000,83.282000,0.997060
1875,309.420000,195.280000,23.141000,53.392000,0.511280
1875,666.250000,174.840000,45.797000,104.430000,0.131130
1875,289.520000,194.540000,21.320000,50.139000,0.126190
1875,298.680000,194.640000,25.226000,54.136000,0.101280
1875,614.220000,183.230000,22.808000,48.494000,0.030693
1875,575.280000,182.300000,24.184000,49.300000,0.007208
1900,472.020000,178.420000,44.497000,79.112000,0.996200
1900,644.590000,171.250000,31.210000,59.668000,0.759560
1900,293.490000,187.780000,20.766000,50.194000,0.712510
1900,317.640000,185.990000,21.608000,53.920000,0.561190
1900,678.400000,174.890000,23.043000,57.073000,0.058885
1900,636.320000,169.900000,26.789000,59.977000,0.024574
1925,466.540000,176.680000,47.259000,78.590000,0.997210
1925,316.690000,184.320000,20.969000,55.811000,0.847670
1925,338.710000,184.570000,21.539000,53.975000,0.146200
1925,555.270000,170.880000,28.098000,53.324000,0.021555
1925,322.220000,179.800000,25.725000,59.372000,0.020278
1925,10.214000,180.530000,22.932000,43.441000,0.000832
1950,450.890000,178.430000,51.260000,78.595000,0.999120
1950,340.310000,187.880000,23.652000,55.952000,0.862770
1950,46.142000,182.460000,22.935000,47.929000,0.730870
1950,367.690000,188.380000,21.682000,52.324000,0.581660
1950,259.720000,185.780000,24.737000,51.755000,0.003191
1950,353.720000,187.150000,21.267000,54.797000,0.003139
1975,52.136000,184.520000,30.157000,48.449000,0.998120
1975,454.250000,175.430000,46.031000,82.618000,0.994800
1975,393.240000,190.610000,22.303000,56.812000,0.868560
1975,363.990000,187.510000,22.197000,56.590000,0.735870
1975,399.510000,184.530000,26.991000,64.434000,0.015573
1975,380.840000,188.150000,27.265000,58.103000,0.003763
2000,452.970000,176.380000,46.084000,81.919000,0.993750
2000,413.970000,176.090000,23.607000,67.417000,0.960160
2000,381.190000,177.470000,26.055000,68.349000,0.931230
2000,26.185000,185.080000,17.613000,41.522000,0.297320
2000,368.100000,182.680000,25.042000,55.186000,0.026758
2025,454.910000,171.440000,36.406000,79.914000,0.978320
2025,404.180000,176.510000,25.090000,68.142000,0.923480
2025,446.230000,173.710000,29.088000,76.165000,0.132110
2025,39.418000,179.570000,20.239000,48.817000,0.068922
2025,392.580000,178.420000,24.164000,56.301000,0.027989
2050,43.396000,177.840000,27.326000,54.095000,0.965850
2050,441.960000,169.850000,39.580000,82.583000,0.951460
2050,480.350000,177.160000,29.211000,77.411000,0.934080
2050,464.090000,176.360000,35.394000,74.341000,0.133850
2050,296.880000,185.240000,25.196000,48.027000,0.000806
2050,414.440000,184.780000,24.617000,55.653000,0.000766
2075,21.893000,168.810000,29.199000,68.801000,0.996200
2075,519.500000,173.710000,31.367000,85.968000,0.963750
2075,478.180000,166.910000,26.719000,91.899000,0.948230
2075,437.860000,170.330000,40.267000,86.955000,0.931650
2075,461.210000,166.890000,34.184000,91.771000,0.224520
2075,302.090000,180.970000,25.082000,51.603000,0.183670
2075,201.200000,177.840000,20.734000,48.204000,0.002846
2075,499.010000,172.800000,33.064000,81.287000,0.000533
2075,46.166000,179.470000,24.360000,47.181000,0.000216
2100,524.600000,157.170000,41.917000,110.890000,0.997370
2100,450.810000,169.530000,42.362000,83.346000,0.972240
2100,578.030000,163.190000,36.671000,101.070000,0.970800
2100,304.520000,182.240000,23.832000,48.908000,0.663480
2100,38.593000,178.820000,21.589000,43.751000,0.196990
2100,218.490000,172.500000,22.732000,52.132000,0.064198
2100,553.280000,173.040000,25.323000,55.055000,0.013443
2100,543.470000,165.840000,37.440000,87.755000,0.011374
2100,566.190000,171.460000,39.732000,82.213000,0.002636
2125,485.350000,168.540000,46.462000,83.809000,0.997930
2125,585.630000,147.920000,53.705000,116.650000,0.997870
2125,663.660000,151.450000,44.946000,116.180000,0.879390
2125,20.421000,170.950000,26.096000,53.595000,0.579200
2125,310.150000,178.170000,22.142000,51.979000,0.555330
2125,577.120000,171.100000,25.357000,56.175000,0.167700
2125,229.470000,175.420000,23.930000,48.514000,0.046886
2125,597.550000,186.920000,29.693000,82.327000,0.041246
2125,667.320000,150.720000,32.073000,78.388000,0.016532
2125,301.280000,176.530000,25.242000,50.870000,0.006890
2125,684.750000,174.080000,35.249000,114.770000,0.000010
2150,506.620000,167.250000,47.400000,89.100000,0.994250
2150,648.330000,126.160000,56.643000,171.540000,0.981160
2150,596.570000,174.840000,23.925000,54.832000,0.867540
2150,614.480000,174.050000,23.011000,57.260000,0.852180
2150,300.270000,179.430000,22.693000,52.127000,0.637290
2150,232.570000,176.160000,22.699000,50.023000,0.078683
2175,499.930000,163.860000,47.924000,90.021000,0.995450
2175,633.170000,171.100000,23.240000,61.592000,0.951280
2175,608.530000,172.930000,26.927000,59.487000,0.943750
2175,277.650000,174.930000,26.601000,53.986000,0.772460
2175,542.180000,176.050000,29.223000,62.856000,0.604210
2175,621.380000,171.220000,29.245000,59.431000,0.528300
2175,225.930000,174.080000,22.143000,50.442000,0.251830
2175,522.550000,169.910000,37.982000,76.328000,0.098596
2175,389.290000,172.610000,22.495000,46.509000,0.049328
2175,9.062300,158.190000,25.842000,54.935000,0.001078
2175,376.310000,170.950000,23.699000,49.972000,0.000507
2175,416.740000,176.330000,21.823000,49.426000,0.000105
2200,484.540000,162.540000,52.302000,94.249000,0.998080
2200,639.740000,171.430000,32.655000,69.982000,0.980390
2200,657.510000,167.630000,29.613000,70.308000,0.903960
2200,265.270000,168.710000,27.973000,57.412000,0.899040
2200,577.010000,168.920000,27.562000,54.801000,0.877830
2200,443.340000,172.530000,26.296000,54.527000,0.504240
2200,225.940000,176.470000,23.512000,50.541000,0.248510
2200,481.620000,171.800000,28.096000,79.294000,0.010207
2225,481.160000,165.160000,52.298000,90.435000,0.995490
2225,624.670000,171.920000,34.263000,58.429000,0.941140
2225,265.490000,175.610000,26.962000,53.707000,0.931300
2225,242.830000,175.770000,24.314000,54.626000,0.926680
2225,533.230000,177.640000,23.982000,49.252000,0.721930
2225,252.640000,175.000000,21.830000,53.850000,0.088646
2225,505.850000,173.210000,30.405000,68.385000,0.011864
2225,363.260000,173.360000,21.092000,46.876000,0.000336
2250,473.650000,164.650000,52.644000,92.469000,0.996530
2250,562.050000,167.520000,30.004000,60.681000,0.927050
2250,265.230000,169.570000,24.364000,59.893000,0.909600
2250,605.680000,169.360000,27.692000,62.238000,0.871570
2250,598.550000,169.810000,25.191000,58.694000,0.115520
2250,435.150000,156.170000,19.685000,53.840000,0.060113
2250,582.080000,163.360000,26.478000,65.629000,0.003909
2250,406.180000,169.520000,23.561000,52.974000,0.001841
2275,447.530000,167.180000,54.375000,89.060000,0.991400
2275,650.180000,160.280000,34.416000,68.483000,0.906730
2275,282.880000,168.960000,23.579000,57.572000,0.886840
2275,256.850000,170.220000,24.633000,54.996000,0.658350
2275,267.980000,169.470000,30.317000,57.261000,0.598560
2275,289.370000,174.850000,27.088000,52.457000,0.012218
2275,443.860000,167.940000,28.022000,64.862000,0.009243
2275,668.720000,164.930000,26.575000,64.113000,0.006627
2300,398.610000,164.490000,53.689000,87.165000,0.998200
2300,235.460000,169.500000,23.545000,55.077000,0.981410
2300,279.500000,173.840000,28.831000,55.273000,0.963120
2300,470.660000,164.000000,24.116000,52.324000,0.493050
2300,461.970000,163.930000,23.569000,52.530000,0.312240
2300,453.740000,165.740000,23.586000,52.416000,0.039737
2300,445.050000,163.060000,25.198000,59.782000,0.022649
2300,422.260000,163.730000,40.689000,78.466000,0.006129
2300,120.000000,163.260000,20.529000,46.287000,0.000962
2300,300.210000,170.220000,25.380000,54.422000,0.000138
2325,334.200000,158.440000,50.551000,86.405000,0.997980
2325,270.870000,165.220000,29.688000,60.076000,0.953970
2325,201.170000,159.160000,29.566000,54.169000,0.953280
2325,475.330000,153.800000,28.777000,65.437000,0.922830
2325,502.400000,158.610000,28.471000,59.120000,0.682880
2325,261.370000,165.650000,25.027000,57.090000,0.553750
2325,450.620000,163.050000,22.777000,49.785000,0.386680
2325,461.620000,158.070000,23.295000,58.966000,0.139420
2325,119.440000,158.870000,21.515000,47.043000,0.000216
2350,283.240000,162.190000,38.894000,83.639000,0.998310
2350,173.380000,164.810000,29.966000,55.315000,0.943120
2350,458.870000,163.620000,27.836000,62.669000,0.893640
2350,246.880000,166.070000,34.053000,72.945000,0.856860
2350,537.930000,164.790000,34.376000,65.603000,0.681930
2350,262.440000,166.970000,31.670000,74.175000,0.373150
2350,267.390000,160.320000,44.062000,88.673000,0.337760
2350,448.650000,164.480000,23.304000,55.102000,0.028117
2350,118.770000,163.620000,20.852000,48.109000,0.017590
2350,143.520000,167.440000,20.380000,48.650000,0.000262
2375,474.310000,145.950000,32.191000,81.520000,0.964140
2375,137.350000,157.010000,26.690000,58.551000,0.958600
2375,222.800000,154.280000,43.775000,79.583000,0.954360
2375,447.640000,151.260000,32.788000,73.789000,0.825990
2375,594.900000,138.440000,40.595000,92.456000,0.798870
2375,239.400000,159.840000,31.175000,67.589000,0.443280
2375,440.500000,154.700000,23.293000,59.699000,0.051082
2375,118.000000,155.210000,21.189000,55.017000,0.017134
2375,288.930000,159.790000,24.797000,51.388000,0.003815
2400,138.790000,150.620000,43.788000,85.289000,0.991000
2400,195.410000,156.680000,37.673000,79.497000,0.984710
2400,469.610000,141.910000,32.657000,88.259000,0.961500
2400,433.250000,145.030000,34.831000,82.972000,0.948160
2400,100.890000,157.450000,24.804000,60.204000,0.939670
2400,273.130000,159.840000,25.950000,48.230000,0.887170
2400,206.180000,163.620000,39.297000,71.990000,0.495260
2400,84.848000,157.610000,24.083000,58.096000,0.297100
2400,172.800000,156.200000,31.954000,74.665000,0.000067
2425,160.030000,158.710000,31.687000,79.147000,0.988240
2425,449.120000,133.580000,36.013000,100.650000,0.981510
2425,53.044000,154.870000,35.808000,79.789000,0.957200
2425,415.580000,136.690000,34.395000,97.016000,0.951520
2425,179.100000,154.680000,34.077000,84.366000,0.941710
2425,259.070000,160.940000,24.621000,52.583000,0.921870
2425,69.928000,152.330000,39.002000,80.865000,0.870120
2425,547.040000,159.700000,26.037000,54.997000,0.122080
2425,114.290000,160.280000,23.739000,57.392000,0.000998
2450,85.453000,156.660000,34.172000,63.281000,0.992610
2450,395.220000,134.910000,32.770000,90.626000,0.977960
2450,423.910000,119.730000,43.185000,111.020000,0.975120
2450,145.880000,148.610000,40.319000,91.851000,0.969670
2450,246.820000,153.980000,23.559000,56.075000,0.967510
2450,128.420000,150.800000,29.755000,90.620000,0.961400
2450,25.918000,155.100000,23.931000,53.458000,0.910080
2450,399.230000,123.860000,44.455000,110.210000,0.623870
2450,120.190000,155.080000,29.453000,78.112000,0.223280
2450,107.690000,155.110000,27.558000,74.299000,0.003932
2450,6.086600,152.770000,31.899000,67.780000,0.002603
2475,102.130000,138.190000,45.481000,112.030000,0.992240
2475,364.460000,127.240000,44.611000,108.650000,0.988200
2475,79.429000,144.750000,38.970000,105.710000,0.983830
2475,233.780000,157.860000,25.344000,58.598000,0.978460
2475,275.860000,166.670000,22.335000,55.714000,0.565160
2475,5.998100,156.240000,22.636000,54.246000,0.413740
2475,381.210000,124.520000,59.011000,114.660000,0.146010
2475,191.210000,165.530000,21.866000,47.508000,0.049800
2475,404.730000,150.350000,42.242000,87.618000,0.001969
2475,299.310000,161.950000,28.127000,53.444000,0.000132
2500,354.460000,114.150000,51.077000,126.740000,0.996960
2500,393.070000,108.490000,49.598000,127.890000,0.994960
2500,71.049000,130.580000,51.592000,117.410000,0.992960
2500,50.511000,138.580000,50.108000,115.900000,0.974350
2500,245.200000,151.150000,21.399000,63.463000,0.961270
2500,5.484700,145.840000,23.741000,56.038000,0.831130
2500,268.130000,155.790000,25.656000,54.678000,0.721440
2500,173.020000,156.680000,24.488000,51.094000,0.074242
2500,309.010000,152.600000,26.061000,66.859000,0.003931
2525,133.150000,145.120000,68.182000,125.140000,0.992500
2525,480.370000,109.490000,57.498000,138.860000,0.982600
2525,335.060000,160.560000,37.216000,67.657000,0.963310
2525,97.924000,159.190000,24.835000,56.191000,0.832740
2525,124.370000,144.300000,46.238000,130.610000,0.806900
2525,388.820000,165.220000,25.025000,66.089000,0.719570
2525,258.890000,169.010000,23.599000,50.497000,0.655970
2525,449.240000,120.690000,49.924000,125.060000,0.366640
2525,105.420000,154.300000,30.105000,82.413000,0.098160
2525,111.440000,143.370000,45.449000,114.610000,0.087982
2525,437.040000,125.360000,43.456000,88.645000,0.071389
2525,226.700000,163.760000,23.967000,51.476000,0.024506
2525,455.030000,120.240000,30.495000,76.727000,0.010938
2550,78.617000,160.400000,35.781000,58.582000,0.993310
2550,541.490000,151.750000,26.648000,59.147000,0.989690
2550,265.030000,130.560000,69.480000,140.970000,0.982730
2550,249.180000,138.360000,49.340000,131.060000,0.976180
2550,489.870000,149.890000,29.588000,68.626000,0.894580
2550,636.650000,82.039000,52.618000,166.570000,0.822250
2550,500.790000,154.610000,33.284000,68.614000,0.783610
2550,578.730000,110.310000,51.720000,125.690000,0.769390
2550,467.980000,157.410000,27.100000,61.353000,0.680000
2550,425.050000,160.200000,32.711000,52.633000,0.413420
2550,597.590000,84.609000,82.697000,170.060000,0.244770
2550,136.930000,146.720000,27.524000,51.643000,0.079548
2550,327.860000,164.870000,27.595000,62.053000,0.038080
2550,563.390000,150.340000,25.565000,59.091000,0.029292
2550,236.940000,153.870000,26.755000,66.107000,0.013578
2550,673.700000,130.140000,34.488000,70.998000,0.005801
2550,301.740000,146.370000,45.639000,121.160000,0.002908
2575,365.990000,124.760000,48.206000,170.340000,0.996000
2575,120.710000,171.900000,30.842000,59.705000,0.992720
2575,628.960000,157.720000,31.442000,67.027000,0.992040
2575,319.310000,134.400000,58.272000,154.610000,0.985780
2575,16.361000,164.280000,33.918000,76.127000,0.977590
2575,540.160000,170.500000,27.441000,55.564000,0.713920
2575,222.260000,161.550000,23.353000,50.465000,0.000716
2600,384.920000,118.580000,52.945000,186.880000,0.992570
2600,111.170000,173.890000,26.727000,55.977000,0.986800
2600,660.880000,159.890000,30.528000,62.950000,0.986020
2600,628.320000,158.820000,35.766000,81.200000,0.977860
2600,597.980000,167.100000,27.879000,60.223000,0.973260
2600,344.320000,130.300000,61.831000,172.210000,0.946930
2600,62.326000,164.190000,40.646000,72.743000,0.922410
2600,563.660000,166.140000,28.029000,62.206000,0.839310
2600,329.980000,167.340000,25.562000,53.438000,0.307510
2625,331.310000,109.970000,105.490000,223.910000,0.993980
2625,661.640000,159.320000,34.206000,71.065000,0.992190
2625,322.700000,113.770000,65.834000,218.220000,0.985540
2625,79.295000,163.100000,49.001000,81.318000,0.976840
2625,536.740000,161.510000,32.500000,66.427000,0.966840
2625,636.520000,161.070000,30.163000,73.221000,0.912760
2625,302.030000,166.690000,34.244000,74.687000,0.627080
2625,307.070000,143.650000,48.179000,124.350000,0.025391
2625,247.160000,169.750000,22.345000,46.045000,0.023517
2650,297.480000,108.470000,85.604000,252.580000,0.997360
2650,363.040000,92.766000,105.210000,279.330000,0.995690
2650,105.200000,161.650000,35.003000,91.777000,0.989060
2650,40.769000,176.480000,30.666000,53.826000,0.984850
2650,222.550000,171.700000,44.112000,69.325000,0.974320
2650,666.040000,160.290000,32.834000,74.998000,0.970720
2650,526.180000,165.120000,27.010000,73.587000,0.943440
2650,497.490000,166.380000,31.973000,67.713000,0.747900
2650,337.330000,248.420000,32.698000,105.950000,0.234120
2650,655.880000,160.690000,23.465000,80.585000,0.166920
2675,280.780000,75.798000,119.810000,329.790000,0.994040
2675,136.250000,159.180000,49.818000,85.699000,0.991950
2675,359.810000,47.995000,135.170000,369.170000,0.979830
2675,28.890000,175.470000,25.536000,52.426000,0.887310
2675,238.560000,164.260000,27.043000,54.652000,0.623060
2675,668.710000,149.900000,38.103000,96.354000,0.617360
2675,457.930000,164.520000,37.998000,103.020000,0.282410
2675,308.250000,209.260000,70.306000,188.000000,0.008166
2675,316.100000,157.980000,95.207000,238.960000,0.001021
2700,294.350000,42.220000,145.310000,446.820000,0.995250
2700,411.260000,30.939000,144.250000,428.940000,0.990860
2700,1.371000,144.830000,57.346000,96.333000,0.975200
2700,205.490000,150.830000,42.459000,103.470000,0.936090
2700,266.090000,163.810000,25.518000,46.084000,0.501020
2725,278.810000,141.330000,43.300000,106.810000,0.976750
2725,329.500000,0.000000,168.840000,494.870000,0.969190
2725,643.770000,155.790000,46.316000,83.296000,0.943430
2725,453.300000,49.158000,154.230000,422.700000,0.884380
2725,48.623000,166.410000,25.331000,51.608000,0.775980
2750,420.520000,27.858000,174.350000,447.700000,0.976200
2750,320.610000,25.797000,167.470000,437.730000,0.975230
2750,572.960000,162.350000,42.460000,86.168000,0.900110
2750,297.050000,158.930000,29.298000,57.473000,0.880590
2750,36.188000,176.330000,26.981000,45.331000,0.852300
2750,480.980000,109.340000,136.070000,346.630000,0.180710
2750,411.020000,404.060000,43.495000,67.117000,0.077867
2750,356.550000,253.150000,63.289000,215.340000,0.015614
2750,534.500000,150.510000,105.910000,268.240000,0.007059
2750,356.200000,179.820000,105.610000,292.080000,0.005157
2775,318.800000,48.079000,129.760000,412.420000,0.994870
2775,420.040000,21.388000,143.710000,426.770000,0.992750
2775,669.320000,163.850000,38.904000,83.191000,0.856420
2775,25.409000,174.210000,23.692000,49.394000,0.372110
2775,302.130000,158.940000,32.620000,66.429000,0.364960
2775,458.540000,103.220000,130.060000,319.290000,0.027914
2775,345.050000,236.090000,75.108000,205.900000,0.018249
2775,333.430000,252.970000,53.416000,179.250000,0.007665
2775,408.220000,134.980000,103.760000,303.710000,0.000330
2800,20.564000,150.560000,54.441000,104.680000,0.998870
2800,306.560000,59.220000,121.880000,371.080000,0.994250
2800,395.030000,36.029000,113.190000,390.920000,0.984530
2800,483.590000,158.270000,34.727000,103.340000,0.769310
2800,294.680000,166.120000,27.508000,62.858000,0.461840
2800,321.540000,187.110000,72.307000,230.830000,0.010947
2825,66.699000,156.100000,44.564000,90.681000,0.998750
2825,300.820000,70.885000,182.590000,340.510000,0.989640
2825,290.440000,90.093000,102.860000,309.130000,0.988140
2825,536.870000,156.510000,34.414000,85.092000,0.827070
2825,640.770000,118.950000,53.243000,143.320000,0.618640
2825,568.350000,168.060000,35.273000,72.500000,0.617460
2825,539.170000,160.480000,54.384000,101.440000,0.045461
2825,9.229300,179.510000,23.567000,47.531000,0.007953
2850,89.952000,166.070000,35.646000,75.173000,0.997760
2850,341.750000,73.846000,119.200000,331.290000,0.992340
2850,280.000000,103.480000,95.553000,268.930000,0.978150
2850,508.270000,165.810000,47.356000,93.682000,0.930740
2850,272.220000,140.160000,43.049000,123.050000,0.330820
2850,274.270000,117.590000,56.222000,181.270000,0.060859
2850,594.900000,122.760000,32.365000,132.240000,0.023347
2850,491.090000,168.120000,50.328000,82.975000,0.002647
2875,98.418000,165.380000,33.199000,69.373000,0.998280
2875,325.590000,82.532000,127.820000,307.870000,0.991220
2875,453.920000,168.960000,46.708000,82.329000,0.990480
2875,188.350000,153.050000,48.959000,81.977000,0.976310
2875,283.010000,114.210000,93.594000,244.620000,0.947830
2875,546.740000,131.980000,51.458000,121.790000,0.871250
2875,660.700000,156.310000,41.540000,94.078000,0.729350
2875,530.460000,128.610000,80.782000,194.250000,0.242620
2875,279.270000,142.970000,39.944000,100.140000,0.072644
2875,282.530000,126.530000,54.056000,173.280000,0.016048
2875,442.350000,176.900000,36.233000,72.610000,0.004156
2875,19.375000,184.000000,22.909000,43.560000,0.001424
2875,274.680000,153.110000,27.144000,68.551000,0.000408
2900,66.316000,150.450000,58.120000,88.065000,0.989630
2900,361.210000,92.267000,102.920000,269.210000,0.988160
2900,302.100000,116.880000,84.065000,231.020000,0.985580
2900,558.910000,133.260000,44.209000,107.890000,0.901030
2900,524.640000,138.620000,46.274000,119.310000,0.828620
2900,320.660000,104.510000,108.790000,254.970000,0.378420
2900,512.770000,123.890000,98.122000,225.620000,0.173320
2900,291.830000,139.800000,56.543000,141.340000,0.140200
2900,544.420000,130.250000,69.153000,143.230000,0.115470
2900,273.300000,167.110000,19.610000,48.606000,0.026274
2900,111.330000,183.220000,28.855000,63.702000,0.017059
2900,89.825000,163.310000,51.154000,80.639000,0.000882
2925,354.340000,97.525000,113.510000,256.740000,0.986870
2925,280.450000,139.130000,52.408000,136.830000,0.982460
2925,322.730000,113.290000,87.138000,227.190000,0.981690
2925,500.000000,140.300000,50.464000,125.620000,0.945730
2925,0.000000,28.337000,166.320000,417.680000,0.746840
2925,533.530000,136.310000,50.658000,113.800000,0.694790
2925,507.680000,132.630000,81.138000,179.570000,0.252830
2925,23.488000,161.320000,118.960000,264.300000,0.113030
2925,282.980000,189.000000,33.885000,79.944000,0.002743
2925,264.820000,159.750000,25.001000,58.119000,0.002253
2950,325.090000,120.550000,73.965000,206.710000,0.994030
2950,171.320000,93.663000,107.540000,248.400000,0.993880
2950,278.310000,144.010000,51.046000,127.940000,0.987880
2950,336.840000,115.120000,108.460000,222.580000,0.977940
2950,479.350000,149.850000,41.306000,113.480000,0.939100
2950,505.590000,140.080000,47.768000,133.690000,0.840830
2950,95.996000,174.620000,23.488000,50.933000,0.785850
2950,392.020000,140.210000,67.352000,191.360000,0.302380
2950,422.670000,164.160000,36.316000,80.386000,0.273450
2950,301.400000,138.630000,53.147000,161.840000,0.268330
2950,501.920000,147.330000,81.194000,180.250000,0.050006
2975,235.300000,115.150000,75.235000,192.180000,0.992760
2975,368.530000,113.060000,84.080000,224.120000,0.990200
2975,328.800000,127.750000,69.249000,196.520000,0.985440
2975,485.960000,147.360000,44.497000,115.070000,0.956560
2975,455.830000,149.750000,42.857000,108.440000,0.930110
2975,88.503000,177.900000,24.276000,49.726000,0.700850
2975,282.600000,143.330000,51.901000,147.160000,0.581260
2975,300.970000,152.650000,34.900000,110.530000,0.147320
2975,311.640000,156.510000,27.899000,83.227000,0.052709
2975,261.620000,188.170000,37.873000,122.510000,0.005423
