25,124.196,380.617,19.345,41.827,0.0083550
25,277.393,184.374,19.306,30.944,0.0350570
25,434.881,188.059,18.849,26.685,0.0171130
25,2.000,146.823,41.421,115.167,0.7074880
50,430.269,188.296,18.221,27.312,0.1033020
75,398.717,191.152,17.593,25.219,0.0121500
75,218.367,186.983,16.647,30.958,0.0067950
100,233.066,192.683,16.629,34.344,0.0220490
100,356.050,201.810,15.218,26.198,0.0070060
100,389.206,206.023,18.737,28.805,0.1023540
100,233.066,192.683,16.629,34.344,0.0257220
125,235.421,202.551,17.426,35.291,0.2554850
150,251.432,203.991,17.494,33.490,0.0471300
150,463.631,68.549,43.766,77.107,0.0081790
150,434.345,211.304,15.080,26.044,0.0223830
150,251.432,203.991,17.494,33.490,0.0145250
175,254.870,198.293,16.788,34.266,0.0104670
175,378.871,209.154,15.299,25.601,0.1048590
175,254.870,198.293,16.788,34.266,0.0227230
175,152.999,24.047,186.885,250.671,0.0062140
175,611.056,2.000,101.415,270.130,0.0059300
200,250.389,184.661,18.163,34.508,0.0259570
200,250.389,184.661,18.163,34.508,0.0177830
200,377.083,189.966,16.855,28.906,0.1189570
200,207.562,191.679,18.675,34.580,0.1507620
200,371.281,188.448,16.554,28.666,0.0105310
225,238.321,183.345,19.510,34.643,0.0086410
225,178.767,194.850,17.282,30.362,0.0082300
225,386.611,196.978,12.546,21.038,0.0059920
225,238.321,183.345,19.510,34.643,0.0224000
225,178.767,194.850,17.282,30.362,0.0167250
225,245.403,97.687,18.398,19.054,0.0101610
250,455.796,194.567,16.351,23.050,0.0386780
250,339.564,191.060,19.636,28.606,0.0227010
250,190.054,183.433,20.739,33.683,0.1392360
275,672.238,107.633,36.754,121.196,0.2190740
275,681.295,139.700,25.936,64.702,0.0110930
275,170.212,185.342,18.701,36.594,0.0357810
275,670.023,19.680,47.620,251.914,0.0074590
275,452.439,197.176,17.142,24.850,0.0083590
275,672.238,107.633,36.754,121.196,0.0136100
275,42.617,143.782,34.472,82.772,0.0149860
275,55.365,190.587,19.786,36.586,0.1136430
300,158.442,191.269,17.366,31.250,0.0126320
300,318.214,186.099,22.809,46.266,0.0394790
325,127.620,190.181,22.353,35.883,0.0201970
325,352.643,202.975,13.962,25.243,0.0504480
325,301.565,187.205,24.686,47.418,0.0510990
325,487.385,2.000,68.931,69.716,0.0064410
350,313.544,190.843,18.369,34.488,0.0069570
350,82.041,182.662,22.286,44.376,0.6962940
350,623.081,158.482,20.386,45.526,0.0116900
350,313.544,190.843,18.369,34.488,0.0209830
375,687.853,159.907,17.608,49.811,0.0238770
375,285.233,184.357,20.183,34.779,0.0070820
375,301.397,187.062,17.933,33.348,0.6681900
375,6.028,149.133,55.224,115.245,0.0277540
375,2.000,93.155,85.315,192.400,0.0107360
425,233.294,186.412,27.158,43.557,0.0079220
425,571.129,159.607,21.038,48.751,0.0050890
425,327.849,195.509,15.107,25.532,0.0052780
425,233.294,186.412,27.158,43.557,0.0300420
425,203.967,183.055,29.836,49.553,0.2173490
450,664.555,153.583,23.371,58.466,0.0082430
450,660.636,171.808,25.286,58.901,0.0075320
450,609.218,174.861,27.232,54.183,0.0062590
450,320.872,199.896,14.691,23.877,0.0140550
450,212.057,184.569,27.163,48.218,0.0076690
450,135.389,179.337,32.793,64.864,0.8572710
475,614.587,149.933,30.520,76.633,0.0130940
475,328.901,194.475,16.184,26.810,0.4497470
475,9.276,165.387,44.828,95.338,0.8339790
475,8.180,180.391,21.391,54.657,0.0055900
500,492.958,190.395,17.700,29.961,0.0213650
500,320.511,196.200,18.713,29.649,0.0062640
500,654.509,146.468,24.405,78.661,0.0095340
500,320.511,196.200,18.713,29.649,0.4635690
525,498.753,191.490,17.218,29.958,0.0080350
525,677.022,144.322,27.192,78.373,0.1016360
525,662.170,150.199,33.178,69.835,0.0672200
525,302.414,194.229,20.963,36.263,0.1231470
525,34.844,172.576,52.266,85.263,0.3438340
525,15.955,175.498,39.194,84.201,0.0126600
525,526.488,2.000,62.718,67.132,0.0058020
525,18.423,190.551,19.966,43.076,0.0051960
525,542.873,16.752,17.635,21.008,0.0050380
525,2.000,2.000,120.095,513.027,0.0050250
575,501.686,185.508,18.570,36.264,0.2776980
575,566.933,2.000,49.210,61.277,0.0064150
575,579.975,17.686,16.147,20.778,0.0054840
600,688.464,176.278,18.854,55.016,0.0086060
600,90.172,167.114,44.954,80.892,0.4526920
625,503.697,185.356,23.913,46.939,0.1284420
625,195.170,2.000,43.646,85.324,0.0064030
625,503.697,185.356,23.913,46.939,0.2670190
650,492.353,187.052,21.967,44.618,0.0772400
650,146.275,2.000,50.102,70.397,0.0073210
650,492.353,187.052,21.967,44.618,0.0144470
675,686.784,154.003,19.504,56.301,0.0201370
675,487.113,182.823,25.264,51.322,0.3843320
675,655.791,146.011,24.889,76.756,0.0054850
675,487.113,182.823,25.264,51.322,0.0095480
675,476.913,18.483,15.261,23.129,0.0054530
700,494.841,173.092,25.379,53.601,0.5233820
725,503.489,160.220,27.878,56.972,0.7530070
750,547.523,159.734,33.384,75.690,0.7304310
750,568.772,160.846,20.247,44.030,0.0065270
750,510.738,174.237,16.116,30.571,0.0057730
775,597.195,152.779,39.601,90.388,0.6706930
775,544.794,174.584,12.278,29.220,0.0273560
775,581.421,171.798,13.106,28.949,0.0256900
775,615.036,172.382,22.112,53.923,0.0206090
775,604.957,124.619,53.043,160.518,0.0075850
800,666.308,144.772,42.880,107.283,0.7827330
800,688.074,158.252,20.961,59.768,0.0068340
800,669.382,141.018,35.695,102.695,0.0105040
825,133.839,194.088,19.634,37.714,0.0092590
825,302.432,188.121,19.541,30.370,0.0189120
850,76.540,191.045,18.316,33.686,0.0248890
850,306.850,189.046,17.556,28.839,0.0105870
850,584.597,17.905,19.189,28.428,0.0052080
875,655.104,171.080,28.843,75.253,0.0070360
875,660.439,145.900,34.434,88.114,0.0053250
875,603.140,2.000,50.626,58.829,0.0121420
875,548.764,64.904,12.817,17.892,0.0088400
875,590.705,16.962,16.030,25.367,0.0077350
875,615.378,14.227,17.820,26.634,0.0061130
925,43.900,140.032,34.256,86.287,0.0627320
925,43.900,140.032,34.256,86.287,0.0067690
950,286.658,198.583,14.487,27.261,0.0295980
950,199.816,185.982,21.068,41.943,0.0102780
950,543.843,22.745,14.748,22.454,0.0050340
975,290.354,205.452,14.470,30.349,0.0056510
975,171.735,194.147,18.044,41.325,0.0051310
975,47.547,197.522,24.042,47.407,0.0458140
1000,534.971,194.354,16.889,32.980,0.0406860
1000,41.699,197.657,19.106,40.907,0.0667860
1000,5.372,217.869,18.161,38.045,0.0051200
1025,280.554,197.238,16.468,30.228,0.0075770
1025,535.080,189.853,17.708,37.596,0.0191420
1025,659.553,190.812,17.236,31.946,0.0104610
1025,244.259,196.477,16.893,27.253,0.0534330
1025,280.554,197.238,16.468,30.228,0.0415910
1025,229.366,176.074,20.867,33.421,0.0085450
1050,548.746,192.407,17.672,32.009,0.0491600
1050,272.958,197.729,15.904,28.824,0.0059020
1075,686.666,191.947,17.733,37.839,0.0050010
1075,662.958,189.888,18.133,38.007,0.0055820
1075,556.030,190.346,18.167,36.352,0.0457440
1075,270.696,198.660,16.957,26.778,0.0112840
1075,359.834,203.664,18.904,28.981,0.0429320
1075,199.063,174.641,18.966,34.773,0.0145540
1075,496.387,2.000,54.103,64.010,0.0120200
1075,250.557,196.764,19.587,30.122,0.0116640
1075,508.441,16.628,16.332,22.626,0.0072520
1100,324.450,204.889,17.346,30.170,0.1240010
1100,566.417,196.656,20.278,37.313,0.6351730
1100,324.450,204.889,17.346,30.170,0.0217540
1100,247.723,200.190,16.733,29.806,0.0610010
1100,194.088,175.871,18.864,33.026,0.0471880
1100,346.462,203.068,18.429,31.216,0.0081110
1125,593.402,188.800,20.466,44.193,0.6963210
1125,289.139,205.915,21.234,39.566,0.0386880
1125,237.825,202.379,17.287,28.965,0.0105950
1125,302.412,206.049,16.419,30.151,0.0154650
1125,606.340,187.631,19.257,38.895,0.0057150
1125,185.740,174.475,21.748,36.205,0.0642930
1125,289.139,205.915,21.234,39.566,0.5814760
1125,237.825,202.379,17.287,28.965,0.0375760
1125,192.192,189.238,20.069,27.952,0.0060830
1150,196.020,190.807,27.083,54.040,0.0243600
1150,614.112,182.466,19.780,45.698,0.5267560
1150,178.076,193.952,17.253,39.189,0.0181490
1150,191.053,188.379,33.482,63.507,0.7390190
1150,239.570,191.452,16.382,34.367,0.0120540
1175,640.885,180.310,23.735,50.178,0.2228530
1175,630.576,182.073,24.449,51.890,0.3923050
1175,156.387,167.796,17.110,40.608,0.0218300
1200,652.294,184.204,29.513,47.395,0.0619810
1200,682.719,183.424,19.042,47.441,0.0058860
1200,8.879,96.241,44.682,247.733,0.0051950
1200,137.806,195.222,20.460,35.163,0.0252990
1225,200.390,188.616,17.088,26.098,0.0072700
1225,680.763,177.232,22.826,52.968,0.6624320
1225,77.891,200.135,21.853,35.689,0.0238510
1225,680.763,177.232,22.826,52.968,0.0303290
1250,154.205,186.088,17.016,28.929,0.6723210
1250,157.081,179.388,19.691,31.008,0.0256710
1275,121.558,182.107,16.375,34.313,0.0200660
1300,464.936,195.393,16.811,24.882,0.0150070
1300,383.441,197.911,15.209,23.638,0.0086060
1325,10.602,117.012,35.255,102.790,0.0106460
1325,474.948,193.534,17.558,24.280,0.0213700
1325,10.602,117.012,35.255,102.790,0.0969720
1325,14.722,149.619,19.998,61.070,0.0114190
1325,227.253,68.697,50.574,68.431,0.0056330
1350,478.243,189.272,17.947,25.358,0.0183010
1350,12.119,159.275,16.849,36.237,0.0159110
1350,9.189,95.770,33.716,90.957,0.0069280
1350,46.666,169.112,17.625,29.098,0.0059660
1375,685.232,152.605,18.376,51.185,0.0055900
1375,655.880,149.520,18.878,55.518,0.0166740
1375,615.052,151.270,17.305,52.245,0.0106840
1375,633.412,2.000,60.715,219.248,0.0074490
1375,656.289,142.189,29.812,79.616,0.0052620
1375,159.948,167.825,17.065,30.739,0.0112950
1375,470.918,176.422,16.833,24.815,0.0080580
1375,197.582,170.345,17.665,29.312,0.0074020
1375,200.092,185.165,19.530,28.896,0.0060290
1400,686.746,162.971,18.714,43.117,0.0416130
1400,620.026,185.655,17.796,45.181,0.0140640
1400,657.081,180.968,19.500,47.942,0.0127450
1400,688.882,180.688,17.919,44.668,0.0051700
1400,467.214,198.537,16.286,19.277,0.0154700
1425,465.057,193.073,16.258,23.868,0.1002020
1425,492.139,190.030,16.489,24.820,0.0241010
1425,510.418,12.847,14.172,19.128,0.0053070
1450,463.565,191.867,18.199,23.341,0.0476020
1450,488.846,189.417,17.915,27.151,0.2540030
1450,614.087,184.844,18.183,42.295,0.0051730
1450,488.846,189.417,17.915,27.151,0.0304910
1475,488.341,192.698,17.931,32.715,0.0788670
1475,488.341,192.698,17.931,32.715,0.0387770
1500,489.099,186.745,15.747,31.090,0.0286510
1500,470.253,190.334,18.094,30.432,0.1334700
1500,681.830,145.296,20.119,54.854,0.0123550
1500,666.621,135.982,18.330,67.736,0.0181190
1500,604.665,95.355,38.934,87.043,0.0119340
1500,649.926,98.675,38.068,101.308,0.0090140
1500,663.364,117.513,20.973,54.254,0.0074210
1525,466.363,192.075,19.396,31.085,0.0526200
1525,678.438,112.863,34.016,118.111,0.0134250
1525,466.363,192.075,19.396,31.085,0.0123990
1525,346.302,193.855,17.583,24.465,0.4216650
1525,688.802,143.396,19.464,54.402,0.0264120
1525,678.438,112.863,34.016,118.111,0.0372640
1525,685.577,132.496,20.224,35.592,0.0279590
1550,472.321,189.830,21.167,32.748,0.0232560
1550,681.526,157.816,24.009,47.662,0.0080170
1550,495.409,187.148,19.695,36.850,0.0254820
1550,351.230,192.247,19.045,26.352,0.4639970
1550,495.409,187.148,19.695,36.850,0.0202040
1550,155.344,2.000,50.110,79.254,0.0051770
1575,463.128,192.268,14.416,21.583,0.0296770
1575,526.570,184.799,21.727,41.364,0.6458530
1575,361.497,188.148,20.452,32.759,0.7318700
1600,459.224,194.325,14.122,22.526,0.2956550
1600,488.994,186.458,23.179,38.992,0.0159120
1600,530.143,181.476,23.562,48.131,0.6475350
1600,679.413,61.181,27.245,157.697,0.0138820
1600,488.994,186.458,23.179,38.992,0.0071070
1600,337.474,188.871,23.765,36.840,0.3120400
1600,530.143,181.476,23.562,48.131,0.0727220
1625,458.278,196.550,15.471,23.651,0.3314250
1625,551.675,181.506,28.828,55.096,0.0694130
1625,502.369,186.307,27.528,44.379,0.0535590
1625,310.012,190.072,23.722,41.034,0.0107370
1625,551.675,181.506,28.828,55.096,0.1893840
1650,456.067,190.452,15.365,25.818,0.1072380
1650,516.601,178.493,26.652,53.695,0.0151030
1650,531.178,183.658,20.641,40.702,0.0195110
1650,564.104,178.537,30.383,56.862,0.0201530
1650,236.267,182.866,29.395,51.443,0.0139420
1650,533.046,177.588,14.718,31.894,0.0076150
1650,234.770,174.662,40.028,68.047,0.8153590
1650,564.104,178.537,30.383,56.862,0.8050750
1675,439.081,184.356,19.323,28.582,0.0662480
1675,568.730,172.412,28.457,56.484,0.0880200
1675,511.902,168.072,30.463,62.484,0.6097790
1675,533.963,172.289,16.020,38.894,0.0070240
1675,627.776,2.000,68.640,261.582,0.0058600
1675,652.950,134.685,44.095,97.317,0.0056680
1675,5.699,158.937,38.695,117.229,0.0519500
1675,513.006,166.674,31.050,65.729,0.8072000
1675,567.153,166.273,33.534,69.615,0.7828950
1675,576.409,170.887,20.014,48.336,0.0122390
1675,528.563,167.625,32.153,62.584,0.0059600
1675,66.782,2.000,61.012,58.431,0.0053260
1700,574.408,171.063,25.989,60.480,0.0525330
1700,508.040,173.738,26.620,51.822,0.0249450
1700,657.633,138.322,34.641,85.680,0.0060240
1700,88.992,173.065,17.005,29.393,0.0056010
1700,682.184,118.488,25.003,117.491,0.0054470
1700,508.136,163.475,33.943,71.306,0.8752310
1700,572.594,165.018,34.540,71.189,0.8034480
1700,510.640,173.719,23.085,42.272,0.0269720
1700,580.458,173.226,19.998,42.760,0.0141130
1700,524.947,166.523,36.551,66.262,0.0104980
1725,270.850,189.948,18.540,28.320,0.0616110
1725,195.883,192.836,16.417,22.991,0.0827400
1725,431.982,190.699,15.677,23.653,0.0105230
1725,612.487,161.331,47.387,88.305,0.0052150
1725,629.284,148.115,53.016,106.361,0.0199380
1725,590.714,173.545,18.333,35.012,0.0172580
1725,582.410,183.126,18.668,42.632,0.0155150
1725,679.323,137.998,27.760,83.057,0.0089130
1725,270.850,189.948,18.540,28.320,0.0861000
1725,538.392,163.930,42.423,85.709,0.8161140
1725,612.487,161.331,47.387,88.305,0.7683600
1725,648.097,144.983,43.381,90.549,0.0188080
1725,629.284,148.115,53.016,106.361,0.0123110
1725,608.397,174.804,17.850,36.298,0.0075530
1750,641.600,186.545,18.492,41.461,0.0115500
1750,680.143,168.863,33.002,95.589,0.0075580
1750,584.731,168.692,42.288,91.288,0.0723040
1750,585.873,185.891,19.567,41.425,0.0645620
1750,629.117,187.717,15.270,29.809,0.0207610
1750,650.307,176.126,26.088,79.257,0.0105870
1750,454.369,193.001,15.279,22.251,0.0057110
1750,641.600,186.545,18.492,41.461,0.0584680
1750,680.143,168.863,33.002,95.589,0.7321940
1750,687.709,182.746,20.556,56.402,0.0547160
1750,591.747,163.470,48.264,102.021,0.7022970
1750,428.193,2.000,293.807,544.352,0.0119200
1750,604.747,164.110,38.489,62.625,0.0117870
1750,676.847,129.973,43.287,179.980,0.0062240
1775,656.204,129.688,43.307,129.304,0.0050480
1775,193.612,193.330,13.836,23.575,0.0087930
1775,451.536,191.740,17.230,27.192,0.0221280
1775,444.820,189.130,15.420,27.619,0.0565220
1775,172.249,191.826,14.031,25.642,0.0983240
1775,50.828,196.317,17.804,33.919,0.0122790
1775,15.225,191.162,16.200,42.274,0.0065480
1775,656.254,183.094,20.276,51.288,0.0070100
1775,659.210,136.315,55.727,150.333,0.6965540
1775,508.718,19.700,14.028,19.694,0.0081980
1800,686.127,141.807,21.025,56.943,0.0079460
1800,157.715,188.908,16.835,24.879,0.0059050
1800,222.867,184.129,25.297,39.922,0.4634090
1825,174.475,181.308,28.761,45.400,0.0375270
1825,464.059,186.603,18.041,31.691,0.5348300
1825,176.992,183.658,35.042,56.995,0.1643830
1850,471.782,180.657,20.791,28.953,0.0165000
1850,685.945,157.655,20.589,50.791,0.0102720
1850,663.207,157.838,20.622,53.102,0.0095970
1850,216.512,186.877,14.078,25.407,0.0082530
1850,128.226,186.111,16.909,30.616,0.0057410
1850,658.575,143.862,30.918,83.451,0.0055290
1850,65.538,168.890,40.717,71.519,0.8804600
1850,51.803,183.213,24.219,45.101,0.0076390
1850,51.813,171.014,39.587,63.908,0.0065190
1850,54.144,2.000,8.879,4.393,0.0060950
1875,490.252,186.140,18.114,34.235,0.1233240
1875,582.180,185.912,18.320,43.392,0.0120000
1875,538.061,188.224,18.260,34.113,0.0102010
1875,616.737,178.771,21.983,51.587,0.0064400
1875,225.076,196.501,15.687,26.297,0.0384730
1875,187.176,2.000,42.214,64.800,0.0058340
1900,481.749,186.181,16.656,32.111,0.0081280
1925,690.387,154.104,18.776,55.408,0.0065490
1925,182.056,189.643,15.320,26.522,0.4163340
1925,506.689,186.761,18.420,33.742,0.2958350
1925,3.732,133.066,31.763,98.730,0.0267890
1925,179.918,181.655,15.298,25.961,0.0116610
1925,3.732,133.066,31.763,98.730,0.0210740
1925,5.924,153.447,19.450,60.337,0.0155450
1925,441.269,17.591,12.845,18.648,0.0124930
1950,177.666,186.139,15.558,29.671,0.2809730
1950,519.012,181.556,18.884,34.723,0.0345780
1950,656.108,149.669,19.966,56.449,0.0162530
1950,686.374,151.147,19.459,51.938,0.0059870
1950,177.666,186.139,15.558,29.671,0.0250740
1950,359.858,185.973,17.082,27.043,0.0054910
1975,168.390,187.746,15.716,29.520,0.0231060
1975,548.623,179.346,22.469,44.057,0.5302060
1975,395.153,187.363,18.344,29.838,0.0253410
1975,565.737,180.296,20.469,39.965,0.0288550
1975,573.198,170.514,18.941,42.834,0.0105330
1975,168.390,187.746,15.716,29.520,0.0201220
1975,196.194,187.156,17.488,32.570,0.0696560
1975,357.929,187.572,17.429,27.595,0.0203460
1975,395.153,187.363,18.344,29.838,0.0136980
2000,171.884,186.413,18.069,31.534,0.0751290
2000,583.619,170.426,23.582,47.394,0.4538990
2000,365.038,188.307,17.955,26.612,0.0213170
2000,398.040,186.292,16.805,26.432,0.0183940
2000,426.095,176.603,14.781,29.060,0.0455790
2000,609.722,169.142,17.958,41.697,0.0151840
2000,542.543,172.892,16.794,35.153,0.0052180
2000,466.560,176.234,14.667,26.576,0.0050880
2000,171.884,186.413,18.069,31.534,0.0313270
2000,365.038,188.307,17.955,26.612,0.1716370
2000,398.040,186.292,16.805,26.432,0.0173010
2000,313.913,186.933,16.555,24.516,0.0099480
2000,143.175,73.941,61.940,288.309,0.0051620
2025,624.135,171.126,23.441,54.791,0.5508800
2025,365.794,186.662,15.432,28.040,0.0546990
2025,424.778,177.614,15.059,27.601,0.0180460
2025,645.121,166.384,19.279,50.496,0.0377660
2025,637.465,154.723,30.354,77.719,0.0073710
2025,394.650,184.526,15.157,31.452,0.0069790
2025,587.602,181.907,16.846,38.245,0.0052240
2025,152.126,182.863,22.457,38.597,0.0467740
2025,145.312,183.899,33.469,54.697,0.0443690
2025,365.794,186.662,15.432,28.040,0.0218640
2025,314.612,185.720,16.149,25.310,0.0097110
2025,424.778,177.614,15.059,27.601,0.0066170
2050,676.284,156.563,29.898,69.448,0.0266410
2050,663.187,162.330,29.973,62.296,0.1041250
2050,130.432,184.713,17.468,31.266,0.6813380
2050,616.166,174.757,21.833,48.083,0.0078470
2050,96.877,172.872,32.027,56.904,0.8526210
2050,313.072,185.270,17.749,26.315,0.0085100
2050,425.602,172.926,21.603,35.629,0.0075770
2050,355.697,183.376,17.902,32.186,0.0065660
2050,382.802,147.624,36.724,69.414,0.0058800
2075,111.783,178.790,19.859,30.936,0.0078810
2075,2.032,165.424,28.420,70.625,0.6743190
2075,111.957,181.850,19.174,31.380,0.7661230
2075,88.008,171.739,21.308,36.772,0.0104270
2075,104.192,169.839,35.485,63.737,0.0072710
2075,37.192,168.699,23.848,42.140,0.0070500
2075,417.345,180.522,18.319,36.788,0.0052360
2100,4.715,161.985,21.830,46.464,0.0201470
2100,86.983,180.263,19.570,35.854,0.7354150
2125,55.183,185.039,19.096,38.042,0.3492150
2125,94.647,95.048,17.230,33.003,0.0120340
2125,55.183,185.039,19.096,38.042,0.2710470
2125,19.324,51.621,61.158,171.347,0.0080040
2125,23.189,170.689,15.301,33.197,0.0077800
2150,5.904,178.356,16.436,45.982,0.0282880
2150,663.015,124.205,19.527,38.668,0.0131400
2150,658.617,102.952,36.385,82.389,0.0133020
2150,81.606,64.534,13.953,23.003,0.0072690
2150,661.588,148.571,19.062,40.157,0.0051700
2150,5.904,178.356,16.436,45.982,0.5268170
2150,10.819,172.075,13.635,39.150,0.0610590
2175,289.023,82.573,16.056,27.263,0.0066130
2200,275.540,65.607,17.026,23.494,0.0084250
2200,437.982,192.026,17.805,31.923,0.0214770
2200,322.528,63.084,16.093,27.286,0.0199170
2200,303.745,38.330,47.386,68.067,0.0056580
2200,96.748,64.795,14.830,19.550,0.0054320
2200,275.540,65.607,17.026,23.494,0.0087630
2200,642.393,135.745,47.019,76.465,0.0064590
2200,606.972,98.193,106.177,179.905,0.0062820
2225,35.841,143.981,30.326,65.008,0.0832240
2225,23.157,179.591,17.917,41.087,0.0594630
2225,650.981,152.278,24.382,45.806,0.0117490
2225,17.364,148.357,36.333,64.368,0.0094150
2225,660.262,133.900,19.389,35.338,0.0071100
2225,46.586,129.585,19.499,46.676,0.0050360
2250,56.692,137.274,29.061,72.863,0.0768460
2250,62.107,118.317,22.028,58.176,0.0372670
2250,501.293,51.187,14.298,20.003,0.0156100
2250,55.284,107.721,32.729,93.273,0.0193020
2250,469.525,22.754,17.868,24.769,0.0156650
2250,457.879,2.000,40.213,68.260,0.0106940
2275,497.858,19.469,19.233,22.854,0.0132790
2275,91.508,164.283,16.131,40.456,0.0450900
2275,9.989,126.297,30.721,96.345,0.0122870
2275,10.487,152.195,14.805,53.587,0.0062820
2275,119.124,165.156,17.194,36.581,0.0053320
2275,366.848,174.150,15.389,22.310,0.0120710
2275,447.478,2.000,44.425,59.282,0.0537710
2275,458.116,13.858,25.705,30.059,0.0284010
2275,497.858,19.469,19.233,22.854,0.0161120
2300,20.432,158.211,16.549,45.238,0.0089840
2325,355.176,169.309,17.689,24.355,0.6802820
2350,355.164,168.447,17.053,23.995,0.1818520
2350,457.020,162.462,20.671,34.669,0.0051750
2375,357.174,177.817,16.489,26.343,0.0483970
2375,415.508,2.000,51.509,55.112,0.0183610
2375,684.770,185.008,19.437,52.186,0.0074460
2400,256.522,183.910,18.389,27.681,0.0077540
2400,359.152,177.492,15.949,25.149,0.0333640
2400,269.521,182.379,17.463,29.386,0.0120180
2400,359.152,177.492,15.949,25.149,0.0223230
2400,416.115,2.000,50.298,56.844,0.0104760
2400,687.676,189.555,19.037,45.806,0.0063030
2425,257.350,187.430,16.233,23.111,0.0121530
2425,361.500,179.692,16.519,24.825,0.0699910
2425,416.361,2.000,50.194,59.430,0.0114080
2450,252.367,186.384,18.151,25.440,0.0372020
2450,267.252,185.734,18.229,26.004,0.0075990
2450,362.006,180.859,17.442,25.767,0.3294090
2450,419.595,2.000,49.511,64.766,0.0102720
2475,262.902,186.528,17.761,27.539,0.0092040
2475,244.256,186.578,20.008,29.242,0.0067100
2475,363.326,180.332,17.892,28.075,0.6569300
2475,418.862,2.000,48.161,66.071,0.0082700
2500,366.603,179.049,18.085,28.767,0.0603330
2500,420.494,2.000,46.904,62.581,0.0077080
2525,239.359,183.554,23.623,41.464,0.4966550
2525,216.523,185.095,19.259,37.419,0.2513080
2525,239.359,183.554,23.623,41.464,0.0705730
2525,419.898,2.000,46.969,64.588,0.0094420
2550,226.220,187.325,23.014,37.365,0.0086970
2550,198.368,189.825,20.089,36.044,0.5542620
2550,418.251,2.000,49.300,63.611,0.0082530
2575,371.861,182.390,15.761,27.597,0.0722230
2575,196.256,185.144,23.845,43.070,0.0150660
2575,371.595,181.703,15.861,24.995,0.0209930
2575,219.158,183.566,26.115,40.448,0.0531960
2575,419.824,2.000,47.188,62.507,0.0095500
2600,208.655,185.715,23.267,44.074,0.2610350
2600,371.154,182.028,16.473,28.445,0.1628510
2600,177.518,187.759,17.443,40.750,0.4636880
2600,208.655,185.715,23.267,44.074,0.3153760
2600,371.154,182.028,16.473,28.445,0.0055990
2600,196.335,181.563,29.051,48.558,0.0162210
2600,420.531,2.000,45.840,64.529,0.0074350
2625,371.633,182.610,15.816,27.586,0.3195340
2625,203.183,185.106,22.801,47.561,0.6643580
2625,168.069,186.966,19.708,42.750,0.6649100
2625,372.153,181.325,15.260,25.903,0.0086890
2625,418.471,2.000,47.370,66.039,0.0083740
2625,94.765,64.383,11.731,15.482,0.0052090
2650,193.031,185.037,21.015,42.788,0.0631450
2650,370.870,181.886,17.222,28.686,0.0508220
2650,158.016,184.318,18.971,41.433,0.1595980
2650,193.031,185.037,21.015,42.788,0.0166330
2650,418.370,2.000,49.413,66.686,0.0090890
2675,187.284,184.054,21.543,42.411,0.0890800
2675,371.165,182.851,16.824,27.239,0.0771120
2675,153.923,186.009,21.334,44.803,0.5395620
2675,187.284,184.054,21.543,42.411,0.2905330
2675,419.704,2.000,47.887,65.932,0.0059460
2700,184.495,183.434,22.714,46.669,0.0466270
2700,376.401,183.681,14.906,26.603,0.3228740
2700,149.014,186.991,21.206,44.141,0.2079180
2700,184.495,183.434,22.714,46.669,0.0545690
2700,417.890,2.000,49.493,67.073,0.0093090
2725,375.362,182.225,15.956,24.373,0.1294540
2725,181.344,185.576,27.812,44.441,0.0144430
2725,141.225,181.791,22.068,51.327,0.0230160
2725,151.174,183.463,24.911,46.715,0.0101370
2725,182.110,185.369,25.532,45.172,0.0910060
2725,418.472,2.000,49.746,65.152,0.0133920
2750,370.791,183.638,16.867,26.299,0.0488020
2750,139.621,184.416,20.535,48.508,0.2188780
2750,169.547,184.397,23.197,43.172,0.0051770
2750,183.093,185.328,22.854,40.342,0.0652390
2750,419.423,2.000,48.055,66.886,0.0068390
2775,370.988,183.008,16.836,27.264,0.1664000
2775,137.373,183.093,23.116,50.738,0.2842750
2775,168.701,184.318,26.038,45.430,0.0668540
2775,419.269,2.000,45.338,64.271,0.0062990
2775,97.210,65.334,11.287,14.659,0.0050540
2800,371.056,182.584,17.144,27.830,0.0588230
2800,135.026,183.035,22.723,48.575,0.1162380
2800,168.960,181.866,26.952,46.174,0.0568840
2800,419.478,2.000,47.690,64.762,0.0102530
2800,135.026,183.035,22.723,48.575,0.0073320
2825,370.553,183.100,17.090,27.104,0.1752960
2825,170.740,184.285,25.858,45.827,0.0518770
2825,132.101,185.861,23.407,47.363,0.4210350
2825,170.740,184.285,25.858,45.827,0.2129750
2825,418.247,2.000,48.272,63.984,0.0074230
2825,95.830,64.860,11.054,14.700,0.0054870
2850,371.241,182.971,16.380,27.377,0.2332530
2850,132.317,184.477,22.324,48.658,0.0488930
2850,132.317,184.477,22.324,48.658,0.1428140
2850,171.264,182.265,24.167,44.453,0.0136540
2850,418.775,2.000,48.236,66.816,0.0087830
2875,370.689,185.447,17.104,26.455,0.0380870
2875,376.185,182.293,14.625,25.578,0.0053610
2875,168.256,184.897,25.878,46.022,0.0248820
2875,132.752,189.029,22.560,47.460,0.3987900
2875,168.256,184.897,25.878,46.022,0.0591500
2875,417.195,2.000,50.478,65.635,0.0075250
2900,370.422,185.161,17.476,27.189,0.1365180
2900,168.503,185.132,25.708,47.298,0.0778140
2900,133.393,189.806,22.796,48.589,0.5753220
2900,168.503,185.132,25.708,47.298,0.0255640
2900,418.611,2.000,46.963,64.481,0.0104480
2900,96.698,64.795,12.148,15.441,0.0058710
2900,685.674,198.906,18.126,40.629,0.0055150
2925,171.066,186.455,23.592,43.033,0.0444920
2925,370.650,184.319,17.289,26.713,0.0678860
2925,132.533,188.179,23.053,48.157,0.5221320
2925,171.066,186.455,23.592,43.033,0.0191030
2925,419.148,2.000,47.177,66.633,0.0085580
2925,97.386,62.886,11.528,16.115,0.0055790
2950,370.474,186.432,16.921,26.765,0.4801390
2950,168.391,186.070,24.647,46.102,0.1067930
2950,131.357,186.575,22.969,51.774,0.5652510
2950,370.474,186.432,16.921,26.765,0.0329630
2950,168.391,186.070,24.647,46.102,0.0123310
2950,418.430,2.000,48.103,67.912,0.0087820
