25,583.692,219.730,19.850,41.309,0.0089080
25,554.128,215.066,20.645,47.781,0.1251860
25,7.547,208.463,34.383,69.245,0.0128200
25,130.031,214.074,23.902,54.710,0.0710720
25,475.297,221.896,18.023,38.782,0.0994250
25,120.382,196.311,44.377,71.616,0.0079350
25,207.796,220.854,21.219,46.860,0.0091710
25,77.908,199.726,33.526,79.364,0.2766410
25,46.470,191.894,41.931,95.052,0.0250040
25,81.508,203.257,23.711,51.265,0.0082810
25,55.773,182.484,75.061,128.070,0.0061780
25,554.128,215.066,20.645,47.781,0.2772190
25,8.673,185.454,37.259,86.670,0.0593830
25,10.941,210.939,24.099,56.252,0.2173770
25,218.961,202.492,31.928,76.862,0.8330190
25,142.681,201.995,35.572,88.522,0.7472790
25,417.234,221.155,23.675,50.021,0.5259220
25,130.031,214.074,23.902,54.710,0.3543730
25,475.297,221.896,18.023,38.782,0.2305570
25,18.501,202.897,22.501,55.679,0.0989600
25,501.050,222.043,16.682,35.394,0.0361330
25,120.382,196.311,44.377,71.616,0.0325170
25,228.069,208.773,19.970,47.320,0.0124260
25,401.484,219.418,19.524,42.879,0.0069500
25,207.796,220.854,21.219,46.860,0.0065630
25,419.784,211.929,19.214,40.761,0.0061370
25,220.476,183.382,49.528,138.935,0.0052140
50,629.562,215.125,22.371,40.048,0.0324900
50,575.856,213.268,23.235,43.355,0.3703140
50,644.813,215.541,18.943,41.199,0.0095790
50,684.849,200.415,21.148,48.582,0.0101190
50,58.740,194.195,25.868,60.798,0.0741990
50,138.761,174.633,40.909,115.348,0.0229140
50,501.425,219.342,18.069,34.740,0.3838970
50,414.024,91.587,19.679,28.237,0.0055650
50,576.349,211.583,26.925,40.659,0.0626790
50,48.387,197.236,41.515,76.388,0.0259060
50,5.639,192.215,46.620,89.534,0.0641680
50,76.361,210.318,24.838,58.296,0.0204350
50,48.327,177.788,85.864,97.215,0.0105890
50,374.807,213.419,23.810,46.487,0.8144170
50,135.192,180.051,47.357,113.720,0.8119200
50,66.566,185.784,42.273,100.776,0.5448030
50,501.425,219.342,18.069,34.740,0.1271020
50,414.024,91.587,19.679,28.237,0.0424490
50,401.930,92.910,17.462,24.373,0.0088140
50,389.455,2.000,44.128,69.994,0.0086450
50,2.000,2.000,454.463,521.729,0.0060690
75,657.511,203.811,20.857,41.085,0.1155620
75,109.283,179.590,36.184,63.026,0.0065420
75,626.974,205.299,23.211,45.017,0.2090090
75,537.977,207.707,18.291,35.652,0.2476210
75,405.279,90.106,14.138,19.484,0.0080630
75,582.537,200.116,24.629,50.584,0.4215480
75,657.511,203.811,20.857,41.085,0.0202050
75,3.332,152.685,45.974,113.260,0.0097790
75,4.482,191.944,34.278,92.264,0.0057910
75,5.069,214.889,21.889,57.104,0.0089990
75,343.818,202.260,31.621,53.560,0.8032120
75,626.974,205.299,23.211,45.017,0.5194620
75,517.797,205.651,21.620,40.293,0.1889690
75,537.977,207.707,18.291,35.652,0.0268740
75,274.466,198.313,29.439,51.381,0.0157520
75,560.492,23.681,61.769,405.323,0.0087550
75,579.535,189.657,31.136,66.959,0.0086070
75,405.279,90.106,14.138,19.484,0.0070610
100,627.838,207.859,23.153,46.460,0.5615510
100,575.991,198.607,27.224,62.417,0.6578700
100,504.963,202.057,23.111,52.321,0.0080770
100,616.302,199.251,29.796,57.421,0.0130200
100,564.274,94.813,70.442,304.276,0.0135960
100,627.838,207.859,23.153,46.460,0.1513950
100,281.272,200.623,37.026,71.544,0.8220690
100,529.152,213.969,22.486,42.733,0.5890540
100,577.250,208.281,26.490,53.367,0.1661220
100,464.708,192.197,27.654,65.609,0.0146680
100,504.963,202.057,23.111,52.321,0.0088690
100,540.346,199.152,24.335,58.178,0.0067160
100,556.411,125.346,79.795,203.750,0.0065420
100,616.302,199.251,29.796,57.421,0.0057050
125,611.580,195.267,33.218,68.061,0.5690550
125,541.091,205.283,19.246,50.172,0.1176220
125,513.285,208.127,19.895,41.149,0.0339860
125,587.267,186.125,32.906,81.290,0.1291650
125,176.025,176.316,48.432,83.376,0.0331620
125,166.247,190.721,23.222,52.122,0.0147830
125,193.722,194.244,27.142,53.356,0.0065400
125,537.987,189.341,31.735,73.956,0.0052540
125,152.920,178.881,52.242,91.788,0.8116940
125,136.239,152.068,72.279,148.671,0.0337080
125,541.091,205.283,19.246,50.172,0.0309790
125,513.285,208.127,19.895,41.149,0.0184990
125,435.346,190.414,21.166,52.028,0.0066930
125,352.590,58.434,13.752,14.431,0.0050910
150,563.494,210.622,24.086,48.157,0.2611350
150,14.341,188.046,19.962,59.569,0.0089640
150,642.095,203.216,23.270,49.871,0.2869510
150,649.942,190.505,37.480,76.962,0.7139190
150,631.180,212.844,19.914,44.320,0.0099270
150,154.689,180.280,37.675,79.218,0.0066450
150,194.350,184.187,36.802,64.661,0.0061120
150,673.356,183.330,37.551,86.145,0.0056220
150,563.494,210.622,24.086,48.157,0.2530120
150,123.788,182.334,36.644,63.900,0.0050500
175,678.512,203.637,21.737,52.611,0.4994700
175,674.109,187.588,33.207,79.786,0.1205240
175,577.941,214.315,20.653,40.955,0.0231160
175,84.042,170.060,36.030,79.269,0.0114710
175,267.037,195.855,19.851,47.343,0.0899440
175,678.512,203.637,21.737,52.611,0.1360160
175,674.109,187.588,33.207,79.786,0.0253220
175,577.941,214.315,20.653,40.955,0.3803440
175,84.042,170.060,36.030,79.269,0.0101270
175,111.362,183.456,35.149,66.310,0.0093670
200,573.653,207.836,24.729,46.011,0.2095280
200,475.849,209.569,22.301,39.163,0.6228500
200,661.841,204.880,19.492,43.148,0.0156120
200,657.381,197.741,35.629,59.034,0.0115570
200,210.568,183.449,26.527,59.090,0.0101920
200,657.567,215.229,18.698,42.888,0.0088620
200,674.510,193.669,32.012,104.027,0.0063370
200,653.229,130.836,34.135,248.384,0.0056750
200,573.653,207.836,24.729,46.011,0.0208120
200,86.000,188.234,35.330,51.891,0.0068180
200,546.387,93.896,14.171,24.105,0.0055790
225,651.558,206.116,20.947,43.257,0.0255550
225,565.536,213.180,20.859,46.321,0.5507740
225,437.231,214.205,18.835,34.985,0.2642960
225,569.963,209.716,20.470,46.030,0.0173710
225,437.231,214.205,18.835,34.985,0.1008270
250,678.874,208.230,21.975,42.038,0.0128950
250,670.359,208.328,18.382,41.915,0.0080780
250,380.622,206.466,16.359,36.549,0.0466080
250,544.188,211.995,14.946,34.871,0.1590650
250,103.330,2.000,125.689,365.830,0.0075710
250,678.874,208.230,21.975,42.038,0.0090510
250,380.622,206.466,16.359,36.549,0.5616190
250,361.073,2.000,70.050,228.810,0.0068920
275,329.524,190.666,19.723,37.273,0.6079580
275,329.524,190.666,19.723,37.273,0.0761630
275,419.558,198.349,16.330,27.527,0.0147190
275,307.832,2.000,101.886,238.051,0.0050230
300,639.010,214.678,21.694,42.844,0.4244600
300,621.248,213.848,21.872,42.918,0.2229960
300,546.762,211.269,17.528,36.803,0.0442800
300,266.553,209.164,20.917,38.947,0.7679540
300,13.984,2.000,35.936,313.530,0.0089970
300,621.248,213.848,21.872,42.918,0.1829300
300,546.762,211.269,17.528,36.803,0.0442180
300,356.502,89.861,21.208,25.994,0.0066040
300,354.385,220.459,22.140,32.191,0.0061170
325,607.851,215.719,22.333,40.100,0.4246490
325,8.769,157.658,28.830,99.652,0.0434250
325,5.021,179.801,21.958,63.355,0.0170750
325,225.211,209.289,19.682,41.612,0.8170060
325,525.451,207.812,19.806,42.864,0.7157730
325,35.440,122.387,41.189,108.678,0.0406250
325,528.685,201.052,24.940,71.315,0.0151450
325,500.687,200.640,18.251,42.690,0.0086200
325,607.851,215.719,22.333,40.100,0.0098490
325,305.346,217.531,21.959,39.390,0.1094430
325,357.191,219.729,16.711,32.845,0.1392220
350,532.903,212.144,23.026,50.522,0.2054170
350,625.158,223.276,24.357,54.012,0.3370320
350,640.265,215.379,27.469,67.917,0.0947610
350,313.675,228.110,14.305,32.538,0.0701600
350,386.915,230.255,13.797,26.338,0.0062320
350,246.553,217.582,21.801,50.037,0.0125630
350,199.663,215.427,20.325,48.526,0.7196990
350,598.342,129.086,64.865,256.737,0.0072180
350,57.909,47.316,75.753,272.295,0.0060160
350,532.903,212.144,23.026,50.522,0.0840060
350,342.953,232.118,14.438,29.358,0.5994140
350,313.675,228.110,14.305,32.538,0.2496750
350,386.915,230.255,13.797,26.338,0.1141610
350,246.553,217.582,21.801,50.037,0.0312680
375,342.179,221.981,15.895,31.230,0.0078000
375,690.784,221.452,15.774,44.061,0.0051370
375,643.750,213.329,25.049,51.964,0.2462980
375,621.753,214.054,21.868,48.118,0.2136470
375,618.490,209.364,42.857,57.959,0.0331580
375,277.735,216.960,16.775,36.685,0.0081650
375,599.550,154.886,58.118,196.071,0.0057420
375,532.732,207.742,19.598,47.580,0.6543990
375,605.100,2.000,54.747,364.218,0.0166390
375,630.549,2.000,52.309,331.433,0.0091670
375,342.179,221.981,15.895,31.230,0.1831460
375,277.735,216.960,16.775,36.685,0.0206840
375,308.037,218.367,17.676,36.517,0.5823580
400,270.913,210.254,17.287,29.169,0.0313730
400,588.537,196.094,23.156,55.293,0.0082100
400,611.060,187.907,37.770,77.495,0.1117690
400,207.372,196.035,22.213,40.463,0.0055790
400,621.257,197.852,23.239,56.355,0.1526470
400,75.507,190.054,23.469,53.194,0.7339240
400,676.138,175.852,23.354,63.207,0.8271240
400,496.581,197.773,20.584,42.101,0.4992280
400,660.922,188.029,22.500,60.551,0.0150440
400,493.818,192.232,33.791,55.594,0.0148270
400,653.533,171.401,33.919,92.129,0.0109570
400,591.076,2.000,80.443,315.180,0.0079540
400,2.000,115.460,52.225,212.534,0.0071060
400,429.881,199.722,18.350,40.284,0.0064600
400,626.655,2.000,66.435,271.892,0.0051010
400,270.913,210.254,17.287,29.169,0.0589350
400,207.372,196.035,22.213,40.463,0.1403030
400,621.257,197.852,23.239,56.355,0.0053430
400,226.974,202.548,17.964,38.879,0.4745090
400,75.507,190.054,23.469,53.194,0.0145990
425,654.484,194.468,39.443,71.350,0.0621820
425,684.068,213.140,18.850,50.551,0.1093380
425,529.919,203.508,22.275,53.411,0.6837610
425,527.547,192.572,31.037,84.816,0.1018970
425,479.290,209.443,17.314,35.353,0.0884530
425,659.975,212.254,19.295,48.380,0.0585470
425,617.225,2.000,90.844,275.216,0.0188770
425,474.231,218.499,18.456,39.799,0.0184290
425,674.391,209.593,34.831,60.374,0.0113680
425,506.260,205.541,18.504,44.402,0.0103290
425,272.497,218.431,17.995,37.928,0.3339780
425,206.122,212.620,23.710,49.581,0.4726830
425,225.902,215.350,20.681,44.033,0.2518070
450,461.605,199.349,27.765,60.581,0.2274030
450,129.064,197.375,20.842,49.204,0.1122830
450,459.605,191.306,34.518,80.886,0.6182070
450,271.270,205.392,23.024,48.409,0.6724910
450,414.048,200.745,30.432,68.097,0.8573730
450,252.424,207.900,25.632,57.688,0.7715330
450,434.259,130.944,87.764,194.109,0.0060600
475,347.216,220.279,18.763,33.657,0.1656440
475,380.896,219.129,19.751,36.255,0.1187600
475,301.584,212.921,23.730,48.085,0.0162170
475,506.462,210.797,18.375,41.057,0.0225060
475,277.148,209.875,22.358,44.920,0.0319860
475,573.306,200.743,16.478,39.299,0.0262540
475,414.306,220.281,17.854,31.797,0.0174050
475,153.369,200.378,27.065,57.179,0.7586640
475,118.575,190.753,36.571,60.725,0.0097020
475,347.216,220.279,18.763,33.657,0.0071870
475,380.896,219.129,19.751,36.255,0.1555590
475,476.669,202.885,29.231,65.777,0.8662090
475,246.453,209.527,35.359,61.325,0.8600630
475,518.767,195.222,35.825,83.237,0.8322300
475,301.584,212.921,23.730,48.085,0.6794870
475,277.509,214.917,23.245,48.079,0.4475870
475,504.087,211.021,21.483,48.072,0.1695100
475,499.018,198.467,32.566,73.508,0.0712660
475,639.092,219.618,22.189,34.987,0.0609610
475,573.306,200.743,16.478,39.299,0.0459370
475,627.722,219.468,18.223,33.129,0.0234560
475,414.306,220.281,17.854,31.797,0.0145630
475,534.057,203.153,22.285,54.947,0.0145020
500,358.605,220.772,17.246,33.410,0.0616670
500,388.786,221.259,15.063,31.787,0.0076440
500,278.335,204.835,23.546,51.058,0.0256990
500,542.353,207.565,22.376,60.163,0.0173280
500,358.605,220.772,17.246,33.410,0.0067290
500,388.786,221.259,15.063,31.787,0.0693220
500,380.104,206.412,31.851,74.661,0.0081890
500,278.335,204.835,23.546,51.058,0.2191350
500,132.330,188.214,59.710,100.039,0.8152590
500,542.508,192.991,36.046,89.712,0.8314930
500,487.086,201.654,25.893,69.421,0.7441850
500,296.432,212.881,22.220,45.651,0.3451400
500,542.353,207.565,22.376,60.163,0.0819510
500,480.855,212.735,18.695,48.751,0.0240800
500,469.095,185.547,41.617,91.171,0.0138010
500,2.000,39.009,371.165,437.066,0.0114300
500,523.512,149.660,50.754,181.684,0.0096030
500,331.571,30.697,390.429,455.961,0.0063660
500,112.324,143.350,114.716,172.266,0.0062000
500,379.347,154.686,43.477,194.316,0.0052040
525,638.735,213.682,22.636,44.246,0.0761450
525,621.510,203.154,26.184,50.577,0.2193450
525,185.616,197.995,24.303,56.532,0.0582810
525,521.222,182.335,30.878,93.067,0.0322690
525,166.337,196.380,37.322,63.073,0.0347600
525,62.613,183.616,38.912,77.251,0.7908720
525,174.172,195.374,21.953,49.354,0.0182710
525,568.006,184.594,38.229,76.980,0.0141820
525,8.444,165.494,33.707,102.284,0.0139350
525,276.078,201.375,15.240,33.643,0.0090550
525,115.564,181.397,35.413,81.623,0.0069160
525,50.936,188.084,34.534,92.652,0.0053520
525,637.497,202.477,26.610,52.553,0.0162660
525,621.510,203.154,26.184,50.577,0.0231050
525,529.253,194.323,22.064,60.505,0.0098290
525,327.257,208.163,19.958,34.341,0.0118240
525,218.495,191.149,32.290,64.904,0.7576120
525,344.922,209.206,14.396,30.292,0.0369130
525,506.892,186.980,41.016,96.648,0.8389270
525,185.616,197.995,24.303,56.532,0.5794660
525,451.150,192.015,29.978,78.743,0.4446810
525,438.381,186.215,30.633,85.844,0.1142930
525,440.806,202.996,22.903,48.948,0.0852280
525,492.672,150.253,43.109,174.239,0.0122570
525,166.337,196.380,37.322,63.073,0.0100700
525,507.260,199.146,20.981,57.634,0.0090680
525,351.580,220.027,14.530,28.881,0.0076080
550,642.513,224.833,21.455,48.265,0.0580340
550,78.026,200.127,22.966,56.568,0.0189390
550,535.230,194.189,26.532,65.175,0.0155550
550,128.090,199.888,18.162,49.019,0.0149670
550,61.709,199.698,18.658,48.094,0.0122470
550,646.714,206.490,33.715,74.769,0.0116700
550,50.631,193.773,35.220,72.550,0.0058520
550,278.252,221.782,18.879,30.928,0.1167430
550,273.737,214.654,19.581,32.321,0.0080770
550,248.366,218.945,17.561,34.322,0.5123160
550,573.795,207.474,40.607,63.785,0.0096140
550,205.266,202.794,14.987,32.151,0.0104680
550,401.059,205.353,26.981,66.404,0.8527510
550,68.260,194.178,40.239,83.442,0.8377010
550,122.451,191.940,42.529,87.140,0.8093680
550,456.586,191.944,38.459,94.771,0.6778320
550,601.356,218.021,25.527,46.245,0.2844670
550,578.821,218.655,24.137,45.481,0.2048320
550,428.545,214.624,20.910,51.297,0.0280400
550,107.902,148.120,46.379,183.374,0.0176800
550,646.472,179.121,45.940,92.942,0.0135290
550,74.769,207.931,23.357,58.471,0.0120310
550,186.615,44.406,535.385,433.270,0.0110090
550,421.594,201.891,32.389,73.435,0.0077670
550,463.056,211.825,19.231,56.779,0.0077340
550,69.094,167.329,67.455,146.644,0.0075070
550,142.158,196.037,34.139,82.788,0.0070190
550,2.000,2.000,385.232,520.458,0.0052980
575,681.569,227.603,21.086,53.993,0.2917840
575,609.556,224.029,27.539,49.048,0.0164990
575,591.070,220.470,25.388,51.532,0.0069310
575,2.000,2.000,188.778,437.278,0.0056470
575,2.000,2.000,267.996,576.000,0.0065690
575,266.543,221.466,17.837,33.376,0.0860590
575,25.442,174.488,55.218,106.680,0.4455540
575,609.556,224.029,27.539,49.048,0.0267670
575,3.884,156.329,107.777,140.577,0.0242480
575,591.070,220.470,25.388,51.532,0.0239010
575,392.367,203.348,31.143,74.011,0.8401550
575,458.540,194.747,39.796,102.089,0.7156840
575,211.406,219.552,17.447,34.708,0.6840400
575,438.738,219.877,19.750,42.131,0.3991250
575,400.797,211.109,21.838,42.961,0.0445150
575,2.000,2.000,188.778,437.278,0.0113050
575,247.147,222.686,18.762,31.829,0.0096380
575,108.203,2.000,613.797,535.275,0.0079850
575,243.620,213.186,20.454,31.609,0.0067040
575,464.187,218.191,18.564,54.068,0.0059260
600,651.342,233.452,23.495,45.413,0.6158810
600,620.030,226.380,29.929,50.441,0.0115970
600,428.450,219.590,21.427,42.865,0.0057830
600,166.879,218.556,18.139,35.984,0.0843830
600,19.126,2.000,82.671,282.647,0.0167840
600,263.966,221.729,17.257,36.220,0.2230750
600,229.979,221.045,19.069,35.066,0.2376500
600,211.953,218.940,20.973,36.714,0.1106840
600,428.450,219.590,21.427,42.865,0.2877890
600,166.879,218.556,18.139,35.984,0.6100360
600,397.274,206.585,23.831,50.442,0.0889850
600,388.161,200.635,31.781,80.165,0.8274300
600,460.198,189.872,42.457,108.755,0.7226570
600,172.879,214.607,18.382,32.934,0.4525450
600,461.698,218.699,19.719,49.470,0.0132670
600,157.658,24.153,564.342,471.053,0.0109230
600,433.116,209.954,24.926,42.382,0.0069280
600,295.203,2.000,203.182,576.000,0.0058950
625,676.793,230.406,22.603,48.587,0.1921290
625,655.169,230.307,25.706,50.071,0.0453550
625,265.520,222.603,14.586,35.758,0.3269300
625,200.816,221.351,16.715,34.383,0.0285760
625,674.238,217.238,34.337,75.277,0.0430860
625,243.822,221.675,19.690,36.512,0.0319070
625,265.520,222.603,14.586,35.758,0.1094500
625,200.816,221.351,16.715,34.383,0.2098170
625,473.404,179.686,48.130,132.340,0.8515210
625,391.306,194.090,32.531,91.865,0.7983940
625,457.061,204.539,52.124,86.650,0.0195950
625,399.963,208.284,19.830,46.999,0.0174830
625,461.131,215.257,19.991,54.975,0.0093690
625,164.754,220.029,16.229,37.678,0.0092150
625,164.961,208.488,18.560,35.435,0.0080730
625,127.848,199.597,16.667,40.433,0.0062400
625,410.797,205.434,39.440,72.266,0.0057180
625,283.333,2.000,217.706,527.851,0.0053510
650,285.075,219.028,18.090,35.013,0.0786390
650,279.637,214.977,18.639,33.386,0.0095420
650,301.732,219.312,16.563,34.938,0.0749580
650,552.660,186.720,44.555,124.368,0.0458580
650,504.397,203.372,44.347,99.561,0.0081000
650,14.771,2.000,86.603,283.946,0.0072740
650,14.901,2.000,38.744,251.403,0.0064290
650,452.685,219.701,21.925,35.578,0.0358020
650,285.075,219.028,18.090,35.013,0.0941350
650,279.637,214.977,18.639,33.386,0.0243390
650,421.855,193.158,38.769,92.539,0.8587770
650,526.707,177.846,67.493,140.332,0.8425230
650,301.732,219.312,16.563,34.938,0.0727270
650,428.891,209.248,23.628,60.699,0.0330890
650,238.037,209.548,18.851,34.852,0.0326440
650,204.226,207.028,16.453,30.965,0.0149640
650,437.459,210.235,19.937,42.059,0.0096890
650,2.000,32.128,720.000,452.261,0.0085570
650,140.023,203.740,18.518,36.965,0.0072930
650,560.225,183.570,38.188,96.283,0.0054120
675,679.440,178.560,28.526,134.377,0.0082810
675,311.534,217.818,17.154,36.790,0.0973710
675,288.460,218.889,18.058,33.900,0.0239930
675,253.214,205.297,16.672,39.745,0.0412090
675,617.392,185.536,41.303,117.255,0.0091460
675,11.811,2.000,36.530,300.661,0.0084250
675,679.440,178.560,28.526,134.377,0.0073650
675,311.534,217.818,17.154,36.790,0.0560900
675,284.951,214.282,17.375,32.048,0.0050080
675,487.735,189.652,46.198,97.420,0.8444210
675,625.667,158.357,77.494,169.632,0.7971170
675,253.214,205.297,16.672,39.745,0.0521200
675,155.420,209.657,20.076,35.964,0.0258200
675,172.170,2.000,549.830,576.000,0.0117360
675,191.414,217.483,16.547,41.927,0.0096060
675,492.356,112.890,229.644,276.836,0.0079050
675,505.550,215.358,20.238,49.375,0.0062230
675,453.527,179.850,107.178,95.744,0.0061930
675,368.717,64.829,271.061,321.420,0.0055550
700,322.645,213.698,21.001,43.901,0.4771340
700,338.218,218.266,20.381,37.310,0.0797120
700,534.070,216.415,20.470,40.917,0.1261620
700,281.462,210.212,16.306,35.226,0.0097110
700,73.187,2.000,121.700,344.189,0.0064230
700,322.645,213.698,21.001,43.901,0.1238670
700,338.218,218.266,20.381,37.310,0.5692650
700,589.085,183.452,50.736,118.453,0.8414940
700,534.070,216.415,20.470,40.917,0.6042660
700,579.370,214.844,24.511,50.557,0.0324900
700,577.057,191.034,42.018,82.894,0.0285520
700,533.713,206.950,32.452,67.228,0.0255560
700,506.210,223.025,17.576,30.941,0.0122920
700,570.812,158.174,95.712,143.230,0.0106030
700,611.958,217.096,22.826,52.663,0.0079460
700,585.184,207.169,23.129,45.757,0.0062350
700,359.879,56.794,362.121,397.505,0.0054900
725,631.578,217.582,20.274,49.025,0.4821000
725,315.599,220.069,22.143,41.384,0.1686850
725,539.103,210.504,37.364,60.531,0.0477940
725,542.503,218.075,20.935,42.078,0.6617450
725,231.819,223.694,15.448,35.653,0.1909190
725,548.418,215.356,20.220,35.527,0.0512560
725,623.632,209.664,31.165,69.279,0.0281300
725,27.550,2.000,123.425,273.125,0.0261960
725,62.976,78.084,61.877,127.925,0.0121710
725,575.394,218.408,19.139,46.002,0.0085560
725,654.310,199.961,30.226,94.437,0.0078460
725,593.151,60.992,62.322,377.339,0.0056430
725,631.578,217.582,20.274,49.025,0.0092240
725,678.129,196.591,29.644,111.013,0.8096690
725,315.599,220.069,22.143,41.384,0.1058740
750,508.290,213.523,23.761,44.905,0.3043580
750,268.064,213.362,23.598,37.713,0.4215770
750,246.838,207.628,30.205,54.794,0.6745900
750,186.830,208.361,23.078,42.188,0.8086060
750,637.619,2.000,70.799,276.609,0.0167820
750,357.242,206.893,17.679,32.219,0.0069020
750,230.073,111.885,40.486,261.565,0.0064110
750,270.273,215.995,23.441,37.546,0.0077630
750,499.806,207.246,34.503,58.639,0.0073440
750,241.526,204.805,33.857,60.340,0.3875580
750,508.133,214.237,22.470,35.311,0.0470640
750,643.045,222.022,25.415,40.821,0.0151810
775,189.994,210.620,27.334,49.614,0.4247960
775,237.558,213.093,23.183,44.816,0.1886930
775,168.163,194.979,31.362,66.949,0.4871850
775,125.694,208.249,26.161,43.120,0.5314670
775,473.500,209.487,21.987,43.856,0.7307840
775,469.500,196.568,35.571,65.200,0.0216790
775,488.187,207.765,24.081,55.516,0.8087890
775,178.352,164.569,56.533,159.177,0.0080360
775,145.419,146.954,73.591,189.484,0.0051920
775,181.429,201.231,36.740,67.207,0.6277930
775,237.558,213.093,23.183,44.816,0.0670890
775,165.266,199.573,36.726,69.614,0.0648370
775,224.672,205.993,32.804,58.855,0.0256710
775,125.694,208.249,26.161,43.120,0.0229050
775,473.500,209.487,21.987,43.856,0.0143490
775,166.502,157.289,74.135,145.133,0.0054630
775,469.500,196.568,35.571,65.200,0.0052190
800,248.642,200.086,25.632,52.943,0.0114390
800,98.287,172.532,46.510,109.234,0.0139250
800,78.231,184.779,41.340,77.020,0.2471100
800,161.339,194.981,28.271,58.344,0.0101470
800,73.457,195.434,27.062,51.689,0.4904930
800,489.780,195.600,23.020,46.984,0.6799980
800,476.913,196.801,18.031,44.982,0.3113450
800,114.857,198.466,23.318,49.318,0.0081390
800,46.352,174.343,41.631,97.057,0.0135050
800,6.874,174.685,31.536,91.188,0.0062650
800,487.834,187.519,32.979,62.775,0.0159100
800,248.642,200.086,25.632,52.943,0.7178670
800,155.694,184.440,39.996,74.231,0.7996630
800,206.168,199.918,26.542,54.340,0.7610950
800,98.287,172.532,46.510,109.234,0.7104630
800,78.231,184.779,41.340,77.020,0.4966160
800,191.086,196.339,32.390,57.262,0.1971090
800,73.457,195.434,27.062,51.689,0.1423110
800,476.913,196.801,18.031,44.982,0.0082630
800,114.857,198.466,23.318,49.318,0.0065380
825,4.617,181.992,26.367,66.216,0.5357960
825,152.402,183.141,27.533,66.864,0.0767870
825,40.619,171.337,47.879,87.043,0.1121330
825,73.916,172.063,41.510,87.520,0.0447580
825,497.003,191.775,23.265,49.238,0.6306480
825,473.144,186.762,25.735,60.105,0.6239590
825,85.583,183.592,25.839,61.450,0.0880890
825,43.022,184.471,25.189,56.363,0.0243340
825,129.395,192.537,21.786,48.368,0.0090250
825,613.293,2.000,99.916,346.684,0.0089930
825,5.619,183.074,33.581,67.624,0.0269420
825,489.727,185.809,31.448,60.464,0.0341090
825,474.005,182.855,31.377,70.220,0.0087520
825,201.864,179.852,32.312,69.508,0.8588870
825,150.011,178.704,30.134,72.986,0.7747430
825,40.619,171.337,47.879,87.043,0.5644190
825,73.916,172.063,41.510,87.520,0.5610390
825,56.559,132.329,62.250,177.480,0.0137860
825,121.959,171.532,33.694,86.151,0.0118770
850,10.005,192.427,24.067,55.582,0.0866240
850,13.152,181.821,40.020,74.565,0.0241810
850,464.404,184.376,31.566,71.734,0.5015780
850,486.195,184.559,24.134,59.466,0.1589650
850,627.911,2.000,82.145,287.763,0.0090690
850,684.401,108.784,27.820,141.881,0.0073370
850,670.920,2.000,45.855,307.912,0.0071380
850,444.273,138.981,72.809,178.657,0.0068500
850,431.785,188.045,19.255,48.486,0.0059530
850,10.005,192.427,24.067,55.582,0.0107820
850,13.152,181.821,40.020,74.565,0.0415060
850,32.170,176.305,56.336,97.279,0.7009150
850,57.472,168.301,49.168,96.170,0.0217690
850,2.000,82.217,207.827,283.250,0.0079070
875,463.721,170.111,44.198,94.112,0.7107680
875,482.610,174.612,40.638,88.581,0.7571910
875,495.955,187.485,24.425,63.337,0.0555370
875,424.003,182.387,36.071,69.301,0.0128410
875,538.844,174.209,33.262,74.892,0.0115790
875,465.224,186.526,22.669,58.708,0.0106320
875,443.713,131.749,78.282,173.155,0.0089780
875,420.542,190.636,23.871,49.538,0.0089190
875,566.249,2.000,119.751,339.323,0.0088810
875,658.615,81.108,17.282,26.946,0.0110950
875,653.378,56.837,18.299,24.215,0.0092400
900,642.613,148.883,53.039,204.364,0.0495690
900,536.990,172.108,43.632,113.005,0.8815620
900,574.553,168.008,48.430,125.915,0.8433310
900,651.202,178.819,41.249,94.835,0.1644950
900,675.950,175.023,29.723,92.014,0.0362830
900,496.856,180.979,33.228,87.016,0.0126370
900,642.613,148.883,53.039,204.364,0.0114210
925,667.792,132.820,41.294,176.391,0.8486830
925,435.231,192.103,19.695,54.253,0.0315080
925,616.445,167.146,38.615,98.992,0.0242780
925,596.447,111.411,68.924,215.892,0.0197950
925,257.878,2.000,139.229,238.010,0.0139200
925,512.439,161.685,17.803,49.962,0.0110440
925,513.783,181.141,17.478,52.539,0.0095430
925,645.576,55.014,66.286,278.992,0.0064710
925,505.136,140.246,30.845,84.895,0.0056230
950,502.553,224.908,16.705,36.596,0.0127270
950,418.638,219.870,18.071,35.675,0.0121910
950,619.266,2.000,84.106,296.607,0.0110590
950,404.109,2.000,141.443,317.857,0.0083780
950,226.831,2.000,113.448,255.871,0.0054400
950,594.951,2.000,76.357,307.134,0.0051600
975,571.431,227.991,16.788,43.467,0.0831940
975,536.688,2.000,110.231,301.034,0.0564980
975,506.666,2.000,90.730,299.899,0.0210590
975,539.537,2.000,170.522,354.640,0.0178100
975,477.030,2.000,76.527,285.750,0.0135320
1000,630.468,2.000,74.156,293.441,0.0073260
1000,688.467,89.209,17.863,29.534,0.0190110
1000,321.545,62.981,12.649,15.442,0.0118090
1000,622.383,91.551,16.955,19.721,0.0078140
1000,656.385,89.795,17.878,26.808,0.0071830
1000,327.645,2.000,78.054,187.275,0.0061510
1000,354.915,62.741,14.952,16.617,0.0056540
1000,583.006,94.825,20.448,21.819,0.0056430
1000,342.386,29.516,53.465,74.050,0.0050350
1025,464.926,230.603,18.550,38.139,0.0549170
1025,653.014,207.812,28.571,80.916,0.0051020
1050,600.897,203.724,35.293,73.130,0.0519780
1050,288.450,9.215,78.342,271.520,0.0097200
1050,590.349,190.237,28.600,66.392,0.0076820
1050,310.740,2.000,104.439,289.150,0.0073900
1050,682.834,213.925,19.646,55.050,0.0071280
1100,467.850,2.000,97.708,299.632,0.0223130
1100,419.240,2.000,120.617,277.170,0.0055210
1100,485.494,2.000,129.174,270.192,0.0051080
1125,591.312,76.108,73.583,208.745,0.0119740
1125,624.051,33.773,83.043,288.569,0.0089490
1125,558.310,66.078,72.889,229.921,0.0051060
1150,13.063,194.796,19.046,55.179,0.0592830
1150,247.022,22.156,67.106,252.351,0.0057340
1150,6.960,180.877,31.818,80.389,0.0052510
1175,383.034,198.573,19.604,42.575,0.0084680
1175,43.425,200.940,25.490,50.093,0.5938430
1175,71.472,214.653,18.274,40.872,0.0386640
1200,17.045,192.419,35.601,72.594,0.0053710
1200,470.729,229.875,21.769,40.189,0.0087880
1200,406.556,2.000,138.859,339.515,0.0054050
1200,77.738,207.865,20.568,37.342,0.4606940
1200,470.729,229.875,21.769,40.189,0.0083490
1200,23.069,197.064,41.013,81.076,0.8117860
1200,113.443,203.668,23.624,48.607,0.3416460
1200,156.575,200.680,19.303,40.807,0.0242110
1200,399.903,85.681,148.626,187.901,0.0083220
1200,11.900,179.519,81.136,94.428,0.0077310
1200,204.185,197.138,17.505,33.625,0.0065830
1200,154.352,212.371,19.521,45.351,0.0065640
1225,626.500,2.000,74.148,298.280,0.0106800
1225,156.710,196.516,25.788,46.845,0.5606170
1225,224.761,195.121,23.287,35.442,0.0445860
1225,202.194,196.860,22.455,41.059,0.0457740
1225,198.200,210.027,20.746,50.520,0.0335310
1225,152.728,2.000,43.507,63.222,0.0056270
1225,278.047,195.269,19.104,32.662,0.0053550
1225,150.351,200.578,41.661,67.236,0.0050420
1250,213.045,203.000,24.875,49.461,0.4676130
1250,657.166,165.024,36.113,100.624,0.0074390
1250,213.045,203.000,24.875,49.461,0.0389290
1250,299.230,193.206,25.184,39.381,0.0066160
1250,223.858,192.452,32.907,65.894,0.1106600
1250,282.811,198.843,24.916,41.913,0.0102770
1250,238.095,206.390,22.858,56.287,0.0098960
1250,126.505,198.918,19.220,37.104,0.0092860
1250,201.329,125.853,86.694,191.010,0.0068340
1275,515.598,2.000,80.715,331.476,0.0065680
1275,540.445,2.000,87.607,280.660,0.0064050
1275,276.000,194.474,34.528,60.513,0.7715980
1275,193.677,200.739,18.537,34.578,0.0737040
1275,299.576,194.484,28.107,59.529,0.0373420
1275,310.794,197.743,22.923,46.261,0.0350740
1275,314.368,208.601,22.385,52.437,0.0149710
1275,375.936,200.512,21.833,36.517,0.0137430
1275,119.523,197.182,21.614,38.842,0.0119460
1275,358.341,197.503,24.817,37.680,0.0114010
1275,378.734,216.553,20.927,40.199,0.0060610
1275,166.979,199.425,18.672,32.119,0.0050260
1300,340.535,194.640,25.290,62.626,0.0436720
1300,391.153,180.967,37.217,74.065,0.3801950
1300,415.444,196.137,20.958,46.419,0.0131900
1300,334.410,195.192,28.145,67.825,0.6137270
1300,301.075,188.825,34.592,81.501,0.8051740
1300,311.868,199.104,21.297,49.303,0.0842580
1300,208.953,196.555,22.940,32.064,0.0456250
1300,159.053,192.664,20.961,34.915,0.0152080
1325,360.231,194.208,22.556,51.225,0.0800280
1325,441.687,177.539,39.960,80.822,0.0826580
1325,351.391,187.424,34.836,81.009,0.0435620
1325,457.039,193.942,24.955,49.201,0.0100210
1325,360.231,194.208,22.556,51.225,0.0543910
1325,428.097,170.621,48.471,92.044,0.0167450
1325,316.453,184.257,44.639,84.765,0.8862320
1325,351.391,187.424,34.836,81.009,0.5446380
1325,169.305,193.427,21.542,33.479,0.1153330
1325,225.633,205.202,21.904,32.910,0.0454410
1325,457.039,193.942,24.955,49.201,0.0097140
1325,8.981,158.085,38.725,104.752,0.0061640
1350,458.914,170.847,48.221,102.218,0.0409400
1350,351.460,181.493,37.207,96.095,0.4345580
1350,174.377,189.852,20.515,37.873,0.0088540
1350,358.095,193.106,20.066,51.338,0.0066240
1350,614.275,230.370,23.649,44.165,0.0175070
1350,266.213,2.000,39.253,60.605,0.0095860
1350,613.670,2.000,98.219,266.565,0.0338370
1350,589.861,2.000,83.161,379.644,0.0119200
1350,543.918,2.000,95.110,342.780,0.0092560
1350,566.878,2.000,119.322,306.538,0.0075190
1350,458.914,170.847,48.221,102.218,0.0074160
1350,351.460,181.493,37.207,96.095,0.1034310
1350,316.870,179.528,42.398,94.171,0.8613490
1350,198.340,192.526,23.313,39.284,0.1232510
1350,174.377,189.852,20.515,37.873,0.1012690
1350,367.617,179.734,41.089,94.972,0.0747840
1350,358.095,193.106,20.066,51.338,0.0152640
1350,614.275,230.370,23.649,44.165,0.0111290
1350,266.213,2.000,39.253,60.605,0.0089410
1350,318.948,156.929,84.052,128.748,0.0054010
1350,303.609,148.476,63.952,176.839,0.0050740
1375,530.626,177.714,50.288,83.702,0.2539700
1375,381.933,189.557,19.145,51.824,0.0794430
1375,385.005,166.690,38.743,112.166,0.0197580
1375,517.788,146.670,71.202,135.617,0.0057300
1375,381.933,189.557,19.145,51.824,0.0799650
1375,385.005,166.690,38.743,112.166,0.6855550
1375,335.917,162.270,48.293,114.393,0.8438650
1375,222.842,189.710,23.032,42.883,0.0578860
1375,358.554,194.304,16.718,38.768,0.0078460
1375,2.000,2.000,720.000,440.832,0.0054360
1400,392.068,164.941,49.382,140.002,0.0298470
1400,367.251,207.804,16.804,27.368,0.0075120
1400,654.738,203.483,33.121,87.598,0.0061300
1400,389.353,176.341,52.815,102.322,0.8134320
1400,468.038,172.770,47.838,134.248,0.6043760
1400,434.695,205.739,21.146,39.688,0.6024400
1400,388.263,205.284,21.506,39.343,0.0501370
1400,462.814,205.485,21.849,42.446,0.0166340
1400,588.697,186.123,23.273,45.992,0.0126320
1400,503.456,201.488,18.107,36.996,0.0069980
1400,592.348,167.650,17.450,39.191,0.0058000
1425,404.165,212.719,16.803,28.683,0.0054760
1425,597.947,145.154,59.658,163.901,0.0122450
1425,590.667,135.783,73.354,208.806,0.6442270
1425,436.594,198.246,31.387,59.701,0.7076630
1425,484.365,134.222,78.649,190.335,0.7940440
1425,456.491,210.698,18.422,36.580,0.2380120
1425,515.161,157.302,47.743,136.206,0.0446230
1425,463.671,213.233,19.736,42.275,0.0118130
1425,362.189,95.060,288.883,317.563,0.0067460
1425,535.282,200.396,19.877,42.630,0.0053020
1450,514.093,205.259,25.798,53.614,0.0387490
1450,516.958,200.876,38.984,70.631,0.0061060
1450,467.933,205.419,24.345,51.278,0.0081440
1450,528.737,216.312,25.060,44.233,0.0195850
1450,626.191,126.821,73.018,206.356,0.0054900
1450,602.057,171.069,61.877,141.574,0.0050930
1450,33.379,176.222,39.237,81.735,0.0156490
1450,9.627,167.153,42.489,98.241,0.0081330
1450,612.532,216.983,20.526,45.219,0.0069760
1450,512.398,209.115,26.707,52.664,0.3977110
1450,516.958,200.876,38.984,70.631,0.0216590
1450,467.933,205.419,24.345,51.278,0.5053020
1450,407.076,209.028,19.779,33.754,0.3897220
1450,528.737,216.312,25.060,44.233,0.0303550
1450,597.116,123.358,108.039,229.272,0.9256710
1450,602.057,171.069,61.877,141.574,0.0195350
1475,538.286,185.204,35.067,74.344,0.0839090
1475,488.700,189.078,35.400,65.396,0.0074200
1475,9.529,135.534,41.040,97.606,0.0073860
1475,204.259,161.666,23.557,38.808,0.0083640
1475,538.286,185.204,35.067,74.344,0.2777670
1475,488.700,189.078,35.400,65.396,0.4076420
1475,469.916,188.466,36.199,62.934,0.0325240
1475,406.476,191.465,17.204,33.860,0.5407300
1475,495.191,195.893,20.160,52.917,0.1172230
1475,473.096,204.061,14.124,35.101,0.0212790
1500,535.201,195.964,39.683,79.013,0.0674110
1500,488.144,195.420,29.648,78.600,0.0051580
1500,540.091,199.860,23.439,59.759,0.0096330
1500,18.687,2.000,80.384,306.350,0.0061100
1500,535.201,195.964,39.683,79.013,0.1427390
1500,486.132,195.831,37.311,71.729,0.6776910
1500,455.854,210.084,19.043,41.402,0.4093970
1500,369.871,202.845,18.829,32.675,0.1629410
1500,466.160,204.392,33.148,52.152,0.1244910
1500,489.343,207.430,21.905,55.029,0.0595230
1500,377.626,209.082,17.276,32.365,0.0061450
1500,441.792,211.217,15.213,32.719,0.0055760
1500,555.272,203.205,37.940,71.042,0.0050140
1525,441.102,187.560,43.387,90.182,0.5743210
1525,375.571,199.079,33.889,74.606,0.0143870
1525,441.624,169.217,55.887,155.302,0.0063570
1525,433.926,200.485,32.762,76.175,0.0712770
1525,9.596,88.646,48.047,191.922,0.0055070
1525,440.287,190.576,44.406,96.006,0.5192100
1525,376.731,195.483,37.491,74.814,0.8069080
1525,251.498,206.751,18.999,35.850,0.4093090
1525,343.026,210.873,18.265,41.160,0.3792060
1525,382.929,209.487,23.113,55.646,0.2345150
1525,438.070,210.999,23.729,63.345,0.0262340
1525,348.951,203.220,33.227,54.678,0.0158350
1525,159.750,2.000,562.250,559.604,0.0052540
1550,205.786,198.195,34.418,56.818,0.1961440
1550,199.743,202.884,21.891,47.951,0.0098590
1550,220.297,183.356,38.025,101.595,0.0280670
1550,621.793,70.351,81.171,225.819,0.0208090
1550,497.745,2.000,122.406,293.438,0.0177320
1550,512.837,88.974,13.575,27.491,0.0175810
1550,502.779,2.000,175.017,381.454,0.0112200
1550,681.785,216.068,21.532,55.677,0.0074890
1550,205.786,198.195,34.418,56.818,0.0213570
1550,304.968,177.974,48.875,118.396,0.7872750
1550,216.972,186.136,39.790,83.931,0.7843880
1550,94.660,193.986,21.843,42.142,0.7238080
1550,199.743,202.884,21.891,47.951,0.3614200
1550,230.635,199.854,23.117,54.305,0.0271900
1550,330.563,199.594,35.824,88.629,0.0199310
1550,262.211,176.620,123.786,101.512,0.0086510
1550,307.937,205.794,23.291,65.515,0.0065480
1575,676.931,112.235,30.215,132.230,0.0322040
1575,164.422,175.665,48.403,91.395,0.0149340
1575,250.895,150.572,68.156,154.690,0.0145340
1575,43.946,180.605,29.109,61.129,0.3561160
1575,670.745,73.529,42.781,215.619,0.0117660
1575,635.607,74.818,60.006,224.456,0.0068070
1575,676.931,112.235,30.215,132.230,0.0057090
1575,164.422,175.665,48.403,91.395,0.7466500
1575,45.175,182.389,34.331,66.530,0.3880350
1575,250.895,150.572,68.156,154.690,0.8141510
1575,224.059,156.449,63.746,132.737,0.0086320
1575,389.392,211.358,29.557,74.902,0.0079880
1575,188.553,189.650,24.288,60.705,0.0077600
1600,50.833,184.430,24.213,57.680,0.0217690
1600,280.827,145.260,79.998,166.238,0.0191090
1600,269.083,172.313,56.733,105.870,0.0067920
1600,683.185,195.024,25.250,117.776,0.0749090
1600,615.610,245.130,35.520,74.474,0.0327920
1600,654.563,204.058,37.414,108.875,0.0131580
1600,50.833,184.430,24.213,57.680,0.0206000
1600,186.447,177.253,42.980,94.028,0.7884310
1600,278.812,137.566,81.820,197.905,0.6563350
1600,245.634,151.887,90.975,152.266,0.0641970
1600,269.083,172.313,56.733,105.870,0.0150540
1600,228.693,199.130,21.363,45.240,0.0092580
1600,303.701,261.219,20.776,43.182,0.0080200
1600,276.450,203.505,21.769,39.174,0.0079310
1600,205.168,194.352,19.342,47.294,0.0061260
1625,4.485,163.218,26.035,95.093,0.0586430
1625,170.608,174.201,37.340,84.125,0.2147810
1625,268.474,106.611,91.196,241.715,0.3816350
1625,197.514,192.312,23.409,57.071,0.0211080
1625,265.942,154.846,47.423,124.741,0.0078660
1625,266.269,200.080,21.531,36.811,0.0069080
1625,544.158,185.549,23.143,52.156,0.0611710
1625,297.851,136.547,59.361,165.325,0.0356230
1625,481.639,138.662,62.488,229.510,0.0120510
1625,529.315,115.486,50.301,268.812,0.0098840
1625,545.187,173.000,18.244,33.692,0.0086350
1625,503.709,172.198,17.253,31.335,0.0073320
1625,320.206,195.219,20.158,35.784,0.0070820
1625,555.599,116.291,59.683,279.341,0.0052690
1625,507.210,191.561,19.967,37.015,0.0052480
1625,4.485,163.218,26.035,95.093,0.2692810
1625,177.779,168.173,41.371,93.904,0.6957770
1625,253.819,92.318,90.050,262.193,0.3454190
1625,197.514,192.312,23.409,57.071,0.0471590
1625,265.942,154.846,47.423,124.741,0.0160950
1625,266.269,200.080,21.531,36.811,0.0115230
1625,168.927,183.714,28.854,71.621,0.0111200
1650,112.006,160.105,37.936,87.947,0.3998850
1650,191.105,132.266,102.938,221.464,0.0404850
1650,232.991,175.136,41.347,139.086,0.0087090
1650,170.160,20.372,98.861,407.520,0.2349310
1650,246.494,192.119,18.402,43.284,0.0098240
1650,150.519,181.563,19.114,52.389,0.0857110
1650,127.478,178.024,20.778,51.960,0.0540110
1650,99.717,149.785,58.981,128.702,0.0055930
1650,28.808,197.549,15.199,47.813,0.0804760
1650,513.217,104.965,73.424,297.543,0.0509230
1650,451.994,60.477,51.657,380.286,0.0384480
1650,142.479,149.948,31.475,103.898,0.0378210
1650,489.129,109.494,60.761,287.158,0.0350180
1650,406.446,125.173,64.319,253.703,0.0195630
1650,183.505,136.057,53.324,146.744,0.0157560
1650,329.900,141.425,65.182,229.921,0.0157440
1650,541.065,129.237,84.523,242.069,0.0125470
1650,367.449,105.909,68.445,300.649,0.0097330
1650,426.344,170.568,18.286,37.917,0.0097080
1650,461.840,164.841,21.904,46.174,0.0084880
1650,92.532,181.011,31.676,63.648,0.0074620
1650,300.065,98.920,57.757,307.725,0.0072970
1650,26.308,215.660,15.627,42.586,0.0060660
1650,112.006,160.105,37.936,87.947,0.2720550
1650,191.105,132.266,102.938,221.464,0.0117040
1650,170.160,20.372,98.861,407.520,0.3179300
1650,246.494,192.119,18.402,43.284,0.0388850
1650,150.519,181.563,19.114,52.389,0.0355810
1650,127.478,178.024,20.778,51.960,0.0131720
1650,99.717,149.785,58.981,128.702,0.0097410
1675,274.382,192.245,17.760,43.407,0.0365930
1675,188.518,29.802,115.474,390.162,0.3366740
1675,164.056,185.144,22.308,53.846,0.0298640
1675,22.277,216.418,16.320,56.575,0.1047910
1675,16.050,197.729,28.183,93.356,0.0151910
1675,268.081,174.825,29.109,83.680,0.0113900
1675,242.906,133.663,64.737,185.146,0.0069070
1675,23.821,198.515,16.405,54.079,0.0060140
1675,222.282,143.878,55.403,129.257,0.0058960
1675,274.382,192.245,17.760,43.407,0.2294140
1675,153.772,165.700,40.136,86.635,0.7625370
1675,188.518,29.802,115.474,390.162,0.1370430
1675,164.056,185.144,22.308,53.846,0.0567730
1675,189.594,193.005,17.084,35.267,0.0161410
1675,142.584,132.132,63.139,179.629,0.0086150
1675,2.000,2.000,384.372,576.000,0.0052850
1700,263.367,37.183,105.341,450.519,0.1208650
1700,243.939,128.994,94.677,246.697,0.0207540
1700,88.441,234.465,27.061,82.258,0.0518400
1700,17.450,234.745,26.724,118.844,0.0529530
1700,322.062,341.094,22.041,43.174,0.0317890
1700,17.598,276.661,18.294,76.650,0.0243950
1700,663.469,207.952,28.446,98.642,0.0119000
1700,300.836,146.357,53.768,146.369,0.0065420
1700,227.454,177.605,53.923,190.874,0.0063050
1700,224.847,207.944,41.734,92.870,0.7827180
1700,263.367,37.183,105.341,450.519,0.2404990
1700,94.526,231.209,23.298,63.295,0.1200560
1700,341.019,235.628,18.217,37.271,0.0628640
1700,240.690,222.198,22.842,57.627,0.0413400
1700,243.939,128.994,94.677,246.697,0.0352660
1700,277.845,114.358,81.606,230.635,0.0203230
1700,477.207,227.611,18.676,39.935,0.0084670
1700,340.870,249.848,19.011,47.702,0.0050830
1725,379.364,352.211,23.475,42.603,0.3056360
1725,309.788,99.473,89.029,322.511,0.0425010
1725,86.204,220.584,30.767,112.679,0.0271960
1725,309.788,99.473,89.029,322.511,0.3896750
1725,243.386,226.075,17.127,38.711,0.1002760
1725,87.825,215.873,33.940,94.147,0.0771730
1725,545.461,230.488,17.331,36.307,0.0092540
1725,335.171,193.329,45.150,124.664,0.0083110
1725,286.878,131.363,95.228,195.460,0.0057850
1725,301.894,183.694,45.413,141.345,0.0050920
1750,423.262,221.313,19.357,39.765,0.1326990
1750,313.275,131.366,105.620,290.848,0.6277430
1750,389.096,119.316,83.906,326.753,0.0686010
1750,434.261,171.613,70.197,224.544,0.0343510
1750,416.765,206.578,34.395,90.146,0.0155680
1750,479.986,181.208,61.309,218.451,0.0086290
1750,322.769,303.241,64.409,99.644,0.0067550
1750,409.013,209.747,54.524,132.079,0.0054490
1750,423.262,221.313,19.357,39.765,0.1703150
1750,315.976,80.322,106.042,367.728,0.6477880
1750,267.102,215.916,19.795,48.597,0.2290800
1750,314.191,230.782,21.018,40.323,0.0114190
1750,300.916,89.763,69.541,336.559,0.0071810
1750,3.437,4.200,16.244,25.584,0.0064220
1750,429.239,83.022,74.168,364.318,0.0062040
1750,311.692,207.983,38.012,94.006,0.0060490
1775,397.551,333.553,24.319,40.807,0.0069550
1775,347.771,116.350,93.210,279.329,0.1087750
1775,392.945,154.491,68.080,210.532,0.0071750
1775,582.472,177.052,15.219,26.522,0.0403650
1775,372.023,148.045,63.365,150.885,0.0123890
1775,116.185,152.537,115.672,208.616,0.0107840
1775,156.942,205.479,48.497,95.339,0.0074720
1775,584.423,187.821,16.311,39.255,0.0052790
1775,383.872,135.483,41.625,109.964,0.0050230
1775,347.771,116.350,93.210,279.329,0.7251730
1775,285.252,214.946,22.130,47.092,0.0378720
1775,461.777,210.242,15.035,29.313,0.0246050
1775,336.542,125.812,72.220,208.604,0.0204630
1775,392.945,154.491,68.080,210.532,0.0057710
1800,423.525,206.275,29.709,56.651,0.0365220
1800,408.829,321.812,29.317,53.782,0.0094020
1800,613.791,169.563,14.685,25.121,0.0073560
1800,350.869,119.302,86.641,246.570,0.1149140
1800,300.644,203.121,20.438,45.896,0.1016570
1800,407.891,74.623,132.550,363.753,0.0083470
1800,364.908,152.196,69.204,130.080,0.0110960
1800,426.021,202.918,28.401,54.905,0.4921510
1800,350.869,119.302,86.641,246.570,0.2901950
1800,300.644,203.121,20.438,45.896,0.1787070
1800,407.891,74.623,132.550,363.753,0.0057020
1825,442.729,194.116,45.627,92.742,0.0074960
1825,349.559,108.036,95.725,282.409,0.5109880
1825,2.000,2.000,121.283,455.084,0.0139900
1825,439.838,100.913,67.755,308.609,0.0139660
1825,2.000,278.398,128.544,299.602,0.0174780
1825,3.308,214.618,185.715,308.336,0.0147170
1825,368.838,143.110,68.856,166.036,0.0283150
1825,341.816,121.253,59.561,218.876,0.0083140
1825,18.482,327.754,141.996,237.184,0.0071960
1825,349.041,170.616,38.049,145.059,0.0053880
1825,351.260,221.577,18.275,41.641,0.0052310
1825,303.125,129.568,59.268,247.313,0.0052200
1825,660.540,155.230,18.795,38.045,0.0051730
1825,351.450,204.961,18.572,42.346,0.0051250
1825,432.405,219.997,18.735,41.280,0.0233930
1825,442.729,194.116,45.627,92.742,0.6002660
1825,349.559,108.036,95.725,282.409,0.3602580
1825,456.953,209.990,24.653,57.031,0.0871990
1825,2.000,2.000,128.060,386.585,0.0552730
1825,439.838,100.913,67.755,308.609,0.0239330
1825,2.000,313.217,122.401,258.155,0.0109030
1825,3.308,214.618,185.715,308.336,0.0054220
1850,496.873,218.765,22.986,55.415,0.0425130
1850,461.887,205.742,28.499,67.156,0.0125760
1850,360.565,131.304,92.293,255.217,0.7682320
1850,208.891,61.643,126.256,384.472,0.0164050
1850,479.435,202.014,45.486,97.530,0.2154230
1850,479.855,149.712,67.569,222.320,0.0419440
1850,324.399,135.810,86.081,252.781,0.0297100
1850,258.237,105.834,104.842,310.578,0.0194650
1850,401.533,176.465,52.925,129.418,0.0157310
1850,300.531,215.530,42.248,132.116,0.0152600
1850,380.226,189.934,95.204,166.058,0.0074020
1850,453.099,176.957,42.843,169.127,0.0073520
1850,461.887,205.742,28.499,67.156,0.3287540
1850,360.565,131.304,92.293,255.217,0.0293760
1850,208.283,59.672,108.702,376.299,0.8241190
1850,114.602,230.611,23.365,38.488,0.0363220
1850,92.481,229.199,23.884,40.792,0.0314650
1850,308.367,224.814,22.434,45.247,0.0249560
1850,219.930,162.535,60.405,178.758,0.0171570
1850,314.328,207.570,21.378,40.134,0.0062330
1875,485.486,197.390,35.582,80.075,0.0782330
1875,531.570,206.888,17.896,40.478,0.0435200
1875,410.009,150.770,55.942,148.067,0.1934580
1875,382.770,129.463,110.760,202.108,0.0534550
1875,361.205,170.549,71.247,170.266,0.0104120
1875,489.334,171.930,60.105,151.994,0.0254540
1875,524.408,186.411,37.619,103.831,0.0179640
1875,516.708,77.990,73.861,351.571,0.0173720
1875,451.204,291.739,22.273,51.444,0.2042440
1875,489.172,203.919,26.077,52.870,0.1164580
1875,11.684,125.423,33.356,114.400,0.0065730
1875,444.249,292.864,20.395,45.718,0.0989850
1875,396.716,155.449,85.729,187.358,0.7829020
1875,195.123,300.061,17.228,34.334,0.0073600
1875,460.461,187.048,34.521,109.364,0.0063360
1875,305.296,126.460,81.853,243.589,0.8127230
1875,263.705,120.891,165.374,303.428,0.1930560
1875,361.205,170.549,71.247,170.266,0.0297570
1875,301.950,168.232,57.915,160.716,0.0089900
1875,309.922,246.739,20.354,57.856,0.0079210
1875,391.241,220.740,20.546,43.427,0.0050030
1900,511.129,204.104,25.133,54.888,0.5088510
1900,498.857,193.733,32.601,73.241,0.1484750
1900,428.265,164.694,76.657,163.305,0.7591380
1900,236.240,228.201,30.375,51.041,0.0233970
1900,343.784,147.803,79.459,197.714,0.1885170
1900,229.024,227.047,25.042,46.249,0.0217600
1900,419.514,173.929,37.705,107.359,0.0232770
1900,409.658,155.941,55.513,167.458,0.0177660
1900,500.835,86.879,110.766,339.815,0.0173270
1900,485.136,187.629,52.241,125.213,0.0094580
1900,425.731,196.429,19.136,45.892,0.0079980
1900,11.037,121.173,33.498,126.017,0.0073360
1900,355.475,223.309,20.238,45.851,0.0071840
1900,17.168,80.896,75.710,280.614,0.0057160
1900,616.567,202.205,17.120,36.229,0.0050070
1900,435.402,158.167,60.658,167.000,0.1022870
1900,452.530,293.395,18.379,41.392,0.0233630
1900,511.129,204.104,25.133,54.888,0.1674630
1900,498.857,193.733,32.601,73.241,0.0138130
1900,329.234,137.397,79.664,218.032,0.8686210
1900,229.024,227.047,25.042,46.249,0.0374560
1900,384.128,215.158,21.340,48.975,0.0169880
1900,348.027,195.206,47.782,154.560,0.0156080
1900,391.315,203.185,19.354,46.971,0.0086360
1900,445.694,293.139,16.987,41.042,0.0059440
1925,451.908,156.737,59.030,142.891,0.1597040
1925,507.189,201.649,26.503,56.035,0.1029200
1925,493.668,190.804,36.811,74.091,0.0245040
1925,379.681,151.950,63.845,154.445,0.0928800
1925,278.190,195.351,22.699,48.264,0.0876950
1925,388.817,197.840,23.029,51.188,0.0203000
1925,422.858,211.890,21.777,59.859,0.0169760
1925,550.322,116.084,75.614,281.749,0.0056700
1925,272.881,191.095,28.859,95.496,0.0053790
1925,422.289,145.600,90.305,184.551,0.5126370
1925,507.189,201.649,26.503,56.035,0.1712020
1925,493.668,190.804,36.811,74.091,0.0175410
1925,384.833,144.455,90.006,185.450,0.6318970
1925,278.190,195.351,22.699,48.264,0.0535920
1925,361.473,217.207,22.700,42.945,0.0062940
1950,245.229,188.765,24.695,56.670,0.2228560
1950,504.930,204.405,23.074,42.287,0.0364060
1950,439.634,156.112,74.679,138.890,0.0148410
1950,489.168,185.452,36.757,80.945,0.0111520
1950,542.438,206.469,19.285,34.116,0.0376960
1950,242.167,185.848,34.644,100.471,0.0363200
1950,120.996,134.246,16.800,32.668,0.0246230
1950,98.308,129.801,16.394,39.224,0.0186650
1950,129.800,148.472,87.213,203.351,0.0072550
1950,424.886,205.137,19.697,36.093,0.0066390
1950,247.952,206.431,25.580,58.957,0.0066190
1950,550.453,147.634,76.520,216.064,0.0060600
1950,74.069,97.355,53.510,255.614,0.0057930
1950,97.799,134.609,87.807,229.148,0.0052570
1950,487.708,290.908,22.561,41.304,0.0474750
1950,433.586,163.876,83.903,152.242,0.6382970
1950,247.821,187.578,27.456,67.286,0.0827570
1950,504.930,204.405,23.074,42.287,0.4014240
1950,489.168,185.452,36.757,80.945,0.0714730
1950,542.438,206.469,19.285,34.116,0.0207980
1950,475.787,136.779,55.654,186.934,0.0118860
1950,260.147,194.435,22.314,43.995,0.0071510
1950,429.777,215.977,19.019,43.792,0.0055830
1950,487.838,264.432,24.408,54.861,0.0053030
1975,564.908,206.430,20.719,33.919,0.0107670
1975,486.115,153.432,70.623,151.332,0.1935960
1975,541.974,207.547,24.042,41.406,0.0053400
1975,535.798,215.023,21.324,46.748,0.0097360
1975,165.334,2.000,152.252,447.776,0.0275100
1975,516.180,183.908,47.428,111.448,0.1051170
1975,250.166,338.623,53.463,125.364,0.0253390
1975,178.111,2.000,75.306,226.324,0.0231050
1975,238.793,222.961,77.196,289.158,0.0155990
1975,131.572,2.000,166.089,301.505,0.0111700
1975,586.053,150.816,85.462,199.055,0.0106310
1975,657.780,175.948,33.765,91.755,0.0067570
1975,681.642,171.259,29.588,103.219,0.0063380
1975,564.908,206.430,20.719,33.919,0.0664960
1975,464.966,163.686,107.529,156.610,0.5578090
1975,541.974,207.547,24.042,41.406,0.0233430
1975,535.798,215.023,21.324,46.748,0.0223000
1975,509.795,190.708,55.535,113.436,0.0217360
1975,127.069,185.273,97.629,359.879,0.0156360
1975,165.334,2.000,152.252,447.776,0.0143500
1975,127.116,310.851,147.263,173.707,0.0103470
2000,408.175,27.844,122.308,400.599,0.0180160
2000,547.815,155.622,64.999,188.224,0.7261150
2000,530.439,176.194,53.455,144.885,0.1321370
2000,445.511,93.074,47.875,88.245,0.0074230
2000,440.975,161.724,130.412,191.594,0.0067910
2000,608.512,207.396,17.945,32.288,0.1541860
2000,405.995,92.886,125.592,385.328,0.4932350
2000,406.418,146.412,94.899,216.091,0.0264470
2000,547.815,155.622,64.999,188.224,0.0131190
2000,446.740,244.673,63.804,148.385,0.0080900
2000,422.549,257.943,48.012,124.278,0.0066400
2025,589.024,153.254,57.821,140.970,0.2875310
2025,575.916,144.775,89.087,212.535,0.1401760
2025,438.932,115.637,104.712,248.464,0.0376480
2025,544.056,166.288,38.057,126.606,0.0524310
2025,509.357,147.779,69.602,184.723,0.0109750
2025,562.815,154.833,51.176,139.901,0.3089330
2025,470.661,215.888,18.800,47.539,0.0099800
2025,74.499,6.020,126.654,350.923,0.0098150
2025,465.515,202.370,18.857,44.722,0.0072540
2025,564.038,162.171,62.015,158.344,0.1031590
2025,589.024,153.254,57.821,140.970,0.0161230
2025,575.916,144.775,89.087,212.535,0.1074190
2025,452.342,117.048,114.158,246.099,0.8971220
2025,544.056,166.288,38.057,126.606,0.0624330
2025,509.357,147.779,69.602,184.723,0.0483220
2025,39.343,210.470,134.578,234.917,0.0258600
2025,112.335,2.000,111.320,445.795,0.0184870
2025,551.590,192.187,20.305,54.702,0.0107260
2025,482.824,141.461,60.238,210.945,0.0063850
2025,150.716,89.171,102.774,270.657,0.0056850
2025,53.355,161.236,16.653,28.788,0.0056330
2050,42.012,124.979,84.253,219.614,0.1652120
2050,460.263,120.235,54.924,217.196,0.1278250
2050,587.445,141.586,60.019,210.121,0.0789890
2050,462.325,160.516,80.822,133.617,0.0463900
2050,560.533,138.338,69.622,180.337,0.3767820
2050,640.073,192.404,51.796,98.663,0.0080060
2050,452.374,138.877,69.282,195.144,0.6209750
2050,560.711,125.224,73.187,224.462,0.3475740
2050,537.718,169.836,44.907,119.001,0.7139550
2050,41.591,122.496,82.220,196.378,0.7006230
2050,541.593,189.779,26.235,65.604,0.0158930
2050,589.659,172.316,60.422,134.032,0.0427400
2050,44.614,134.109,59.544,118.857,0.0177750
2075,11.916,164.976,34.559,111.358,0.0055100
2075,563.425,178.878,51.340,122.948,0.0426000
2075,460.153,206.904,18.101,37.417,0.0059050
2075,603.599,148.258,67.908,163.724,0.1858900
2075,503.978,147.292,48.951,166.796,0.0805530
2075,521.938,169.427,49.074,123.800,0.0438840
2075,629.748,176.782,55.138,126.173,0.1430170
2075,15.606,2.000,32.232,300.188,0.0050640
2075,591.374,122.902,76.795,239.216,0.6605830
2075,460.153,206.904,18.101,37.417,0.0068720
2075,628.232,159.448,51.588,183.053,0.0212560
2075,556.454,171.710,50.320,131.296,0.6939810
2075,496.156,167.840,63.794,157.971,0.6303570
2075,458.889,219.693,17.285,34.237,0.0160260
2075,535.943,212.593,21.897,63.129,0.0113350
2075,569.578,206.315,22.873,64.578,0.0100140
2075,521.938,169.427,49.074,123.800,0.0084970
2075,575.856,178.382,48.312,108.634,0.0062470
2075,318.117,113.179,378.231,285.837,0.0056600
2100,679.627,293.101,19.638,46.879,0.0094630
2100,688.790,200.817,20.092,50.101,0.0050260
2100,636.675,161.826,60.668,136.891,0.0796480
2100,564.326,159.031,54.862,146.475,0.0585600
2100,673.574,169.053,37.634,139.443,0.0103440
2100,12.220,2.000,35.211,305.796,0.0087360
2100,667.907,125.913,46.685,253.851,0.0050120
2100,679.627,293.101,19.638,46.879,0.0803980
2100,629.929,151.994,65.010,190.658,0.8055210
2100,566.167,161.550,61.608,169.175,0.7852030
2100,463.354,220.222,18.340,31.403,0.1903180
2100,596.330,146.679,63.312,202.140,0.0661740
2100,671.792,295.551,17.531,43.678,0.0486820
2100,611.020,223.111,17.718,37.329,0.0210690
2100,548.090,225.382,16.007,28.540,0.0170600
2125,550.755,204.961,25.137,77.465,0.0902610
2125,627.265,158.215,72.445,194.483,0.5708510
2125,566.853,182.233,44.496,130.512,0.0353630
2125,592.050,159.327,65.081,192.126,0.1517990
2125,566.105,218.654,21.132,56.162,0.0146110
2125,669.411,132.116,40.787,259.004,0.0099220
2125,678.453,181.711,34.902,123.614,0.0061120
2125,550.755,204.961,25.137,77.465,0.0796210
2125,627.265,158.215,72.445,194.483,0.1928740
2125,566.853,182.233,44.496,130.512,0.6777810
2125,546.753,215.775,23.126,48.576,0.6534980
2125,592.050,159.327,65.081,192.126,0.2841270
2125,566.105,218.654,21.132,56.162,0.2624840
2125,542.211,211.624,20.686,42.602,0.0318470
2125,424.574,222.000,18.234,31.272,0.0288740
2125,620.419,225.398,18.903,38.639,0.0067760
2150,683.052,203.403,23.979,107.051,0.0623650
2150,588.689,186.888,59.693,140.580,0.0204380
2150,404.403,218.260,19.766,37.004,0.0081800
2150,445.031,2.000,202.167,576.000,0.0063770
2150,683.545,151.695,29.970,269.168,0.0114560
2150,121.773,2.000,104.304,356.746,0.0086170
2150,529.657,197.892,36.857,94.047,0.6025610
2150,404.403,218.260,19.766,37.004,0.5060040
2150,596.021,179.819,47.138,144.893,0.8247420
2150,516.495,230.184,19.142,32.181,0.0171410
2150,539.920,220.728,19.111,43.451,0.0119160
2150,584.969,229.949,19.849,38.810,0.0101110
2150,445.031,2.000,202.167,576.000,0.0091720
2175,407.080,210.440,19.565,38.641,0.0294780
2175,627.397,182.362,43.608,129.473,0.0071990
2175,537.169,197.429,34.784,85.029,0.6575980
2175,541.582,218.882,19.770,43.536,0.0500730
2175,615.359,176.085,57.747,139.650,0.8372830
2175,405.399,214.668,21.039,40.776,0.4268040
2175,521.061,186.986,57.640,120.475,0.0134270
2175,453.987,2.000,181.306,576.000,0.0102190
2175,633.677,184.694,36.046,94.044,0.0099320
2175,650.832,228.590,17.814,47.408,0.0074810
2175,628.779,223.622,32.133,96.579,0.0066480
2175,284.269,67.572,437.731,385.910,0.0065070
2200,386.541,200.819,18.673,40.244,0.0901180
2200,606.436,154.135,47.593,154.831,0.0855240
2200,386.541,200.819,18.673,40.244,0.0764800
2200,518.944,185.317,39.798,91.782,0.8472030
2200,608.173,165.992,52.151,152.166,0.8129770
2200,512.631,216.846,20.821,39.599,0.0229080
2200,531.521,208.773,21.531,56.152,0.0133750
2200,337.008,61.569,384.992,314.974,0.0055480
2200,584.014,220.233,18.452,42.334,0.0054870
2225,336.048,202.420,20.665,39.602,0.0414010
2225,327.172,193.303,20.322,43.287,0.0126770
2225,468.938,207.567,24.802,42.946,0.4926400
2225,464.956,200.770,42.331,60.064,0.0185940
2225,336.048,202.420,20.665,39.602,0.3548340
2225,559.778,171.307,51.070,134.609,0.8357510
2225,490.149,187.883,38.159,86.843,0.7789300
2225,499.904,201.146,23.543,50.450,0.0489030
2225,157.476,51.027,564.524,411.192,0.0114070
2225,394.241,204.034,19.250,32.248,0.0059450
2250,287.701,207.590,22.369,43.171,0.0313170
2250,419.921,211.279,25.718,51.555,0.7823590
2250,352.857,212.909,22.207,31.981,0.0057220
2250,360.392,222.257,20.510,27.824,0.0072590
2250,530.792,189.215,45.034,118.722,0.8286040
2250,459.195,199.466,39.275,78.367,0.7735030
2250,287.701,207.590,22.369,43.171,0.6847090
2250,462.629,216.897,21.242,46.466,0.0951590
2250,274.336,199.674,32.936,57.599,0.0173560
2250,536.201,218.731,20.264,55.869,0.0052560
2275,253.604,209.289,20.805,39.825,0.0309580
2275,678.615,192.493,26.057,112.554,0.0098120
2275,434.353,220.087,18.028,39.148,0.0614910
2275,13.604,67.802,33.803,138.654,0.0107780
2275,390.225,215.653,22.036,42.860,0.5725420
2275,348.176,224.173,16.963,24.046,0.0067870
2275,318.769,213.879,25.542,30.366,0.0177000
2275,444.633,195.916,39.755,86.325,0.8865450
2275,500.871,186.973,50.337,123.702,0.7376860
2275,253.604,209.289,20.805,39.825,0.4225210
2275,457.210,212.003,23.831,57.820,0.0308770
2275,262.520,205.468,22.794,34.944,0.0228420
2275,2.000,2.000,58.896,298.798,0.0130360
2275,263.117,217.470,22.889,36.859,0.0104310
2275,430.729,206.062,36.399,68.382,0.0067320
2300,652.155,242.472,36.991,75.270,0.0183170
2300,683.318,252.075,21.196,58.491,0.0103830
2300,11.188,2.000,45.366,254.903,0.0079700
2300,250.774,204.329,16.431,35.638,0.0051050
2300,323.137,225.756,20.041,28.149,0.0071510
2300,364.923,226.377,16.888,28.292,0.0930980
2300,388.436,216.273,29.988,67.213,0.1090010
2300,423.416,204.182,39.251,85.619,0.8413200
2300,380.174,219.129,22.683,48.092,0.7052030
2300,489.817,195.378,44.082,124.035,0.8166430
2300,426.873,220.116,20.496,47.430,0.0339880
2300,479.998,179.290,73.263,189.011,0.0067090
2300,387.599,214.026,16.420,37.666,0.0066030
2300,2.000,2.000,107.582,295.245,0.0062290
2300,333.833,40.825,346.934,438.513,0.0057920
2300,284.854,2.000,290.737,576.000,0.0056140
2300,502.786,225.637,17.100,50.252,0.0053330
2325,237.227,206.658,17.959,34.577,0.0238440
2325,372.006,209.272,24.986,52.972,0.0614430
2325,379.065,202.173,26.028,67.084,0.0310020
2325,464.919,177.045,55.153,132.152,0.1057040
2325,211.614,203.801,16.868,40.767,0.0091280
2325,309.887,215.704,17.763,27.969,0.0596240
2325,237.227,206.658,17.959,34.577,0.0383340
2325,373.861,204.015,24.590,55.937,0.4244770
2325,368.265,219.691,18.819,32.610,0.1103700
2325,471.009,175.063,54.794,144.799,0.8529030
2325,405.744,187.794,42.322,97.211,0.8113560
2325,422.861,209.522,22.648,60.082,0.0702560
2325,211.614,203.801,16.868,40.767,0.0327490
2325,362.227,214.632,18.715,33.494,0.0274500
2325,243.019,218.222,19.117,33.394,0.0144890
2325,274.993,211.281,19.069,30.444,0.0066200
2325,470.209,210.678,23.925,65.587,0.0064020
2325,399.315,173.192,80.338,116.675,0.0063550
2350,377.858,208.162,18.907,43.852,0.1950470
2350,365.587,211.546,22.074,47.668,0.0520540
2350,356.236,189.536,36.350,81.612,0.0104460
2350,379.829,198.603,34.209,75.232,0.0361320
2350,451.130,157.149,57.081,147.584,0.0359200
2350,189.092,194.335,22.808,52.979,0.5095180
2350,175.113,193.768,25.148,53.852,0.0338400
2350,230.019,193.142,19.195,42.081,0.0184170
2350,184.091,190.169,33.008,59.535,0.0758560
2350,377.858,208.162,18.907,43.852,0.0182060
2350,365.587,211.546,22.074,47.668,0.0659430
2350,356.236,189.536,36.350,81.612,0.0209160
2350,310.048,212.750,19.475,26.599,0.0365700
2350,377.849,192.991,37.345,76.396,0.0144930
2350,401.903,177.182,49.058,119.536,0.8415570
2350,450.066,165.647,57.895,155.318,0.7755420
2350,421.582,211.485,20.648,56.030,0.0100890
2350,490.779,187.786,30.282,127.342,0.0095650
2350,287.370,205.365,20.792,31.493,0.0053370
2350,310.156,221.881,14.685,24.919,0.0051670
2375,376.690,197.252,25.486,75.513,0.2179190
2375,425.525,181.511,39.956,109.216,0.0380050
2375,475.850,157.489,56.141,148.572,0.0265100
2375,453.746,148.986,58.953,187.087,0.0052010
2375,460.030,187.625,40.430,114.583,0.0270430
2375,167.666,188.162,28.295,64.325,0.7261410
2375,656.681,172.794,30.905,80.076,0.0338530
2375,380.531,201.158,26.136,59.757,0.3454640
2375,425.525,181.511,39.956,109.216,0.7270640
2375,469.483,155.304,61.434,182.772,0.7976380
2375,430.621,210.899,21.460,56.283,0.0470800
2375,460.030,187.625,40.430,114.583,0.0382770
2375,465.198,217.410,20.271,49.265,0.0137340
2375,311.068,211.868,19.736,30.016,0.0137230
2375,187.673,143.778,534.327,229.752,0.0056180
2375,484.538,204.643,37.180,136.002,0.0051070
2400,513.844,118.836,73.994,218.293,0.0125850
2400,158.319,177.690,32.469,76.671,0.7865970
2400,194.291,191.473,19.217,51.268,0.0695800
2400,189.003,181.216,29.777,74.255,0.0103440
2400,232.866,199.168,15.689,40.119,0.0087060
2400,327.918,208.826,18.808,32.753,0.2842400
2400,512.422,140.561,78.400,192.483,0.7105080
2400,394.572,196.154,32.322,64.690,0.0144060
2400,455.122,161.274,56.549,135.122,0.8726980
2400,411.919,193.380,30.850,71.559,0.7116930
2400,388.991,210.253,20.045,35.560,0.0542090
2400,341.590,211.339,19.810,27.683,0.0263560
2425,433.174,202.900,33.526,70.076,0.0144090
2425,430.070,211.100,25.044,52.403,0.0101580
2425,500.199,175.112,52.450,130.115,0.1295870
2425,579.173,130.600,87.312,193.970,0.0854410
2425,2.000,2.000,109.711,286.394,0.0207940
2425,133.907,180.009,34.666,84.054,0.3003300
2425,493.554,199.825,20.243,50.597,0.1151750
2425,227.037,176.010,37.571,88.320,0.0262340
2425,231.421,185.593,20.197,52.761,0.0157800
2425,501.718,214.532,20.655,53.441,0.0102920
2425,148.112,188.356,21.362,67.021,0.0092410
2425,14.913,2.000,41.315,277.516,0.0078950
2425,576.586,167.158,45.454,150.842,0.0059120
2425,573.151,130.093,91.666,220.676,0.8692940
2425,512.439,176.644,50.493,131.261,0.8715400
2425,433.174,202.900,33.526,70.076,0.7672880
2425,430.070,211.100,25.044,52.403,0.4676530
2425,497.115,177.437,43.990,108.862,0.0619720
2425,349.218,220.774,21.769,30.233,0.0505360
2425,387.494,222.329,19.223,27.228,0.0433440
2425,602.761,215.675,45.167,124.739,0.0149630
2425,2.000,2.000,109.711,286.394,0.0091090
2425,539.577,219.761,20.756,54.707,0.0086690
2425,85.439,58.398,636.561,398.352,0.0062590
2425,418.734,169.440,45.138,159.022,0.0053180
2450,110.480,187.810,43.464,105.317,0.0496140
2450,69.064,185.990,47.113,114.928,0.7628120
2450,420.630,241.044,19.228,41.390,0.0074650
2450,648.034,174.459,56.335,186.771,0.5975580
2450,227.239,234.773,22.609,35.736,0.0128720
2450,512.414,224.027,20.972,54.806,0.0688320
2450,500.907,203.227,34.703,87.711,0.0588170
2450,209.669,194.623,18.776,49.644,0.0097640
2450,602.598,198.308,41.592,110.830,0.0096620
2450,544.172,203.783,39.367,113.904,0.0080360
2450,442.990,219.612,36.106,77.937,0.8153500
2450,348.291,242.003,19.661,31.626,0.1349750
2450,550.741,181.503,66.781,167.235,0.8920790
2450,420.630,241.044,19.228,41.390,0.1523620
2450,650.089,171.002,57.341,206.631,0.1012990
2450,396.898,245.898,17.563,29.920,0.0173110
2450,227.239,234.773,22.609,35.736,0.0103330
2450,337.061,229.059,33.195,59.325,0.0070080
2450,254.720,33.434,467.280,520.529,0.0063910
2450,2.000,2.000,99.755,288.759,0.0057360
2475,115.457,150.018,29.028,74.950,0.0159250
2475,483.604,184.685,31.226,79.146,0.0534900
2475,468.334,194.286,38.354,80.634,0.0062860
2475,564.772,147.301,47.724,142.660,0.0155080
2475,525.537,110.529,71.542,220.815,0.0173010
2475,545.011,150.358,40.424,114.757,0.5141210
2475,565.128,185.677,23.175,69.940,0.0649420
2475,549.860,178.289,23.443,78.439,0.0148940
2475,483.604,184.685,31.226,79.146,0.1581570
2475,467.585,186.856,39.615,87.404,0.8254230
2475,624.748,154.092,71.054,165.881,0.8105370
2475,350.778,212.075,20.138,36.778,0.2926050
2475,472.974,201.689,20.707,49.726,0.0328310
2475,436.522,219.647,18.678,30.000,0.0288390
2475,387.358,216.021,17.051,27.179,0.0232160
2475,564.772,147.301,47.724,142.660,0.0175750
2475,525.537,110.529,71.542,220.815,0.0105760
2475,113.643,133.477,608.357,249.835,0.0088590
2475,620.926,204.302,24.507,68.803,0.0050850
2500,659.770,156.105,43.721,145.117,0.1025810
2500,466.622,205.693,17.145,35.227,0.0898520
2500,582.498,170.988,36.769,80.020,0.4853680
2500,346.283,209.608,22.160,34.569,0.0058120
2500,504.301,199.665,18.481,49.574,0.0090230
2500,221.704,210.532,25.338,49.937,0.3419000
2500,584.066,182.627,21.957,59.324,0.3381820
2500,602.902,159.299,38.507,113.506,0.0088470
2500,87.012,2.000,163.870,423.758,0.0079950
2500,563.629,99.217,61.983,240.375,0.0055510
2500,670.292,153.240,41.895,181.311,0.5245440
2500,466.622,205.693,17.145,35.227,0.0055090
2500,346.283,209.608,22.160,34.569,0.1295770
2500,484.085,178.793,41.888,99.626,0.8310500
2500,430.872,212.444,17.821,31.637,0.1102130
2500,423.637,194.109,33.455,60.164,0.0150370
2500,221.506,205.184,26.155,52.115,0.0143940
2500,504.301,199.665,18.481,49.574,0.0126750
2500,387.774,213.761,17.024,26.287,0.0076880
2500,288.465,2.000,433.535,533.636,0.0050810
2525,487.894,188.562,40.796,97.314,0.2476710
2525,454.281,207.034,17.464,41.197,0.0899960
2525,600.575,156.518,37.994,98.799,0.6389770
2525,595.374,109.191,56.207,211.881,0.0243820
2525,315.876,221.027,18.516,34.123,0.0111900
2525,480.139,152.100,59.561,188.703,0.0102520
2525,583.052,165.192,41.583,98.251,0.0971420
2525,612.490,176.432,22.744,74.713,0.0794710
2525,615.313,214.071,22.130,50.431,0.0330350
2525,586.630,181.897,24.346,66.227,0.0202830
2525,503.714,214.821,21.244,53.127,0.0190820
2525,110.910,2.000,111.975,358.854,0.0087990
2525,150.537,2.000,118.944,290.978,0.0086300
2525,469.341,219.138,16.590,38.346,0.0060880
2525,83.305,2.000,101.203,268.970,0.0054490
2525,485.456,178.856,43.044,107.183,0.6185560
2525,585.849,87.731,68.983,200.686,0.0055880
2525,419.150,223.744,16.958,37.262,0.6341590
2525,315.876,221.027,18.516,34.123,0.3227730
2525,421.130,214.553,26.746,58.278,0.0215990
2525,395.882,224.561,14.376,28.305,0.0188360
2525,434.600,211.446,18.641,41.230,0.0164430
2525,460.851,115.192,88.845,229.879,0.0149880
2525,348.900,224.072,16.264,27.936,0.0129540
2525,313.451,215.012,27.445,57.049,0.0125870
