25,644.777,160.276,23.640,62.498,0.0099420
25,682.567,175.555,22.609,62.669,0.7137360
25,139.514,156.490,42.924,90.235,0.0338050
25,321.918,169.645,28.596,61.508,0.0324990
25,339.254,171.619,25.592,60.173,0.2262030
25,387.165,174.165,23.903,58.232,0.3593570
25,414.989,181.236,20.165,45.972,0.2340380
25,689.773,163.990,18.638,60.886,0.0639780
25,226.419,60.034,42.953,319.817,0.0101390
25,679.478,174.691,29.844,65.300,0.0104700
25,629.339,189.923,23.235,52.317,0.0766880
25,635.839,166.840,40.056,81.705,0.5248290
25,632.122,208.464,20.701,53.032,0.0076310
25,139.514,156.490,42.924,90.235,0.4036040
25,321.918,169.645,28.596,61.508,0.3194380
25,338.218,165.297,29.212,72.611,0.4428360
25,381.102,170.120,25.785,66.289,0.0459430
25,156.450,176.050,22.448,55.044,0.0093600
25,626.962,159.512,68.119,119.166,0.0067310
50,685.182,179.508,16.947,56.718,0.4112940
50,644.162,178.459,23.259,53.972,0.0298830
50,621.828,171.566,25.652,60.571,0.0501310
50,311.371,163.127,32.275,77.126,0.2171060
50,333.085,167.568,29.004,72.456,0.5417330
50,143.544,156.248,38.570,95.225,0.0755510
50,323.124,170.055,19.057,49.981,0.0074910
50,411.394,173.355,25.116,60.388,0.7528820
50,403.203,181.728,19.663,46.551,0.0276040
50,220.634,69.146,56.063,298.984,0.0170790
50,232.740,166.838,34.566,86.463,0.0131220
50,687.691,166.919,17.653,53.219,0.0124960
50,280.687,164.119,33.448,84.345,0.0072470
50,235.697,191.901,16.927,35.039,0.0069640
50,639.912,167.619,22.525,52.492,0.0059910
50,311.371,163.127,32.275,77.126,0.2253610
50,143.544,156.248,38.570,95.225,0.6377610
50,332.805,168.611,25.763,65.437,0.2178430
50,159.657,177.095,20.348,56.996,0.0223500
50,323.124,170.055,19.057,49.981,0.0060570
75,356.848,179.887,26.734,60.078,0.1225570
75,254.853,150.842,36.662,88.002,0.0175200
75,94.989,24.749,370.277,389.636,0.0053320
75,166.941,158.988,45.672,102.219,0.8196390
75,448.382,183.219,24.250,61.030,0.7705750
75,440.290,187.492,22.022,53.198,0.0434050
75,169.627,173.658,24.750,73.206,0.0106810
75,376.626,196.717,21.266,39.556,0.0087280
75,265.740,180.076,22.120,48.870,0.0064060
75,173.914,160.938,42.695,89.859,0.4060510
75,253.992,161.106,39.423,92.323,0.5378660
75,359.673,173.683,29.924,69.543,0.6102670
75,188.166,176.559,26.152,60.121,0.0084530
75,94.989,24.749,370.277,389.636,0.0064230
100,4.137,152.137,46.472,124.767,0.7633980
100,238.347,156.362,51.455,115.216,0.1235150
100,450.702,180.280,25.772,61.726,0.0430260
100,43.975,154.356,55.938,120.408,0.8434710
100,539.632,181.624,23.660,61.031,0.7856750
100,11.469,184.361,20.847,63.007,0.0286780
100,318.622,115.516,86.443,214.018,0.0096230
100,50.203,184.854,20.117,46.169,0.0051240
100,445.330,173.149,31.591,74.322,0.8527070
100,238.347,156.362,51.455,115.216,0.6108610
100,535.256,181.062,30.329,69.052,0.0090030
125,307.804,169.516,45.249,107.386,0.0344760
125,509.083,186.127,24.250,63.128,0.0306500
125,200.548,152.554,53.463,137.861,0.0769340
125,520.485,172.913,31.045,95.916,0.0077450
125,122.590,152.547,52.857,145.207,0.8315460
125,59.954,150.679,61.354,144.213,0.7832140
125,50.679,150.365,43.196,136.435,0.7303010
125,618.777,191.442,22.710,54.671,0.6838630
125,97.660,118.200,87.915,234.155,0.0533420
125,145.142,190.766,39.249,76.697,0.0356680
125,53.646,180.218,25.175,70.445,0.0114890
125,138.439,186.645,70.509,97.688,0.0103340
125,123.789,182.123,22.531,56.868,0.0054390
125,307.804,169.516,45.249,107.386,0.0264870
125,509.998,185.378,31.804,75.877,0.2615020
125,200.548,152.554,53.463,137.861,0.7360620
125,520.485,172.913,31.045,95.916,0.0252910
125,313.124,189.525,23.229,61.281,0.0088850
125,341.252,199.358,24.177,50.446,0.0060990
125,133.601,152.088,51.117,140.207,0.0054320
150,692.141,190.555,16.649,49.994,0.0051250
150,378.569,178.005,47.135,102.176,0.6492200
150,232.531,154.033,61.157,144.078,0.9022310
150,163.857,148.360,73.088,156.085,0.8244350
150,388.529,192.758,23.271,62.457,0.0131210
150,236.028,188.909,22.777,55.391,0.0062550
150,2.000,115.548,76.694,200.183,0.7896770
150,378.569,178.005,47.135,102.176,0.0672590
150,401.979,182.062,43.058,94.311,0.0090520
150,602.263,178.243,37.179,85.549,0.8254510
150,614.630,189.091,24.141,60.270,0.0427270
150,410.582,214.462,25.590,50.400,0.0173500
150,21.003,119.232,47.031,148.986,0.0127020
150,586.846,184.238,35.066,81.068,0.0074260
150,146.027,125.010,78.702,199.887,0.0051810
175,410.395,177.785,54.177,120.516,0.6011270
175,448.605,221.112,29.261,61.867,0.0056610
175,667.198,184.808,46.697,98.958,0.0066740
175,291.276,157.660,71.039,162.919,0.8746350
175,246.952,158.618,63.313,159.156,0.7801160
175,333.692,190.986,38.778,101.333,0.0167820
175,422.000,212.965,23.381,61.636,0.0100980
175,399.867,183.669,29.827,117.919,0.0081500
175,410.395,177.785,54.177,120.516,0.0193360
175,648.457,212.583,36.863,48.371,0.0488990
175,448.605,221.112,29.261,61.867,0.2084100
175,669.590,181.073,36.621,82.856,0.8380330
175,655.332,197.651,41.563,74.719,0.0504160
175,685.013,187.737,23.958,68.699,0.0323010
200,609.758,206.024,37.296,61.983,0.0053390
200,629.528,189.650,44.124,90.071,0.0407380
200,357.654,191.107,62.006,127.826,0.0069560
200,205.259,153.063,77.298,193.744,0.8433060
200,329.671,174.237,59.208,137.357,0.8311910
200,282.888,159.019,65.711,168.391,0.5962140
200,197.999,162.561,52.274,127.966,0.2484630
200,609.758,206.024,37.296,61.983,0.0379790
200,371.660,199.314,49.888,96.223,0.7819530
200,629.704,178.502,37.669,96.886,0.8161990
200,385.321,218.759,27.020,62.251,0.0174050
225,641.235,199.079,23.865,56.508,0.0071660
225,500.224,187.273,42.452,97.018,0.0931070
225,104.427,162.105,59.632,128.592,0.0311150
225,178.823,172.551,64.091,152.767,0.4882300
225,202.958,186.171,67.530,143.628,0.0413910
225,138.950,156.227,86.826,188.141,0.8815520
225,27.366,154.839,88.252,191.425,0.8563310
225,618.384,186.110,39.960,87.640,0.8331970
225,83.465,153.520,91.397,191.491,0.6311140
225,7.171,151.736,50.133,205.772,0.0091630
225,63.618,151.971,65.158,148.467,0.0084750
225,127.152,224.901,21.796,39.168,0.0053470
225,494.981,175.200,44.538,108.650,0.7788780
225,211.829,195.093,48.376,112.465,0.5751570
225,43.736,149.184,61.023,152.264,0.0335070
225,104.427,162.105,59.632,128.592,0.0172100
225,178.823,172.551,64.091,152.767,0.0151300
225,232.885,225.364,25.545,56.147,0.0121500
225,156.078,156.331,60.761,143.995,0.0065190
250,346.543,167.237,53.719,127.193,0.6083390
250,543.988,188.817,42.082,84.924,0.1411310
250,561.936,178.453,38.490,104.382,0.0698170
250,547.159,209.503,25.499,56.465,0.0295910
250,522.510,177.822,55.377,137.044,0.0102950
250,557.100,162.779,53.509,184.063,0.0106590
250,485.175,193.095,41.183,87.700,0.9026970
250,578.977,211.645,23.613,52.759,0.0643630
250,7.601,121.717,58.863,257.194,0.9153740
250,468.380,202.492,39.400,75.890,0.0474240
250,601.026,202.259,20.899,48.871,0.0308840
250,422.440,197.094,37.248,64.129,0.0069110
250,205.193,21.674,12.400,18.573,0.0067030
250,466.794,214.582,26.316,55.795,0.0055720
250,24.067,166.102,48.920,168.065,0.0050120
250,10.421,160.421,47.763,227.870,0.0425510
250,346.543,167.237,53.719,127.193,0.1188710
250,543.544,193.351,43.306,87.615,0.5164890
250,561.639,193.516,44.093,86.617,0.3975560
250,547.159,209.503,25.499,56.465,0.0125050
250,522.510,177.822,55.377,137.044,0.0092320
250,557.100,162.779,53.509,184.063,0.0071870
250,485.175,193.095,41.183,87.700,0.0069520
250,578.977,211.645,23.613,52.759,0.0068170
275,146.029,151.193,66.035,150.723,0.6126040
275,264.879,171.587,54.512,109.003,0.6930290
275,329.784,181.482,35.552,90.828,0.8246370
275,307.719,174.981,44.671,102.399,0.1521090
275,235.891,175.707,49.643,99.553,0.0301630
275,433.975,190.092,30.976,68.601,0.0168560
275,174.419,168.061,48.440,114.883,0.0102010
275,341.983,193.245,24.102,63.057,0.0092180
275,146.029,151.193,66.035,150.723,0.2504460
275,268.134,178.447,52.756,113.176,0.0497640
300,296.800,181.262,34.202,72.945,0.0644390
300,160.931,158.215,43.252,108.364,0.8340880
300,189.210,193.159,20.964,50.149,0.0138740
300,165.274,180.212,23.208,57.491,0.0050320
300,296.800,181.262,34.202,72.945,0.0052390
325,656.953,189.087,44.351,95.763,0.5478450
325,628.242,215.486,25.436,53.272,0.8687550
325,125.914,198.614,28.778,88.075,0.0640870
325,678.505,212.541,25.774,60.234,0.0147410
325,651.984,210.975,22.779,51.637,0.0138590
325,671.846,181.360,45.742,143.692,0.0078670
325,148.193,180.729,35.346,93.856,0.0067240
325,666.990,175.439,42.575,107.350,0.1819990
325,681.131,198.835,23.161,55.108,0.0054160
350,400.774,198.328,67.045,132.120,0.0172440
350,385.686,201.950,54.027,119.491,0.0502810
350,580.203,225.748,27.086,60.950,0.1349930
350,605.997,231.274,26.058,52.345,0.1211660
350,385.747,227.229,26.735,56.373,0.0368210
350,488.934,241.116,25.240,47.097,0.7905390
350,451.627,236.553,29.057,56.689,0.7815040
350,574.677,222.233,40.109,76.521,0.7402150
350,400.774,198.328,67.045,132.120,0.7363280
350,385.686,201.950,54.027,119.491,0.3109180
350,597.416,217.543,36.901,79.578,0.1188000
350,385.747,227.229,26.735,56.373,0.0122340
375,378.643,212.388,27.825,51.501,0.0350510
375,582.204,186.370,35.505,71.573,0.0053770
375,512.303,198.078,19.003,36.146,0.0509630
375,652.478,181.141,37.935,86.653,0.3704310
375,578.023,195.576,25.882,53.597,0.3020170
375,499.336,183.144,33.898,77.459,0.0113170
375,310.078,205.783,33.792,65.315,0.1659750
375,618.826,193.527,27.966,61.938,0.3145130
375,248.729,209.339,26.398,55.094,0.8540550
375,300.541,215.419,24.050,47.401,0.6758690
375,267.684,214.627,26.357,45.623,0.0490250
375,665.336,210.405,24.776,49.593,0.0313400
375,452.751,187.147,48.540,78.167,0.0306630
375,671.760,171.305,37.809,100.256,0.0105180
375,541.430,204.368,18.021,30.483,0.0101750
375,343.217,211.798,27.441,52.695,0.0092440
375,681.164,217.988,19.058,43.059,0.0082810
375,684.746,197.837,19.069,49.073,0.0050330
375,370.948,194.031,36.836,82.365,0.2329200
375,327.270,188.002,48.763,95.939,0.7029560
375,582.204,186.370,35.505,71.573,0.6645930
375,617.988,185.930,34.989,70.748,0.4762080
375,512.303,198.078,19.003,36.146,0.3445050
375,652.478,181.141,37.935,86.653,0.2391670
375,578.023,195.576,25.882,53.597,0.0488830
375,499.336,183.144,33.898,77.459,0.0361240
375,310.078,205.783,33.792,65.315,0.0192460
375,440.076,145.143,76.061,158.782,0.0092260
400,139.402,183.933,49.048,103.350,0.0156580
400,355.016,179.652,18.015,36.417,0.2298180
400,427.151,170.148,35.300,75.848,0.0112100
400,464.227,174.495,32.523,73.462,0.0986350
400,429.622,182.346,21.250,47.567,0.2167690
400,460.140,185.110,22.004,53.588,0.3390590
400,54.542,189.217,32.402,64.966,0.8094940
400,116.601,189.774,27.247,60.826,0.4177850
400,128.803,183.086,34.692,77.517,0.1575590
400,390.295,186.226,16.322,32.874,0.0199960
400,155.069,189.092,24.296,56.867,0.0101920
400,323.622,183.851,18.100,42.582,0.0096100
400,466.950,176.028,16.092,37.112,0.0084700
400,66.681,179.937,35.163,80.243,0.0064680
400,136.466,174.693,49.766,97.161,0.2358720
400,352.494,175.388,18.500,35.374,0.0603310
400,140.818,175.586,74.561,131.169,0.0103370
400,513.516,184.396,31.640,67.502,0.6304650
400,427.151,170.148,35.300,75.848,0.5724390
400,464.227,174.495,32.523,73.462,0.5498650
400,429.622,182.346,21.250,47.567,0.3165960
400,435.692,176.980,15.846,35.661,0.0417930
400,460.140,185.110,22.004,53.588,0.0361780
400,203.258,221.770,23.886,45.530,0.0130620
400,409.236,129.004,58.549,181.688,0.0115280
400,290.334,113.693,67.584,205.921,0.0114360
400,387.618,179.291,16.503,28.273,0.0056420
400,317.231,40.463,75.036,291.605,0.0054970
425,678.221,160.665,20.219,52.995,0.1922560
425,487.690,223.364,18.819,40.212,0.0801030
425,55.440,156.922,34.508,125.583,0.0056560
425,302.436,182.175,19.440,37.483,0.4963070
425,460.408,180.941,38.934,89.014,0.2595740
425,28.433,98.273,71.014,291.763,0.0061300
425,375.867,179.936,35.440,73.365,0.0154930
425,301.543,172.758,29.841,60.290,0.0238640
425,412.520,186.598,26.640,69.268,0.0404430
425,387.217,190.723,20.943,47.857,0.2118870
425,353.593,192.122,18.353,35.652,0.1844420
425,355.801,180.068,33.180,60.980,0.0191750
425,468.665,208.000,25.762,57.151,0.0131430
425,289.950,187.921,17.443,34.922,0.0059120
425,343.220,128.809,54.670,184.146,0.0058620
425,445.167,147.382,67.229,184.761,0.0051480
425,487.690,223.364,18.819,40.212,0.0197630
425,302.436,182.175,19.440,37.483,0.0916160
425,460.408,180.941,38.934,89.014,0.5151240
425,375.867,179.936,35.440,73.365,0.5312240
425,35.219,128.257,114.991,234.792,0.0108950
425,33.215,85.445,60.256,268.942,0.0069450
425,411.113,183.927,31.412,64.825,0.6711340
425,387.217,190.723,20.943,47.857,0.1382260
425,353.593,192.122,18.353,35.652,0.0286750
450,531.367,233.664,20.945,42.005,0.0916820
450,335.359,194.055,23.075,41.482,0.6814570
450,333.075,184.869,35.557,58.761,0.0136800
450,325.646,193.305,22.538,45.433,0.0543730
450,491.136,176.432,42.666,101.213,0.0384090
450,397.534,179.810,35.120,78.013,0.0145980
450,423.711,188.892,34.510,68.952,0.0164840
450,434.677,197.566,21.991,47.703,0.1283640
450,442.736,189.081,33.891,68.527,0.7403320
450,391.658,194.080,23.697,50.911,0.0351660
450,246.745,194.905,18.708,48.271,0.0163740
450,270.377,195.272,17.846,43.369,0.0098930
450,478.288,171.404,73.165,132.273,0.0074380
450,45.598,2.000,96.691,484.244,0.0051010
450,531.367,233.664,20.945,42.005,0.0576080
450,325.646,193.305,22.538,45.433,0.5434440
450,491.136,176.432,42.666,101.213,0.7120530
450,397.534,179.810,35.120,78.013,0.7056470
450,423.711,188.892,34.510,68.952,0.1997020
450,434.677,197.566,21.991,47.703,0.1823200
450,442.736,189.081,33.891,68.527,0.0736260
450,391.658,194.080,23.697,50.911,0.0373260
450,498.974,208.801,31.171,56.174,0.0056350
475,414.059,190.370,19.985,40.715,0.2087830
475,388.251,177.643,31.923,63.109,0.0146760
475,394.990,189.838,20.039,41.871,0.1057790
475,498.208,185.751,36.943,65.989,0.0098700
475,640.219,166.265,43.687,101.031,0.0906460
475,473.508,171.044,34.101,77.882,0.0630270
475,512.644,192.930,21.851,43.916,0.1354360
475,470.147,186.152,21.888,52.545,0.1244880
475,526.404,186.301,26.571,62.746,0.1903270
475,614.705,188.123,23.833,52.766,0.0054200
475,363.660,192.960,20.497,44.649,0.1337850
475,321.463,185.423,20.786,47.958,0.0726520
475,654.184,179.445,22.853,63.206,0.0498820
475,661.051,167.516,21.961,46.918,0.0107630
475,414.059,190.370,19.985,40.715,0.0080500
475,388.251,177.643,31.923,63.109,0.0091550
475,394.990,189.838,20.039,41.871,0.1052390
475,498.208,185.751,36.943,65.989,0.1809410
475,523.647,177.122,33.430,75.420,0.7734200
475,640.219,166.265,43.687,101.031,0.6644160
475,473.508,171.044,34.101,77.882,0.5417940
475,613.865,163.546,48.369,103.383,0.3522570
475,512.644,192.930,21.851,43.916,0.3245150
475,470.147,186.152,21.888,52.545,0.0859010
475,614.705,188.123,23.833,52.766,0.0438990
475,363.660,192.960,20.497,44.649,0.0117960
475,482.117,168.835,61.142,105.400,0.0053340
500,414.716,183.086,19.920,36.955,0.1429370
500,491.805,170.204,34.398,83.169,0.0078070
500,364.090,182.353,24.861,56.037,0.1859240
500,467.320,193.575,16.854,31.927,0.0128900
500,534.489,189.457,20.983,41.584,0.2805290
500,504.475,186.005,22.573,48.853,0.1230070
500,631.686,97.086,75.294,240.478,0.0162280
500,397.436,189.753,16.363,32.906,0.0382860
500,321.106,191.566,17.821,35.449,0.0111580
500,646.005,164.860,43.088,96.251,0.0092780
500,414.909,179.100,19.014,31.815,0.0287870
500,491.805,170.204,34.398,83.169,0.7608480
500,536.724,175.471,37.677,70.543,0.6111970
500,364.090,182.353,24.861,56.037,0.5707370
500,467.320,193.575,16.854,31.927,0.0857420
500,534.489,189.457,20.983,41.584,0.0261640
500,504.475,186.005,22.573,48.853,0.0223210
500,631.686,97.086,75.294,240.478,0.0082470
500,361.019,2.000,360.981,478.180,0.0077580
500,521.604,149.709,65.283,135.119,0.0076410
500,462.923,173.657,38.856,64.540,0.0065540
525,680.172,196.311,19.061,44.662,0.3618380
525,419.517,193.981,23.149,41.967,0.0176550
525,526.558,186.708,35.410,78.542,0.0417320
525,561.774,185.774,36.740,80.573,0.0598560
525,505.665,198.182,23.101,54.455,0.0900480
525,511.138,191.055,30.166,62.444,0.0510590
525,539.170,197.302,22.450,54.908,0.2656100
525,340.772,200.355,22.849,52.223,0.3430920
525,321.206,193.457,39.400,67.370,0.0132350
525,402.317,204.327,17.955,35.232,0.0149010
525,679.230,181.651,31.148,79.529,0.0059120
525,526.558,186.708,35.410,78.542,0.5123600
525,561.774,185.774,36.740,80.573,0.7290460
525,333.513,191.308,31.836,69.543,0.6506250
525,505.665,198.182,23.101,54.455,0.3083660
525,511.138,191.055,30.166,62.444,0.2309370
525,539.170,197.302,22.450,54.908,0.1210900
525,470.086,201.355,18.359,35.457,0.0592410
525,518.409,175.522,72.533,101.421,0.0061980
525,319.289,192.957,38.707,85.093,0.0058340
550,419.154,196.508,21.961,40.110,0.3278320
550,416.130,184.663,37.749,58.738,0.0130530
550,570.797,188.969,35.008,74.614,0.1170630
550,529.654,187.768,35.238,78.395,0.1102330
550,566.829,201.069,22.771,53.375,0.2782730
550,547.864,202.377,20.916,47.199,0.4163800
550,519.489,165.328,56.021,126.689,0.0065780
550,320.994,200.653,21.487,43.994,0.0346860
550,404.179,199.661,20.714,35.558,0.0283910
550,306.556,182.612,39.855,82.608,0.0184200
550,596.882,180.478,45.451,84.838,0.0053190
550,465.835,205.962,18.049,30.211,0.1486690
550,264.118,183.253,50.332,103.154,0.7495020
550,570.797,188.969,35.008,74.614,0.6437290
550,529.654,187.768,35.238,78.395,0.5462310
550,514.866,204.094,19.821,39.991,0.5341230
550,566.829,201.069,22.771,53.375,0.0412910
550,547.864,202.377,20.916,47.199,0.0326550
550,519.489,165.328,56.021,126.689,0.0134040
550,507.744,194.482,32.965,52.485,0.0113430
550,563.495,175.276,53.335,107.311,0.0098460
575,414.727,175.261,34.741,62.361,0.0256370
575,422.606,185.465,20.328,42.025,0.3566620
575,541.429,173.447,38.409,83.934,0.2347840
575,530.403,193.707,22.386,48.765,0.2435550
575,596.608,179.683,42.423,84.042,0.7586110
575,141.421,164.855,48.510,111.424,0.0464380
575,577.844,190.167,23.498,65.510,0.5211020
575,404.039,191.136,22.345,40.849,0.0783810
575,301.962,149.177,35.922,76.660,0.0235400
575,615.389,187.778,22.465,61.511,0.0219290
575,640.999,158.906,41.021,107.057,0.0131340
575,348.490,196.359,21.269,41.885,0.0070620
575,422.606,185.465,20.328,42.025,0.0159140
575,93.890,150.077,75.951,157.262,0.8444990
575,541.429,173.447,38.409,83.934,0.5665640
575,470.040,203.873,15.510,28.750,0.2016080
575,530.403,193.707,22.386,48.765,0.0547020
575,596.608,179.683,42.423,84.042,0.0492050
575,510.631,200.653,17.144,32.913,0.0485390
575,526.458,160.229,56.519,126.522,0.0131710
575,115.984,138.689,49.816,112.690,0.0122100
575,2.000,116.617,633.830,219.788,0.0070540
575,141.421,164.855,48.510,111.424,0.0066160
600,423.928,196.256,20.327,41.823,0.3405990
600,414.139,182.356,37.785,59.523,0.0050600
600,546.775,178.989,38.093,84.636,0.0240960
600,609.448,182.065,38.227,93.778,0.4568290
600,538.113,203.266,21.670,44.767,0.4294100
600,562.581,187.127,46.289,94.151,0.0101800
600,605.213,193.700,25.115,69.092,0.1164030
600,637.680,178.165,35.744,96.784,0.0413200
600,278.217,175.725,33.138,64.868,0.0215650
600,577.248,198.176,21.910,58.122,0.0160030
600,405.219,202.033,20.669,35.827,0.0068110
600,423.928,196.256,20.327,41.823,0.0106220
600,546.775,178.989,38.093,84.636,0.6067870
600,558.502,174.138,41.139,109.483,0.5914460
600,609.448,182.065,38.227,93.778,0.1191440
600,538.113,203.266,21.670,44.767,0.0851770
600,462.367,208.199,18.431,30.367,0.0734640
600,534.817,158.514,56.591,128.359,0.0143290
600,507.636,212.486,17.403,27.344,0.0121890
625,551.045,201.395,23.482,39.749,0.0549710
625,455.900,204.434,19.124,31.983,0.0198770
625,430.781,184.286,20.985,45.543,0.2836950
625,676.651,165.958,31.944,96.997,0.0222690
625,421.364,171.714,35.106,65.404,0.0144390
625,541.964,179.478,37.160,65.095,0.0473250
625,404.847,200.410,18.590,31.799,0.0087910
625,649.788,173.092,45.405,104.726,0.5464930
625,622.854,186.243,34.696,84.063,0.7048530
625,260.748,147.084,35.591,85.526,0.0432260
625,687.344,187.867,19.525,51.435,0.0119250
625,573.757,146.076,59.930,175.850,0.0069170
625,270.286,176.364,25.704,66.977,0.0050640
625,551.045,201.395,23.482,39.749,0.4332790
625,455.900,204.434,19.124,31.983,0.4444130
625,430.781,184.286,20.985,45.543,0.0323260
625,541.964,179.478,37.160,65.095,0.0489310
625,421.980,176.458,20.403,36.682,0.0098900
625,569.870,167.515,50.414,103.475,0.8038730
625,649.788,173.092,45.405,104.726,0.0875720
625,501.861,209.097,17.180,27.546,0.0563140
650,571.667,202.122,29.061,53.793,0.0237250
650,404.194,200.012,20.160,37.087,0.0158180
650,632.177,143.960,58.690,186.324,0.0168430
650,617.616,174.914,46.232,120.032,0.0075970
650,678.097,182.128,31.908,98.522,0.8520510
650,429.454,188.214,20.219,45.236,0.6276650
650,239.562,167.900,30.239,78.532,0.1362020
650,422.059,170.188,33.447,68.203,0.0451460
650,676.175,156.582,40.779,169.518,0.0121450
650,210.037,2.000,86.484,328.273,0.0090230
650,306.072,186.710,39.146,67.748,0.0073480
650,620.793,200.972,23.607,49.855,0.0071870
650,571.667,202.122,29.061,53.793,0.7454080
650,404.194,200.012,20.160,37.087,0.0111710
650,624.931,160.107,54.505,139.571,0.8291860
650,456.248,201.622,19.204,37.056,0.0767350
650,546.759,213.756,17.732,30.867,0.0097030
650,509.893,208.562,17.805,34.926,0.0053690
675,543.164,208.847,16.781,28.079,0.0223450
675,606.867,196.580,34.316,58.667,0.5707520
675,429.666,179.421,35.304,64.178,0.0369690
675,431.143,198.301,21.323,42.238,0.3358120
675,462.248,198.839,19.005,37.569,0.4077860
675,675.312,190.337,29.729,70.901,0.7909630
675,316.201,188.607,22.216,56.231,0.6918110
675,652.123,200.591,24.149,40.779,0.0353630
675,203.081,158.926,40.800,95.225,0.0287010
675,178.687,2.000,74.333,320.054,0.0096560
675,222.990,170.298,31.856,73.524,0.0096120
675,653.075,180.941,38.105,73.377,0.0071040
675,582.581,209.225,18.542,29.194,0.0098700
675,543.164,208.847,16.781,28.079,0.0053460
675,611.897,199.280,30.815,52.836,0.2734100
675,431.143,198.301,21.323,42.238,0.0677720
675,462.248,198.839,19.005,37.569,0.0387790
675,415.036,117.377,54.307,206.723,0.0065720
675,502.928,206.857,17.941,31.620,0.0059440
700,461.502,201.832,21.467,47.364,0.4737590
700,427.040,192.710,33.467,58.889,0.0121630
700,640.334,201.084,36.805,66.108,0.1764540
700,621.258,197.030,31.798,73.893,0.0231140
700,404.577,204.616,19.885,44.759,0.3103210
700,587.064,216.440,16.683,27.848,0.0093290
700,554.185,212.051,17.904,32.669,0.1756450
700,428.943,205.045,19.452,44.359,0.3436350
700,616.956,214.123,25.773,39.356,0.1983940
700,290.847,191.807,23.922,59.482,0.6903450
700,93.243,2.000,84.134,317.213,0.0601950
700,296.560,187.052,27.498,78.474,0.0358980
700,119.440,2.000,91.508,278.296,0.0319590
700,497.625,209.375,17.279,31.633,0.0140200
700,608.415,104.684,58.725,271.324,0.0076020
700,118.383,112.470,47.897,132.332,0.0070160
700,645.960,145.326,50.236,192.846,0.0061790
700,461.502,201.832,21.467,47.364,0.0610910
700,621.258,197.030,31.798,73.893,0.0126430
700,638.038,198.198,34.629,64.578,0.6911540
700,620.070,206.273,23.289,48.776,0.4387660
700,404.577,204.616,19.885,44.759,0.2884510
700,587.064,216.440,16.683,27.848,0.0655140
700,554.185,212.051,17.904,32.669,0.0280370
700,428.943,205.045,19.452,44.359,0.0268880
725,394.891,187.575,23.476,65.468,0.1296510
725,422.949,175.977,38.497,74.916,0.0580640
725,649.603,203.289,24.326,44.496,0.1563970
725,680.361,192.008,27.346,60.424,0.0379060
725,465.768,195.695,20.557,46.703,0.0059910
725,619.828,206.826,20.133,34.845,0.0139290
725,430.122,193.020,21.837,58.470,0.3986720
725,259.220,170.916,32.447,81.130,0.8436230
725,245.431,172.710,34.628,79.586,0.0082630
725,394.891,187.575,23.476,65.468,0.0202410
725,422.949,175.977,38.497,74.916,0.0076690
725,452.012,186.468,33.633,62.493,0.0291910
725,619.157,198.961,40.403,43.481,0.0767290
725,640.161,194.821,37.326,57.961,0.1779210
725,673.335,188.758,36.367,71.480,0.8157200
725,465.768,195.695,20.557,46.703,0.2958290
725,619.828,206.826,20.133,34.845,0.1908220
725,430.122,193.020,21.837,58.470,0.0211260
725,589.607,209.585,16.394,27.271,0.0152940
750,385.720,165.404,49.309,99.550,0.0067230
750,418.869,177.292,47.201,78.540,0.0796180
750,425.945,190.187,23.712,56.269,0.0128260
750,679.645,199.125,26.672,57.643,0.7289510
750,526.911,205.957,19.963,37.085,0.0067200
750,459.568,175.123,35.012,76.700,0.3188570
750,235.504,160.968,37.038,82.083,0.8085380
750,243.065,167.732,26.638,51.783,0.1764070
750,468.807,207.710,23.883,53.185,0.0061300
750,226.914,185.344,46.896,111.049,0.0055340
750,677.196,138.165,44.804,207.802,0.0052120
750,385.720,165.404,49.309,99.550,0.0055070
750,418.869,177.292,47.201,78.540,0.1904330
750,647.689,212.575,20.980,32.358,0.0299470
750,425.945,190.187,23.712,56.269,0.0550450
750,674.957,196.511,31.886,63.999,0.1027450
750,526.911,205.957,19.963,37.085,0.2995630
750,459.568,175.123,35.012,76.700,0.0982290
750,500.718,198.390,24.297,46.464,0.0360110
750,485.535,181.913,36.656,76.072,0.0166350
750,437.235,131.108,76.878,181.351,0.0092570
750,395.961,155.354,90.431,131.324,0.0079120
750,628.669,208.246,19.339,32.980,0.0064310
775,464.808,211.755,21.056,39.652,0.0117320
775,679.820,205.437,19.030,46.072,0.0455850
775,432.227,199.221,21.549,55.732,0.0422250
775,113.606,158.638,30.100,57.963,0.0211440
775,399.640,175.731,45.904,99.247,0.0125660
775,306.777,161.651,58.811,114.648,0.3332440
775,647.699,208.839,27.952,51.636,0.1196440
775,96.090,156.949,29.420,61.518,0.0096380
775,96.924,147.995,49.593,109.242,0.6759580
775,636.594,139.601,70.109,218.098,0.0052680
775,679.820,205.437,19.030,46.072,0.0495830
775,466.219,214.881,19.613,39.828,0.0770750
775,113.606,158.638,30.100,57.963,0.0321780
775,323.264,163.338,81.103,116.455,0.0968670
775,399.640,175.731,45.904,99.247,0.0985980
775,382.764,178.631,46.925,111.453,0.0064390
775,306.777,161.651,58.811,114.648,0.2503010
775,373.949,140.863,100.746,146.005,0.0103720
775,348.001,174.802,42.232,118.349,0.0140500
775,330.774,73.406,89.824,239.085,0.0060670
775,642.853,200.620,35.541,58.688,0.2428030
775,95.439,152.573,36.949,78.605,0.2406240
775,626.215,216.902,21.157,37.212,0.0728130
775,676.273,182.482,29.663,86.818,0.0204810
775,619.958,205.363,33.168,59.608,0.0195990
775,577.609,221.048,18.572,29.960,0.0163450
775,98.814,179.561,57.389,79.150,0.0065000
800,353.650,215.187,27.635,38.986,0.0241000
800,158.031,133.764,113.230,203.868,0.0238610
800,29.878,139.717,77.156,171.597,0.1922230
800,475.308,217.939,20.558,35.780,0.0109850
800,93.619,136.505,97.205,182.315,0.2890800
800,140.193,144.642,61.378,141.280,0.0803740
800,214.106,152.421,74.408,135.963,0.1803610
800,649.783,165.164,51.428,149.187,0.0063450
800,176.202,161.850,62.742,120.208,0.1916270
800,251.078,143.299,58.262,163.830,0.0450090
800,307.058,193.637,25.738,53.566,0.4481420
800,576.077,198.888,27.789,57.179,0.7165810
800,264.852,176.762,45.698,86.977,0.4195460
800,296.823,182.861,38.898,78.620,0.2736270
800,281.827,191.445,24.935,60.792,0.1396700
800,275.920,212.912,27.239,46.210,0.0280880
800,200.449,215.923,21.737,48.030,0.0072660
800,293.583,141.390,56.292,160.613,0.0062890
800,493.934,210.384,20.773,37.758,0.0344190
800,161.953,141.095,99.810,162.946,0.1815090
800,202.037,129.018,82.708,185.925,0.5158240
800,121.819,134.309,88.547,183.422,0.2850170
800,567.441,198.192,33.073,58.630,0.0172230
800,96.180,167.246,88.117,140.988,0.0785480
800,653.354,173.984,51.092,112.537,0.8273750
800,529.398,195.641,32.753,70.026,0.7829310
800,26.108,138.359,86.138,152.424,0.7459580
800,251.078,143.299,58.262,163.830,0.0175610
800,307.058,193.637,25.738,53.566,0.0165420
825,162.813,221.884,22.881,42.198,0.3663210
825,283.561,216.211,21.087,41.994,0.2842640
825,273.546,206.808,36.451,65.740,0.0117980
825,211.579,176.649,45.431,83.286,0.4611900
825,227.142,194.784,26.254,57.497,0.3353670
825,467.570,203.295,32.803,63.344,0.5956500
825,591.286,165.410,73.244,152.684,0.0234630
825,174.484,100.544,70.277,179.681,0.0099410
825,530.348,194.787,28.855,67.559,0.8654440
825,183.204,116.762,40.299,138.520,0.5701280
825,202.884,180.450,22.291,64.457,0.0281560
825,164.120,182.991,36.269,85.646,0.0256090
825,430.636,216.774,24.222,40.758,0.0178040
825,388.534,225.376,18.607,31.371,0.0156810
825,233.931,212.249,22.825,49.373,0.0154430
825,202.309,142.161,19.329,74.837,0.0118230
825,493.776,188.957,34.886,80.699,0.0064000
825,255.446,127.966,62.956,244.117,0.0053830
825,162.813,221.884,22.881,42.198,0.0181670
825,283.561,216.211,21.087,41.994,0.0507740
825,273.546,206.808,36.451,65.740,0.0107250
825,178.047,127.880,59.056,170.291,0.0108170
825,227.142,194.784,26.254,57.497,0.0063120
825,597.179,171.576,58.599,119.177,0.8439710
825,469.897,198.771,32.463,67.248,0.6931060
850,551.243,202.277,25.794,45.311,0.0203910
850,296.811,210.485,26.116,47.894,0.6503830
850,155.113,217.645,25.296,42.002,0.2368710
850,287.024,207.546,26.188,48.515,0.6507330
850,214.145,172.850,39.992,87.789,0.7660860
850,136.497,123.054,82.810,133.584,0.0470390
850,216.846,155.076,56.645,135.018,0.0103470
850,562.306,178.481,42.748,93.386,0.8698680
850,504.088,191.787,33.015,69.719,0.8351040
850,187.585,152.502,39.189,103.595,0.4923640
850,165.684,160.124,35.645,118.118,0.3376140
850,195.417,181.619,26.481,61.256,0.1549450
850,226.739,189.037,25.942,60.848,0.0463330
850,159.153,203.440,31.652,64.912,0.0457870
850,232.207,204.841,30.511,60.009,0.0211490
850,572.096,197.081,24.839,54.046,0.0174230
850,543.447,186.069,35.843,74.706,0.0152500
850,165.810,110.919,81.567,163.658,0.0144760
850,169.267,102.602,38.907,104.939,0.0128570
850,466.787,195.681,36.099,59.985,0.0063500
850,551.243,202.277,25.794,45.311,0.0153350
850,287.024,207.546,26.188,48.515,0.0711170
850,632.113,153.450,71.860,151.306,0.8244110
850,214.145,172.850,39.992,87.789,0.0575050
850,136.497,123.054,82.810,133.584,0.0185650
850,216.846,155.076,56.645,135.018,0.0090970
850,679.688,171.579,31.754,101.755,0.0085440
850,618.128,197.909,24.607,49.583,0.0081870
850,606.453,177.668,47.288,96.780,0.0057700
875,446.775,204.429,26.441,35.999,0.0119220
875,543.817,196.206,25.886,44.851,0.1595740
875,315.572,203.102,24.087,48.521,0.2826790
875,614.333,188.204,40.005,60.173,0.0133300
875,548.239,178.622,39.359,66.924,0.3101280
875,563.690,189.630,26.917,51.209,0.0234030
875,636.739,165.387,46.217,104.004,0.8427390
875,229.781,161.409,41.647,95.684,0.8100100
875,191.408,154.252,36.618,103.909,0.5716170
875,170.381,154.934,37.234,120.815,0.1627670
875,168.672,213.391,26.134,50.259,0.0796760
875,203.795,173.872,24.842,71.064,0.0535940
875,150.669,123.051,62.695,125.197,0.0337740
875,240.773,211.389,23.508,47.550,0.0193010
875,177.148,119.576,72.860,140.147,0.0184230
875,236.542,177.286,23.155,68.441,0.0159270
875,222.005,128.544,53.570,170.868,0.0124690
875,349.508,204.600,22.976,41.256,0.0089960
875,242.519,166.948,18.954,49.746,0.0080680
875,653.172,187.494,20.034,50.201,0.0074410
875,644.739,187.355,65.194,97.789,0.0074380
875,686.796,169.795,30.186,89.063,0.0066320
875,171.069,77.156,35.116,143.079,0.0054460
875,446.775,204.429,26.441,35.999,0.1142800
875,543.817,196.206,25.886,44.851,0.0668820
875,554.295,181.267,41.402,74.869,0.5492300
875,616.524,197.288,28.816,43.133,0.4089330
875,563.690,189.630,26.917,51.209,0.0100250
900,544.217,210.353,16.527,27.314,0.0140680
900,380.378,202.365,17.777,43.035,0.0132470
900,662.248,196.953,28.012,53.814,0.2141820
900,339.480,199.001,28.906,56.640,0.0911050
900,576.670,195.462,39.434,54.428,0.0056990
900,101.399,31.385,87.403,241.069,0.0750760
900,135.355,89.559,67.149,183.390,0.2435080
900,599.499,181.369,36.763,86.401,0.0143310
900,581.284,206.197,19.323,35.811,0.1255160
900,611.718,194.250,21.273,52.259,0.0459990
900,257.636,189.292,25.622,59.191,0.7553530
900,317.256,200.006,24.724,54.357,0.7534600
900,157.447,146.681,40.642,107.366,0.6565600
900,193.034,147.611,48.694,116.065,0.5355550
900,228.388,209.228,27.545,59.102,0.4022550
900,230.141,179.215,41.548,87.288,0.3064610
900,166.652,166.188,24.197,73.800,0.0259120
900,117.155,103.056,57.052,160.589,0.0137530
900,208.679,155.092,24.529,61.763,0.0134240
900,593.763,160.199,82.074,150.790,0.0070110
900,375.694,186.303,35.707,74.601,0.0050190
900,544.217,210.353,16.527,27.314,0.0709060
900,662.248,196.953,28.012,53.814,0.0303290
900,89.819,62.063,96.665,231.071,0.0447450
900,576.670,195.462,39.434,54.428,0.1122710
900,599.499,181.369,36.763,86.401,0.8156950
900,581.284,206.197,19.323,35.811,0.2149920
900,611.718,194.250,21.273,52.259,0.0280680
900,582.341,165.051,82.648,117.976,0.0171530
900,554.303,85.492,79.406,279.331,0.0101630
925,148.894,130.865,40.292,118.386,0.5885760
925,160.310,147.205,22.603,67.096,0.0144560
925,190.001,162.825,51.718,90.754,0.0069110
925,106.483,149.190,35.825,105.881,0.2314530
925,308.806,199.966,25.467,69.419,0.3092770
925,338.922,200.620,23.727,50.738,0.0396950
925,686.759,190.012,21.450,59.966,0.6747000
925,611.696,184.833,38.803,78.657,0.2403080
925,581.346,205.661,16.487,36.611,0.0460390
925,606.869,197.943,20.462,52.339,0.2197600
925,18.392,81.646,89.210,244.232,0.0519520
925,135.017,108.725,84.022,191.239,0.0641120
925,239.590,182.396,23.248,70.489,0.6928290
925,83.368,107.509,49.995,160.781,0.1511720
925,47.186,46.176,86.417,259.073,0.0967870
925,37.181,130.890,45.334,162.169,0.0259700
925,641.668,178.465,35.200,90.705,0.0192790
925,618.114,212.619,20.650,42.663,0.0120130
925,679.916,181.803,25.255,106.582,0.0094370
925,347.597,203.257,24.204,66.195,0.0082080
925,37.277,2.000,105.377,267.598,0.0054690
925,148.894,130.865,40.292,118.386,0.0067640
925,15.785,45.515,92.122,260.980,0.0299720
925,501.257,198.794,24.685,52.655,0.6439130
925,611.696,184.833,38.803,78.657,0.4965070
925,581.346,205.661,16.487,36.611,0.2590370
925,541.399,205.108,15.265,32.218,0.1355180
925,493.252,184.997,23.907,99.604,0.0409570
925,606.869,197.943,20.462,52.339,0.0145650
925,135.017,108.725,84.022,191.239,0.0076560
925,608.084,144.398,50.471,168.137,0.0072800
925,578.749,193.699,31.099,59.812,0.0068800
950,440.548,200.099,24.835,41.167,0.1670890
950,668.832,194.558,26.286,50.441,0.7886220
950,453.989,202.888,21.452,39.672,0.0199760
950,572.782,202.424,18.876,38.754,0.2786800
950,596.193,187.455,38.709,74.742,0.7718540
950,680.462,195.641,20.312,48.399,0.5771590
950,677.355,183.419,31.186,73.512,0.1406200
950,612.069,194.791,23.734,56.159,0.0698910
950,578.435,189.346,35.676,70.541,0.0426070
950,685.852,209.378,18.288,50.268,0.0244820
950,599.594,198.994,60.402,76.145,0.0151640
950,617.210,211.505,25.264,45.310,0.0076950
950,668.569,207.734,20.517,52.960,0.0060340
950,440.548,200.099,24.835,41.167,0.0900780
950,458.964,197.819,39.923,56.453,0.1799110
950,453.989,202.888,21.452,39.672,0.3000400
950,484.326,186.017,33.081,74.996,0.7526630
950,552.917,206.777,16.085,29.943,0.2706900
950,572.782,202.424,18.876,38.754,0.0342560
950,4.334,93.057,97.470,176.328,0.0169450
950,419.867,2.000,37.783,57.541,0.0110800
950,455.539,2.000,33.842,57.212,0.0064740
950,540.071,189.489,35.787,68.591,0.0058720
975,398.744,204.463,18.278,40.625,0.5453270
975,91.431,205.545,33.940,67.222,0.0084950
975,656.690,187.999,32.944,79.521,0.5600180
975,679.046,194.962,21.003,55.277,0.0190910
975,569.078,199.976,20.902,43.340,0.0871220
975,185.326,182.834,48.881,106.657,0.5368610
975,168.116,187.735,36.177,82.799,0.6058220
975,573.609,182.210,42.404,84.866,0.0307270
975,390.080,194.819,35.581,57.901,0.0158630
975,298.966,184.037,50.512,83.230,0.0961920
975,294.149,147.137,63.456,151.817,0.0065600
975,120.704,175.797,31.934,93.213,0.8593250
975,239.606,188.218,32.771,74.004,0.6645070
975,269.852,180.355,33.045,87.783,0.1953630
975,660.496,206.829,21.745,54.894,0.0495100
975,671.520,172.837,38.195,104.668,0.0331160
975,339.937,182.156,53.097,84.732,0.0317120
975,315.669,131.027,89.183,187.423,0.0111960
975,274.560,189.269,21.703,57.021,0.0078550
975,684.750,207.039,19.212,58.579,0.0074750
975,398.744,204.463,18.278,40.625,0.0576730
975,569.078,199.976,20.902,43.340,0.0888490
975,190.351,177.708,49.505,106.091,0.0158760
975,168.116,187.735,36.177,82.799,0.0762020
975,412.077,183.506,39.833,85.522,0.8446710
975,573.609,182.210,42.404,84.866,0.7769940
975,457.609,202.842,19.242,36.320,0.6917130
975,536.475,206.249,17.346,32.541,0.6182660
975,505.355,208.292,13.857,27.011,0.0595790
975,390.080,194.819,35.581,57.901,0.0243050
975,424.525,200.229,21.382,42.112,0.0211260
975,448.949,192.816,32.701,64.893,0.0193730
975,298.966,184.037,50.512,83.230,0.0106950
975,396.812,162.154,68.609,129.268,0.0106160
975,297.954,15.823,424.046,405.538,0.0058350
975,294.149,147.137,63.456,151.817,0.0050960
1000,74.675,215.338,24.466,67.718,0.0065230
1000,688.308,212.182,16.289,50.153,0.2593920
1000,76.911,207.856,39.319,89.146,0.1776690
1000,565.537,216.701,16.875,30.531,0.0274850
1000,687.081,199.295,21.629,89.682,0.0291190
1000,141.744,189.677,41.742,105.018,0.4106360
1000,463.324,216.676,22.616,38.282,0.1341450
1000,419.898,213.880,22.697,42.801,0.1135410
1000,602.436,192.694,45.906,79.821,0.0087730
1000,347.779,181.593,42.283,101.691,0.0173030
1000,386.794,201.287,33.892,77.005,0.1048430
1000,399.296,206.780,26.372,59.948,0.1317620
1000,599.533,173.145,58.603,148.380,0.0355170
1000,377.711,83.051,344.289,348.748,0.0074120
1000,481.403,118.278,81.839,261.281,0.0068590
1000,237.286,201.678,30.966,74.753,0.7923420
1000,177.762,193.289,42.998,106.844,0.7722130
1000,105.790,185.926,41.109,109.068,0.6776950
1000,308.311,195.160,41.363,110.771,0.1034170
1000,347.331,215.773,21.688,59.160,0.0215290
1000,609.299,213.954,21.748,44.228,0.0124520
1000,269.527,197.603,35.201,90.094,0.0115120
1000,121.476,203.021,22.404,78.377,0.0099310
1000,61.261,165.538,82.965,171.486,0.0082590
1000,90.447,168.177,35.178,126.727,0.0068610
1000,156.283,210.193,22.140,67.316,0.0061680
1000,690.377,204.350,16.324,51.072,0.0053680
1000,565.537,216.701,16.875,30.531,0.4334240
1000,141.744,189.677,41.742,105.018,0.0132720
1000,470.004,212.318,17.750,38.944,0.2926520
1000,418.710,210.507,22.753,43.396,0.3951690
1000,600.501,194.111,46.361,87.556,0.8690560
1000,344.046,186.156,44.789,114.422,0.7736820
1000,558.508,215.981,16.015,30.942,0.5740790
1000,507.495,216.748,15.448,29.680,0.2964890
1000,386.794,201.287,33.892,77.005,0.1614780
1000,399.296,206.780,26.372,59.948,0.1207870
1000,609.562,207.147,21.155,44.288,0.0266120
1000,489.793,208.219,36.835,60.312,0.0190920
1000,306.411,146.896,122.323,165.958,0.0104980
1000,538.400,203.080,33.771,66.580,0.0083460
1000,377.711,83.051,344.289,348.748,0.0077060
1000,481.403,118.278,81.839,261.281,0.0064390
1000,132.539,2.000,443.919,576.000,0.0051240
1025,441.699,205.922,19.533,40.052,0.0930030
1025,606.106,208.758,18.640,33.066,0.0138640
1025,459.596,205.853,29.163,50.054,0.0631270
1025,151.209,181.453,53.785,126.431,0.5436550
1025,506.725,207.835,25.809,45.073,0.0163120
1025,223.303,180.574,68.116,129.854,0.0100080
1025,250.440,159.295,57.027,137.235,0.0079700
1025,658.423,185.406,39.407,97.660,0.5427820
1025,118.859,167.450,47.539,149.423,0.6963740
1025,183.541,181.242,47.488,127.694,0.4591580
1025,71.618,198.615,42.196,107.527,0.1108030
1025,641.214,144.691,65.252,188.074,0.0600100
1025,682.628,206.050,22.917,62.341,0.0228400
1025,212.028,200.430,20.765,46.071,0.0174120
1025,659.312,208.305,25.454,52.522,0.0095670
1025,206.607,213.836,21.370,59.762,0.0095460
1025,228.748,217.011,23.478,54.092,0.0077450
1025,595.499,164.796,90.915,153.519,0.0057620
1025,425.476,194.419,45.263,67.228,0.0053740
1025,161.802,214.961,21.726,62.020,0.0050860
1025,441.699,205.922,19.533,40.052,0.0060970
1025,606.106,208.758,18.640,33.066,0.3977020
1025,459.596,205.853,29.163,50.054,0.2561110
1025,149.259,190.673,58.362,112.941,0.0077980
1025,506.725,207.835,25.809,45.073,0.1694890
1025,172.865,206.428,77.875,94.653,0.0086050
1025,656.790,184.863,46.662,90.110,0.7633730
1025,594.854,208.513,17.031,32.165,0.5341070
1025,246.105,173.445,59.840,146.885,0.5170550
1025,537.987,208.484,21.171,37.949,0.3899570
1025,215.113,168.490,65.248,158.353,0.1389320
1025,604.678,199.783,36.637,54.421,0.0297830
1025,524.704,202.899,40.280,51.738,0.0249670
1025,192.351,185.556,39.603,93.760,0.0128330
1025,189.908,212.772,138.238,119.815,0.0099380
1025,578.823,200.257,40.759,51.552,0.0062680
1025,589.422,219.301,22.531,29.384,0.0052030
1050,443.227,201.924,20.966,39.259,0.0745590
1050,539.914,201.931,22.821,40.898,0.0674960
1050,55.829,159.826,90.220,158.553,0.5252730
1050,17.766,167.455,77.950,147.336,0.5757080
1050,456.723,200.958,27.128,48.756,0.0129560
1050,534.567,196.528,38.421,56.433,0.0088270
1050,502.873,203.428,24.729,47.008,0.0069130
1050,654.570,191.744,42.683,84.079,0.0073760
1050,651.323,192.122,23.695,48.453,0.0241520
1050,673.692,183.033,33.441,73.379,0.0059550
1050,168.633,186.119,32.044,85.816,0.8480320
1050,12.556,184.507,45.190,127.560,0.0548360
1050,155.354,165.108,54.960,153.438,0.0102750
1050,386.260,180.717,43.720,89.390,0.0089630
1050,341.635,73.232,118.192,301.205,0.0070660
1050,333.863,182.164,46.261,86.333,0.0067230
1050,644.836,155.759,67.713,159.492,0.0063580
1050,431.541,200.257,36.087,50.828,0.0051910
1050,443.227,201.924,20.966,39.259,0.0368390
1050,539.914,201.931,22.821,40.898,0.1996190
1050,460.951,196.840,38.431,61.496,0.1672400
1050,456.723,200.958,27.128,48.756,0.1617040
1050,534.567,196.528,38.421,56.433,0.1580450
1050,55.485,148.842,77.416,167.410,0.0062270
1050,608.377,205.191,19.408,32.524,0.4423710
1050,601.457,194.921,41.180,55.964,0.0627150
1050,653.130,182.559,43.169,71.248,0.8816360
1050,502.873,203.428,24.729,47.008,0.2136590
1050,577.435,204.060,20.360,34.473,0.0259690
1050,651.323,192.122,23.695,48.453,0.0253100
1050,673.692,183.033,33.441,73.379,0.0119830
1075,421.928,188.057,45.420,67.791,0.0058240
1075,417.475,196.091,26.204,49.153,0.0477620
1075,585.867,201.067,24.539,38.663,0.0244880
1075,623.106,175.983,38.440,88.602,0.0251980
1075,613.916,193.021,24.695,49.217,0.0123280
1075,632.324,187.919,42.114,92.029,0.0234620
1075,550.301,198.062,24.633,50.548,0.4585290
1075,102.909,176.103,34.215,92.586,0.8627650
1075,310.610,105.566,95.741,230.672,0.0088040
1075,287.509,95.189,80.271,254.693,0.0069330
1075,94.105,178.462,26.600,77.325,0.0052580
1075,421.928,188.057,45.420,67.791,0.1113030
1075,441.097,184.772,41.139,76.227,0.5835840
1075,417.475,196.091,26.204,49.153,0.1554430
1075,585.867,201.067,24.539,38.663,0.5778420
1075,569.949,188.808,39.702,58.592,0.0542700
1075,460.403,193.625,25.186,50.701,0.0392270
1075,628.854,179.748,41.599,86.890,0.8499210
1075,501.639,204.384,24.212,38.241,0.3405680
1075,613.916,193.021,24.695,49.217,0.0700410
1075,492.569,193.722,36.443,55.832,0.0526870
1075,550.301,198.062,24.633,50.548,0.0457350
1075,643.406,190.787,24.880,54.065,0.0172720
1075,523.603,94.225,63.268,267.544,0.0054040
1100,418.128,201.675,20.557,47.871,0.2031570
1100,577.947,205.803,25.279,42.833,0.0133130
1100,641.108,192.409,54.507,83.192,0.3641680
1100,427.658,204.809,26.267,59.630,0.0127920
1100,41.440,167.659,40.038,118.586,0.8744780
1100,629.981,170.398,86.716,135.894,0.0346460
1100,54.302,194.061,18.487,60.150,0.0095750
1100,303.673,220.525,38.682,56.310,0.0082820
1100,10.878,165.687,39.812,115.363,0.0071040
1100,650.259,198.662,21.619,50.032,0.0062390
1100,418.128,201.675,20.557,47.871,0.0619440
1100,574.425,202.243,34.423,51.824,0.5537400
1100,441.321,182.772,43.678,90.067,0.6845100
1100,428.417,191.769,37.683,72.111,0.4481600
1100,644.612,185.514,43.790,86.101,0.7181230
1100,530.295,210.142,20.851,31.208,0.3918390
1100,506.314,208.224,20.829,39.298,0.2691850
1100,490.138,194.669,38.417,65.272,0.0392490
1100,467.510,198.513,22.641,51.235,0.0190860
1100,521.805,200.924,45.110,52.630,0.0158350
1100,408.273,178.759,120.125,97.646,0.0155250
1125,394.391,196.807,18.013,37.398,0.2763330
1125,476.300,198.692,20.140,41.072,0.0101790
1125,585.720,195.522,26.917,47.566,0.0100800
1125,667.680,178.537,41.791,111.547,0.0276800
1125,685.238,193.238,22.464,56.860,0.0084430
1125,604.171,203.286,19.683,34.160,0.0075010
1125,426.050,193.884,20.154,49.845,0.0309380
1125,394.391,196.807,18.013,37.398,0.0192370
1125,476.300,198.692,20.140,41.072,0.0084420
1125,509.037,208.613,18.525,29.822,0.3793630
1125,666.440,176.851,41.262,100.526,0.8614300
1125,428.520,164.046,50.167,115.015,0.7975510
1125,585.720,195.522,26.917,47.566,0.7756250
1125,534.325,207.127,15.731,27.625,0.3928010
1125,450.559,171.154,36.040,125.551,0.0305570
1125,685.238,193.238,22.464,56.860,0.0193010
1125,604.171,203.286,19.683,34.160,0.0112360
1125,662.544,194.990,23.484,52.872,0.0067280
1150,521.313,189.460,36.333,61.196,0.0986570
1150,371.045,156.149,59.612,127.380,0.0503920
1150,293.477,129.008,71.784,169.293,0.0273970
1150,322.566,159.952,72.466,158.180,0.0089850
1150,668.913,146.294,37.278,96.313,0.0073190
1150,650.583,155.381,53.614,140.234,0.0291790
1150,593.029,178.456,84.775,112.938,0.0060350
1150,680.610,159.984,21.847,57.657,0.0144650
1150,396.166,183.829,21.318,52.536,0.0081190
1150,654.017,185.125,23.766,66.346,0.0073160
1150,686.044,174.827,19.774,61.874,0.0059610
1150,278.511,115.759,124.353,196.058,0.3311170
1150,371.045,156.149,59.612,127.380,0.2661210
1150,527.084,197.183,28.335,47.981,0.5042600
1150,322.566,159.952,72.466,158.180,0.0551740
1150,650.583,155.381,53.614,140.234,0.7963370
1150,595.480,172.556,49.436,102.259,0.8154790
1150,517.427,195.186,22.468,39.430,0.6198380
1150,467.731,199.213,15.374,29.962,0.2856690
1150,438.035,195.561,18.039,36.539,0.1497810
1150,671.593,159.505,44.011,156.351,0.0595770
1150,508.719,185.150,34.506,63.524,0.0211680
1150,610.667,192.929,23.665,54.040,0.0125270
1175,531.312,172.487,55.426,128.480,0.0553240
1175,335.638,156.615,60.110,158.489,0.0819960
1175,364.264,185.043,39.948,101.668,0.0094570
1175,270.066,131.923,106.989,195.627,0.0070220
1175,494.608,189.281,29.484,76.403,0.5072300
1175,245.950,140.866,70.883,176.301,0.0118910
1175,419.795,206.188,14.809,28.741,0.6184840
1175,489.300,198.176,25.042,59.264,0.5976580
1175,300.867,169.999,48.469,137.701,0.0598750
1175,237.378,186.324,44.783,110.761,0.0122650
1175,239.304,215.570,21.471,50.578,0.0062800
1175,494.310,175.471,60.868,122.329,0.0054010
1175,388.139,206.669,19.504,38.480,0.0950710
1175,364.264,185.043,39.948,101.668,0.0480430
1175,525.380,170.738,59.765,119.764,0.7424860
1175,277.683,162.007,91.156,148.401,0.0830960
1175,231.909,137.948,98.760,198.278,0.8435240
1175,461.778,205.767,21.189,37.446,0.7309880
1175,327.030,149.134,69.485,154.746,0.7131500
1175,494.608,189.281,29.484,76.403,0.0762000
1175,419.795,206.188,14.809,28.741,0.0448370
1175,489.300,198.176,25.042,59.264,0.0339650
1175,462.258,195.889,34.262,61.396,0.0286470
1175,58.328,104.167,607.710,238.237,0.0071780
1175,377.386,209.158,26.430,51.805,0.0051140
1200,320.975,197.869,18.886,32.520,0.0071450
1200,280.552,192.795,23.080,45.018,0.0149640
1200,253.762,175.242,54.106,123.892,0.2538630
1200,302.910,192.880,35.532,66.420,0.0051130
1200,476.365,194.038,24.921,52.845,0.4782840
1200,419.207,191.650,22.165,44.000,0.1122800
1200,494.263,186.882,23.573,59.016,0.0080530
1200,224.624,157.668,63.121,164.368,0.0096270
1200,414.790,124.792,53.856,219.700,0.0120020
1200,278.714,212.624,26.486,45.669,0.0075090
1200,159.310,188.965,26.229,48.965,0.0059580
1200,320.975,197.869,18.886,32.520,0.3218200
1200,280.552,192.795,23.080,45.018,0.0562430
1200,12.558,232.640,32.280,111.591,0.0221650
1200,259.316,181.979,41.448,92.067,0.0536650
1200,158.554,171.827,53.343,112.419,0.3794760
1200,154.534,46.208,123.410,354.457,0.7338090
1200,225.782,165.213,97.533,144.866,0.0338370
1200,148.145,120.014,78.611,214.129,0.3265590
1200,302.910,192.880,35.532,66.420,0.0061520
1200,476.365,194.038,24.921,52.845,0.3148930
1200,487.957,175.307,38.523,84.389,0.7953640
1200,425.689,176.605,42.460,85.889,0.7693820
1200,377.341,200.226,17.189,30.003,0.6760410
1200,419.207,191.650,22.165,44.000,0.2048870
1200,413.172,146.892,53.029,152.157,0.0419840
1200,494.263,186.882,23.573,59.016,0.0410540
1200,360.513,199.496,16.933,29.990,0.0243590
1200,8.789,264.890,42.799,109.222,0.0110300
1200,172.851,169.432,63.068,144.394,0.0095030
1200,2.000,145.107,66.344,216.060,0.0069100
1200,2.000,30.338,720.000,366.894,0.0062420
1225,59.331,145.663,76.668,167.797,0.2366140
1225,369.606,208.787,15.912,31.986,0.0268740
1225,187.538,182.315,40.235,95.915,0.0071210
1225,98.815,143.702,78.161,175.314,0.4706070
1225,459.596,194.687,21.965,56.997,0.0092260
1225,192.371,209.598,28.618,53.721,0.0653530
1225,238.622,196.272,25.717,51.620,0.0245810
1225,146.784,180.861,39.688,99.318,0.0254320
1225,154.886,216.517,19.581,40.284,0.0235710
1225,74.603,212.738,24.661,55.099,0.0178500
1225,158.621,196.438,24.281,53.355,0.0153800
1225,52.195,176.727,41.187,130.976,0.0147900
1225,460.549,161.103,40.638,155.396,0.0086800
1225,415.512,184.957,50.239,105.748,0.0077410
1225,126.659,212.282,22.433,52.661,0.0070630
1225,54.608,123.164,99.763,226.864,0.0816530
1225,63.609,168.008,58.694,139.685,0.0081390
1225,83.362,156.645,77.571,148.007,0.5126510
1225,411.053,185.726,36.169,85.554,0.8405680
1225,225.562,181.488,45.698,93.535,0.8293510
1225,461.636,182.774,37.135,86.049,0.7764380
1225,369.606,208.787,15.912,31.986,0.7538640
1225,187.538,182.315,40.235,95.915,0.7532180
1225,304.573,202.708,22.623,44.963,0.5465850
1225,290.178,203.632,22.568,44.122,0.3161260
1225,417.559,196.134,23.936,56.629,0.0723840
1225,459.596,194.687,21.965,56.997,0.0426020
1225,377.122,207.358,17.014,34.830,0.0352650
1225,277.502,194.288,33.268,66.719,0.0346330
1225,310.052,210.643,25.879,47.092,0.0241820
1225,192.371,209.598,28.618,53.721,0.0197480
1225,238.622,196.272,25.717,51.620,0.0139520
1225,183.507,164.481,125.016,126.950,0.0102560
1225,389.914,190.965,28.730,71.982,0.0065680
1225,483.812,180.955,33.732,88.122,0.0056430
1250,66.795,139.230,59.893,182.499,0.0887440
1250,231.414,197.766,20.765,38.388,0.3554760
1250,463.346,189.411,35.954,72.698,0.1498420
1250,489.299,185.927,33.491,80.697,0.1200780
1250,406.111,207.933,17.192,31.926,0.0051660
1250,456.331,199.882,23.111,48.150,0.1753170
1250,503.283,197.470,22.999,56.653,0.2093460
1250,108.940,178.134,42.496,145.455,0.0658560
1250,272.492,199.439,19.836,34.192,0.0216450
1250,202.467,197.382,20.564,45.039,0.0196180
1250,123.309,218.719,21.255,49.512,0.0157780
1250,241.957,213.131,22.645,47.561,0.0150970
1250,76.378,217.500,20.544,46.795,0.0144010
1250,202.832,210.896,21.440,54.392,0.0116030
1250,166.258,187.351,38.173,100.913,0.0103220
1250,462.699,210.164,26.160,47.276,0.0100290
1250,172.598,220.240,22.200,43.312,0.0061540
1250,348.265,205.806,23.738,37.036,0.6572990
1250,53.691,197.521,21.544,52.192,0.0138260
1250,56.983,215.305,20.824,50.570,0.0056610
1250,463.346,189.411,35.954,72.698,0.2820020
1250,489.299,185.927,33.491,80.697,0.5388450
1250,60.401,117.985,94.853,240.725,0.8653200
1250,177.240,169.459,51.788,122.602,0.8332600
1250,406.111,207.933,17.192,31.926,0.7801540
1250,322.619,200.849,28.655,48.167,0.7570450
1250,252.107,174.294,42.655,105.358,0.5229400
1250,228.948,177.003,55.921,118.893,0.5160700
1250,456.331,199.882,23.111,48.150,0.3063580
1250,503.283,197.470,22.999,56.653,0.1214340
1250,159.740,154.378,100.049,149.064,0.0488210
1250,424.841,208.513,17.992,32.542,0.0307020
1250,7.686,117.759,43.398,260.308,0.0243000
1250,70.966,177.074,50.901,137.398,0.0147560
1250,314.279,189.654,38.667,88.990,0.0111500
1250,139.827,147.419,69.517,193.542,0.0098650
1250,108.940,178.134,42.496,145.455,0.0069210
1250,158.308,6.179,396.154,432.840,0.0056800
1275,349.203,206.020,21.878,42.777,0.0108050
1275,338.224,197.899,37.882,59.462,0.0064660
1275,474.369,192.297,30.691,66.800,0.0737440
1275,327.008,202.293,26.860,51.533,0.0171410
1275,494.341,196.808,23.563,61.288,0.0405320
1275,432.048,206.637,18.390,37.594,0.5965630
1275,494.864,191.264,38.534,86.232,0.0394360
1275,502.140,204.709,24.272,58.805,0.0237680
1275,532.380,197.268,22.858,64.200,0.6878370
1275,420.008,192.869,34.578,62.203,0.0199120
1275,253.057,181.083,38.087,115.073,0.0129160
1275,487.088,167.036,57.375,140.851,0.0109580
1275,198.666,196.644,26.451,47.521,0.0074030
1275,196.346,178.639,44.949,98.937,0.0059270
1275,121.454,219.875,21.558,49.550,0.0056370
1275,349.203,206.020,21.878,42.777,0.3598550
1275,338.224,197.899,37.882,59.462,0.3353870
1275,205.547,122.965,80.700,229.183,0.8927850
1275,105.447,151.793,75.061,177.523,0.8121690
1275,373.518,203.127,26.987,51.400,0.8120100
1275,479.942,198.325,24.115,52.738,0.7438640
1275,321.278,194.993,37.630,71.985,0.6690240
1275,498.939,186.313,32.937,83.223,0.6543650
1275,494.341,196.808,23.563,61.288,0.1863540
1275,432.048,206.637,18.390,37.594,0.1831900
1275,527.159,192.231,27.802,71.248,0.0090230
1275,2.000,172.881,720.000,171.812,0.0087380
1275,291.992,137.501,53.734,184.194,0.0071130
1275,489.746,165.975,50.014,123.933,0.0061570
1300,191.599,208.670,17.310,39.533,0.0110430
1300,150.966,208.631,18.414,36.538,0.0290410
1300,11.864,33.156,124.474,425.917,0.1429560
1300,45.274,97.875,74.431,311.467,0.3394010
1300,315.288,203.538,24.395,46.427,0.0384780
1300,64.204,151.160,51.906,196.791,0.0115620
1300,505.746,182.520,34.588,88.565,0.1187800
1300,435.811,207.722,16.819,32.956,0.2888310
1300,474.658,199.943,31.924,68.690,0.0065010
1300,610.955,215.803,24.456,48.190,0.0686570
1300,536.283,199.547,25.422,61.445,0.8037110
1300,235.751,196.177,17.786,42.764,0.7322730
1300,494.146,165.044,55.759,143.588,0.0169920
1300,150.966,208.631,18.414,36.538,0.0124390
1300,11.864,33.156,124.474,425.917,0.5676070
1300,45.274,97.875,74.431,311.467,0.3326970
1300,315.288,203.538,24.395,46.427,0.3052580
1300,606.631,210.755,38.380,62.405,0.0743390
1300,64.204,151.160,51.906,196.791,0.0555900
1300,352.682,198.004,30.925,61.803,0.7671810
1300,470.991,191.889,35.635,72.463,0.7199060
1300,295.490,191.339,33.140,71.872,0.7187650
1300,505.746,182.520,34.588,88.565,0.7119740
1300,435.811,207.722,16.819,32.956,0.4992510
1300,385.944,208.879,18.014,33.687,0.0242780
1300,533.111,194.401,29.505,70.827,0.0233130
1300,281.669,172.039,70.912,116.769,0.0142090
1300,16.566,230.447,99.826,242.630,0.0132020
1300,284.775,201.586,23.202,47.273,0.0087940
1300,367.577,178.457,41.851,87.792,0.0068700
1300,41.615,295.931,46.032,117.454,0.0055830
1300,2.000,78.772,716.970,280.384,0.0054390
1325,202.489,196.689,19.234,45.338,0.0489330
1325,145.071,195.764,22.765,46.481,0.6255730
1325,495.832,179.742,34.639,79.034,0.3574660
1325,457.023,194.345,23.416,46.437,0.0726010
1325,426.212,196.172,19.372,37.890,0.0141840
1325,519.556,176.761,32.112,77.976,0.7021080
1325,508.718,191.461,24.299,55.825,0.1181780
1325,233.663,190.414,19.902,42.319,0.0104000
1325,202.489,196.689,19.234,45.338,0.0193610
1325,141.140,193.180,21.838,47.032,0.0565740
1325,495.832,179.742,34.639,79.034,0.1552670
1325,203.380,167.577,50.345,106.999,0.8430130
1325,305.663,182.653,39.833,82.247,0.7658180
1325,272.882,188.438,25.681,54.568,0.7204500
1325,457.023,194.345,23.416,46.437,0.6066410
1325,426.212,196.172,19.372,37.890,0.3358390
1325,318.366,188.648,25.541,53.228,0.2565760
1325,425.219,187.425,34.407,58.794,0.1803760
1325,460.672,190.963,33.261,60.623,0.1488810
1325,405.379,202.261,14.943,26.692,0.0283110
1325,343.259,196.668,16.729,30.211,0.0206000
1325,519.556,176.761,32.112,77.976,0.0114370
1325,283.693,149.121,69.516,155.778,0.0101670
1325,480.094,143.618,59.266,162.915,0.0075920
1325,17.631,119.131,452.542,197.857,0.0059110
1325,313.588,56.243,244.474,311.332,0.0056800
1350,172.511,214.290,23.085,44.898,0.1605220
1350,562.228,200.354,24.341,55.255,0.0317460
1350,545.145,185.285,40.130,85.407,0.0083570
1350,507.483,205.735,23.182,45.960,0.0172160
1350,472.104,205.438,18.946,40.087,0.0525500
1350,543.138,196.812,26.279,54.113,0.0225300
1350,532.443,170.166,61.080,131.488,0.0262890
1350,234.833,200.472,21.274,48.301,0.7528750
1350,195.826,207.406,20.992,44.892,0.6770390
1350,239.829,209.821,22.389,48.485,0.0113110
1350,432.645,114.339,94.269,258.534,0.0110320
1350,332.567,108.787,138.130,277.502,0.0050590
1350,562.228,200.354,24.341,55.255,0.1832390
1350,89.288,158.650,85.129,160.818,0.8802580
1350,278.234,169.429,59.341,134.158,0.8786410
1350,545.145,185.285,40.130,85.407,0.8394800
1350,355.294,200.423,25.862,46.204,0.7805030
1350,507.483,205.735,23.182,45.960,0.7490630
1350,439.924,208.300,15.829,31.922,0.7146530
1350,472.104,205.438,18.946,40.087,0.3810950
1350,463.665,192.753,31.270,63.044,0.0720900
1350,543.138,196.812,26.279,54.113,0.0443250
1350,267.561,197.849,59.672,79.747,0.0440730
1350,530.328,143.055,46.969,174.195,0.0149530
1350,111.522,209.566,57.230,129.087,0.0097370
1350,2.000,132.577,313.981,253.206,0.0094540
1350,391.194,204.273,16.682,27.951,0.0075600
1350,277.401,201.258,21.669,49.133,0.0062190
1350,206.841,28.888,515.159,380.245,0.0050680
1375,231.328,190.284,32.649,90.304,0.0836370
1375,232.295,199.652,22.652,59.426,0.2392810
1375,530.276,201.842,22.696,48.078,0.0341990
1375,536.455,189.777,32.118,76.977,0.0093100
1375,139.311,166.867,56.457,160.269,0.0064600
1375,563.591,160.293,53.648,155.453,0.0092510
1375,211.537,211.802,21.876,49.740,0.0208320
1375,231.328,190.284,32.649,90.304,0.3120610
1375,232.295,199.652,22.652,59.426,0.0105120
1375,354.760,198.114,27.569,51.231,0.7880190
1375,558.590,183.567,42.358,86.407,0.8145000
1375,481.380,203.652,22.840,43.860,0.7890330
1375,427.866,207.220,17.801,34.155,0.7599120
1375,78.817,99.512,126.887,286.308,0.7064430
1375,530.276,201.842,22.696,48.078,0.4568790
1375,494.345,208.508,19.306,38.290,0.1429520
1375,536.455,189.777,32.118,76.977,0.0690880
1375,572.410,197.027,22.556,47.754,0.0312240
1375,64.968,166.552,91.829,165.083,0.0153290
1375,386.700,207.980,17.401,32.147,0.0130330
1375,207.650,132.837,80.021,192.457,0.0116690
1375,139.311,166.867,56.457,160.269,0.0111800
1375,553.569,165.404,63.498,127.283,0.0097520
1375,66.339,29.037,364.111,448.472,0.0058590
1375,492.632,195.619,32.289,63.321,0.0056040
1375,2.000,131.536,334.608,244.099,0.0051540
1400,225.355,206.004,19.618,46.280,0.2013590
1400,574.506,198.036,24.577,53.586,0.0442280
1400,557.651,185.749,45.474,97.575,0.0933850
1400,197.825,206.753,24.081,59.862,0.5156180
1400,207.296,203.537,21.906,56.107,0.1818650
1400,536.975,192.452,40.979,75.782,0.2529070
1400,526.487,202.229,24.459,51.257,0.5077380
1400,532.444,175.024,62.815,124.894,0.0164950
1400,142.265,192.886,38.804,92.286,0.0068810
1400,225.355,206.004,19.618,46.280,0.3658650
1400,417.169,211.726,16.423,30.863,0.0211030
1400,574.506,198.036,24.577,53.586,0.1014960
1400,108.037,185.952,53.540,104.603,0.6561530
1400,200.128,197.247,29.951,71.464,0.0488980
1400,561.680,187.024,41.389,86.599,0.7039890
1400,476.377,205.310,24.278,46.695,0.8511630
1400,403.799,208.102,20.569,38.007,0.8401750
1400,316.772,189.815,36.299,77.532,0.8345760
1400,499.126,208.217,19.983,40.157,0.6886310
1400,536.975,192.452,40.979,75.782,0.2695440
1400,526.487,202.229,24.459,51.257,0.0701530
1400,318.426,201.787,23.605,50.623,0.0652470
1400,505.147,215.222,19.393,37.144,0.0393000
1400,77.862,151.361,121.062,157.559,0.0099230
1400,498.618,196.167,32.205,61.480,0.0087310
1400,390.097,203.107,29.452,50.302,0.0086700
1400,539.186,148.742,42.582,161.166,0.0069800
1400,466.734,196.120,39.084,77.446,0.0066160
1425,637.698,182.332,34.347,83.648,0.0058340
1425,572.974,183.932,41.729,90.531,0.2070440
1425,224.009,190.510,37.190,75.571,0.0538110
1425,185.900,208.517,27.548,53.637,0.6127150
1425,194.217,198.888,33.488,65.222,0.6720950
1425,602.385,183.258,47.796,102.587,0.0596570
1425,550.592,192.994,29.893,70.874,0.5872340
1425,563.868,197.813,22.518,56.784,0.1789050
1425,225.768,197.316,23.104,48.969,0.0515160
1425,93.696,213.065,26.627,45.068,0.7767620
1425,570.263,160.446,67.268,151.157,0.0125320
1425,600.096,157.230,65.892,167.586,0.0110180
1425,278.275,196.287,18.892,50.046,0.0060510
1425,614.014,176.631,41.140,105.323,0.7349740
1425,572.974,183.932,41.729,90.531,0.5351000
1425,403.658,206.080,21.716,41.607,0.8183790
1425,270.566,173.558,45.136,108.665,0.7601230
1425,483.231,208.072,16.281,32.980,0.6573930
1425,502.228,205.230,20.064,42.485,0.3544570
1425,415.390,206.815,15.867,33.055,0.1103150
1425,497.767,191.980,33.336,68.770,0.0716630
1425,550.592,192.994,29.893,70.874,0.0458230
1425,563.868,197.813,22.518,56.784,0.0124390
1425,225.768,197.316,23.104,48.969,0.0056510
1450,187.507,193.898,18.425,44.901,0.1304000
1450,571.007,186.145,38.536,86.899,0.1082190
1450,509.115,202.993,20.324,39.807,0.0414820
1450,675.749,183.659,28.919,85.814,0.0112590
1450,563.278,199.662,25.375,53.794,0.4805560
1450,138.893,208.547,23.729,54.647,0.0428220
1450,644.876,173.176,45.434,136.278,0.0110510
1450,146.113,200.266,31.182,70.767,0.5505700
1450,534.056,204.913,19.027,41.386,0.0723840
1450,534.198,191.217,29.383,69.528,0.0400850
1450,601.092,179.922,49.533,115.331,0.0098070
1450,139.065,200.039,24.738,52.170,0.0108400
1450,17.072,54.307,113.901,347.244,0.9173720
1450,653.525,179.743,45.811,99.049,0.8806640
1450,590.009,169.703,48.079,118.495,0.7379990
1450,381.221,199.152,23.691,49.115,0.7129700
1450,443.001,204.449,20.249,38.675,0.6961740
1450,571.007,186.145,38.536,86.899,0.5019780
1450,451.512,206.689,18.124,32.038,0.4817870
1450,509.115,202.993,20.324,39.807,0.1912040
1450,499.244,188.886,31.878,61.588,0.0484080
1450,675.749,183.659,28.919,85.814,0.0167540
1450,563.278,199.662,25.375,53.794,0.0153330
1450,33.366,170.154,58.330,156.635,0.0145820
1450,430.427,193.867,35.655,53.657,0.0125790
1450,359.996,204.260,17.687,36.355,0.0108480
1450,387.794,206.858,24.312,53.850,0.0096080
1450,604.343,209.741,27.337,56.746,0.0080260
1450,58.758,157.409,64.715,173.037,0.0080110
1450,603.166,196.476,60.316,66.919,0.0072820
1450,476.868,66.030,72.251,327.201,0.0053800
1475,577.358,189.476,37.297,82.432,0.5946120
1475,576.409,199.538,25.676,57.950,0.5869970
1475,607.509,165.850,55.716,149.423,0.1817300
1475,73.362,198.655,40.097,81.974,0.8540080
1475,531.736,202.962,25.011,54.324,0.8277930
1475,149.965,182.782,30.611,74.766,0.8274770
1475,119.761,189.088,37.947,78.947,0.0871800
1475,631.887,193.261,41.107,95.485,0.0157840
1475,86.549,216.085,24.627,53.384,0.0139310
1475,630.529,142.025,58.008,220.046,0.0108540
1475,128.348,198.229,23.408,52.386,0.0104170
1475,422.840,28.148,116.042,438.176,0.0081460
1475,613.879,211.293,23.618,51.923,0.0059810
1475,580.003,194.245,33.753,81.098,0.2436380
1475,352.368,198.005,31.443,65.565,0.8635680
1475,414.210,208.381,22.419,40.562,0.8630910
1475,602.850,163.141,57.725,134.416,0.8331700
1475,492.595,208.032,21.909,41.213,0.7975940
1475,576.409,199.538,25.676,57.950,0.0333000
1475,401.689,211.063,17.729,33.277,0.0174160
1475,488.901,194.449,31.281,68.263,0.0130780
1475,469.501,208.190,17.429,32.806,0.0065110
1500,57.329,169.851,27.180,66.490,0.2569360
1500,386.459,191.305,25.912,50.877,0.0830520
1500,66.278,171.579,29.736,64.839,0.5575380
1500,605.354,148.461,67.774,149.052,0.0511790
1500,540.832,194.263,24.031,44.745,0.1408180
1500,606.913,92.394,96.956,286.700,0.0517810
1500,105.828,174.666,32.353,77.898,0.8449170
1500,604.063,192.688,21.555,42.804,0.1713210
1500,576.058,168.780,32.841,91.869,0.0571080
1500,568.072,192.527,23.459,44.695,0.0395090
1500,285.617,195.153,21.677,45.728,0.0122290
1500,109.358,57.463,414.858,411.327,0.0077400
1500,109.517,146.838,53.765,160.041,0.0054320
1500,57.329,169.851,27.180,66.490,0.0928890
1500,66.278,171.579,29.736,64.839,0.0354230
1500,292.053,176.730,45.302,95.288,0.8302550
1500,603.136,151.526,64.570,126.251,0.7680620
1500,379.125,190.600,32.539,64.647,0.6344550
1500,540.832,194.263,24.031,44.745,0.0780250
1500,606.913,92.394,96.956,286.700,0.0531060
1500,628.141,150.235,52.220,89.206,0.0099060
1500,519.989,196.799,19.475,32.834,0.0085210
1500,2.000,2.000,683.526,511.087,0.0055170
1500,288.100,184.155,31.607,72.284,0.0050230
1525,433.879,201.632,17.323,37.776,0.0081980
1525,10.116,172.850,31.621,71.282,0.2658040
1525,667.252,168.469,51.278,154.107,0.0133180
1525,93.310,187.656,31.303,66.487,0.4994270
1525,650.019,152.353,45.509,156.648,0.0051760
1525,11.032,164.919,20.660,59.704,0.0072310
1525,601.943,196.860,25.017,58.849,0.7548700
1525,611.431,187.725,28.104,92.676,0.1237380
1525,619.705,166.624,41.597,126.754,0.0063630
1525,284.606,206.266,17.497,35.391,0.0054580
1525,3.133,163.954,47.631,140.243,0.0050550
1525,662.435,200.445,19.342,43.609,0.0302300
1525,10.116,172.850,31.621,71.282,0.4523310
1525,659.078,208.059,25.228,56.532,0.0122310
1525,114.374,142.918,93.787,187.032,0.8570470
1525,349.140,192.924,40.027,73.384,0.8019100
1525,585.359,203.240,21.547,46.755,0.7555510
1525,667.252,168.469,51.278,154.107,0.4902380
1525,93.505,191.662,34.420,67.066,0.2216560
1525,652.282,126.038,50.020,223.727,0.1678540
1525,353.227,203.025,24.724,51.911,0.0399960
1525,11.032,164.919,20.660,59.704,0.0163280
1525,29.917,166.335,47.142,96.480,0.0083430
1525,112.383,158.489,47.237,140.804,0.0059430
1550,649.986,196.654,34.487,62.114,0.8304470
1550,14.719,175.346,40.918,92.567,0.8662820
1550,13.296,179.935,24.191,69.122,0.0149240
1550,13.566,161.698,36.073,65.874,0.0053820
1550,651.783,198.625,30.365,53.752,0.0617920
1550,262.114,163.359,66.449,145.762,0.8435780
1550,2.000,90.352,631.021,338.427,0.0201540
1550,301.029,202.865,23.722,39.159,0.0050390
1575,625.625,201.010,25.255,46.884,0.8003020
1600,591.628,187.250,21.696,48.130,0.0487830
1600,429.522,197.670,18.022,35.672,0.0058540
1600,597.036,184.115,28.950,56.557,0.7610060
1600,591.628,187.250,21.696,48.130,0.3921300
1625,41.922,453.230,20.563,33.587,0.0060810
1625,313.179,203.018,19.563,33.297,0.0053200
1625,520.138,174.955,39.499,70.333,0.8391850
1650,255.363,131.345,64.571,170.296,0.0175670
1650,683.514,191.859,23.739,57.157,0.7244350
1650,293.279,156.913,44.435,106.409,0.0108320
1650,677.147,179.184,31.321,110.106,0.0050410
1650,679.288,190.821,25.865,59.354,0.0828200
1650,253.422,150.405,64.428,127.473,0.8169780
1650,10.105,46.114,550.374,347.664,0.0061880
1700,644.854,200.381,41.771,92.983,0.0058640
1700,413.577,177.480,41.242,91.906,0.8043070
1725,457.187,193.407,44.015,94.620,0.3434950
1725,457.187,193.407,44.015,94.620,0.2512930
1725,150.385,169.024,70.423,138.410,0.7435830
1725,460.078,210.806,26.778,58.962,0.0097440
1750,213.879,147.323,40.745,92.513,0.0684540
1750,590.215,182.678,21.907,41.094,0.1556120
1750,611.425,180.490,20.611,40.330,0.3306640
1750,654.511,188.922,17.749,38.367,0.0096190
1750,469.818,183.991,37.038,65.224,0.0077890
1750,183.815,137.127,76.059,114.723,0.0410650
1750,213.879,147.323,40.745,92.513,0.0101510
1750,590.215,182.678,21.907,41.094,0.1348560
1750,613.048,174.528,19.738,39.399,0.0514680
1750,603.328,172.145,37.609,57.081,0.0084520
1775,387.643,209.559,28.332,52.797,0.0441600
1775,495.735,203.545,18.495,40.053,0.3806310
1775,341.633,193.118,25.621,60.438,0.5652270
1775,462.609,207.550,18.218,35.936,0.2359820
1775,142.801,243.651,49.689,88.963,0.0063770
1775,530.939,196.478,17.766,35.131,0.4629480
1775,565.111,168.442,19.098,44.846,0.2253770
1775,557.809,160.384,35.677,93.156,0.0367090
1775,426.568,207.642,19.490,34.475,0.0310130
1775,569.026,188.349,16.753,33.440,0.0225860
1775,321.582,179.726,34.152,97.250,0.0105470
1775,457.694,197.052,34.580,56.230,0.0082860
1775,537.981,176.432,29.994,70.308,0.0076240
1775,375.840,187.882,39.933,81.665,0.5141660
1775,341.249,195.270,34.455,62.362,0.2661150
1775,387.643,209.559,28.332,52.797,0.0288570
1775,495.735,203.545,18.495,40.053,0.1650160
1775,462.609,207.550,18.218,35.936,0.0403040
1775,142.801,243.651,49.689,88.963,0.0131150
1775,117.897,258.311,50.026,75.383,0.0111140
1775,358.391,151.226,84.331,152.791,0.0088700
1800,649.949,194.893,20.384,36.840,0.0434790
1800,391.877,206.587,19.829,38.756,0.1089390
1800,435.701,204.013,16.896,31.216,0.2491570
1800,353.650,202.494,23.827,48.617,0.7018670
1800,502.391,196.364,14.516,29.535,0.4674400
1800,223.888,182.981,27.323,75.457,0.3988630
1800,204.238,189.715,29.561,65.200,0.2687800
1800,473.702,169.495,18.206,44.890,0.1193420
1800,462.640,195.815,17.103,34.457,0.0440630
1800,462.151,162.972,33.425,80.341,0.0214960
1800,2.000,49.607,369.740,405.855,0.0099660
1800,257.808,167.309,36.001,97.258,0.0054060
1800,649.949,194.893,20.384,36.840,0.0185480
1800,136.876,169.144,57.027,118.569,0.8522830
1800,391.877,206.587,19.829,38.756,0.1420260
1800,435.701,204.013,16.896,31.216,0.0252980
1800,353.650,202.494,23.827,48.617,0.0217730
1800,388.474,195.854,33.155,56.104,0.0072550
1800,2.000,96.996,369.228,249.741,0.0066000
1800,209.674,20.806,12.056,13.904,0.0053880
1825,630.123,195.219,14.895,38.092,0.0495230
1825,654.095,193.664,19.253,42.923,0.1119400
1825,507.957,198.856,15.018,30.545,0.2017860
1825,431.685,20.141,157.371,387.290,0.0053840
1825,322.555,204.200,27.604,50.379,0.3222820
1825,378.780,203.461,24.329,45.797,0.6802040
1825,345.612,206.463,23.314,42.730,0.3784390
1825,98.234,181.746,28.826,87.156,0.7387800
1825,417.008,205.299,18.980,34.784,0.6801890
1825,139.661,177.809,34.667,89.271,0.6071750
1825,120.688,181.114,34.551,84.123,0.3888250
1825,448.402,157.315,40.367,99.732,0.0770840
1825,466.342,196.676,18.546,38.021,0.0401350
1825,457.831,169.661,20.603,46.629,0.0200440
1825,414.260,191.467,32.592,60.991,0.0081670
1825,444.105,118.182,68.571,207.853,0.0068230
1825,207.535,199.466,17.225,43.036,0.0051540
1825,630.123,195.219,14.895,38.092,0.0202440
1825,654.095,193.664,19.253,42.923,0.3906780
1825,507.957,198.856,15.018,30.545,0.1337500
1825,496.999,185.431,35.972,58.724,0.0100720
1825,527.330,197.907,18.961,40.515,0.6347200
1825,322.555,204.200,27.604,50.379,0.5040730
1825,378.780,203.461,24.329,45.797,0.1093310
1825,345.612,206.463,23.314,42.730,0.0518920
1825,171.757,20.821,14.455,15.927,0.0105460
1825,645.531,188.149,36.791,60.248,0.0103470
1825,188.883,2.000,53.169,50.999,0.0072000
1825,203.817,17.776,14.610,17.949,0.0065270
1850,484.323,206.234,16.162,30.232,0.3920090
1850,502.844,205.389,19.130,33.727,0.0274440
1850,636.184,195.099,16.867,39.468,0.1202210
1850,642.189,199.114,18.166,41.117,0.4729310
1850,337.818,205.375,25.702,47.048,0.6508580
1850,308.059,204.565,25.112,49.615,0.2849400
1850,389.376,206.619,20.239,39.748,0.6386750
1850,384.095,194.986,36.433,65.484,0.0130670
1850,5.364,174.297,33.620,100.251,0.7778060
1850,275.338,201.163,29.412,58.689,0.7767370
1850,418.747,155.845,49.642,106.137,0.0821320
1850,434.421,163.924,18.175,44.031,0.0492250
1850,10.964,183.947,21.095,67.649,0.0204350
1850,4.592,125.837,47.426,197.372,0.0174860
1850,435.105,194.476,20.082,43.360,0.0119450
1850,638.155,191.028,31.717,65.373,0.0070590
1850,33.647,167.569,29.650,98.824,0.0053270
1850,484.323,206.234,16.162,30.232,0.0168170
1850,491.481,192.797,39.683,54.637,0.0059360
1850,502.844,205.389,19.130,33.727,0.2321640
1850,636.184,195.099,16.867,39.468,0.0052670
1850,534.255,201.438,15.052,29.858,0.1640240
1850,337.818,205.375,25.702,47.048,0.1334020
1850,308.059,204.565,25.112,49.615,0.0709000
1850,389.376,206.619,20.239,39.748,0.0195930
1850,384.095,194.986,36.433,65.484,0.0062490
1850,125.767,12.812,13.754,16.629,0.0053780
1875,462.172,199.601,19.174,35.811,0.0450620
1875,602.619,194.004,17.105,39.918,0.2366680
1875,221.125,189.887,36.314,77.989,0.3902560
1875,268.513,201.119,28.887,52.891,0.7023880
1875,444.722,200.666,16.650,26.962,0.3421430
1875,188.120,196.035,32.078,69.747,0.8657440
1875,327.088,200.300,26.876,50.811,0.8416990
1875,365.250,164.575,54.256,89.958,0.1430650
1875,335.270,176.364,46.291,85.583,0.0496940
1875,337.698,202.029,23.929,41.651,0.0490250
1875,389.914,197.754,21.194,36.916,0.0180790
1875,386.044,167.745,18.529,45.391,0.0122950
1875,371.657,126.863,62.856,168.132,0.0076460
1875,455.523,193.544,33.937,50.329,0.0528830
1875,462.172,199.601,19.174,35.811,0.2816690
1875,317.138,195.228,34.563,59.936,0.0158940
1875,602.619,194.004,17.105,39.918,0.3369420
1875,221.125,189.887,36.314,77.989,0.3816770
1875,496.240,199.659,15.536,30.542,0.2103170
1875,264.963,195.893,33.038,62.736,0.1010210
1875,444.722,200.666,16.650,26.962,0.0063380
1900,427.164,199.026,22.374,44.074,0.0779900
1900,493.672,203.906,15.838,35.987,0.6328890
1900,396.792,207.377,16.588,28.582,0.0069340
1900,145.352,192.891,37.939,90.712,0.0162080
1900,92.718,193.193,35.524,89.714,0.8563910
1900,186.882,192.998,33.950,75.844,0.8328420
1900,261.467,201.135,26.634,52.219,0.7216510
1900,122.854,190.203,36.616,91.230,0.5975650
1900,364.993,206.680,17.710,33.887,0.0565690
1900,301.161,154.266,52.513,124.993,0.0221120
1900,237.159,184.683,36.912,86.410,0.0138900
1900,328.047,133.474,15.453,36.040,0.0110340
1900,249.120,199.164,24.588,49.991,0.0107180
1900,133.205,207.726,22.487,58.633,0.0094260
1900,337.274,188.389,42.336,63.394,0.0073210
1900,195.012,177.823,37.850,131.359,0.0065820
1900,427.164,199.026,22.374,44.074,0.2661190
1900,476.023,201.100,19.573,40.531,0.6755320
1900,123.283,187.168,40.401,90.743,0.0276220
1900,278.847,154.112,93.549,131.796,0.0248080
1900,396.792,207.377,16.588,28.582,0.0096620
1900,457.501,197.929,30.192,50.996,0.0074430
1900,148.374,211.019,25.761,55.164,0.0065720
1900,145.352,192.891,37.939,90.712,0.0059260
1900,412.579,124.377,54.871,203.403,0.0052270
1925,7.969,190.488,22.280,105.904,0.0370380
1925,73.390,186.483,36.430,90.082,0.4754990
1925,283.131,196.618,19.330,41.139,0.0104920
1925,85.861,211.658,29.268,53.358,0.2228920
1925,360.165,193.574,29.513,56.848,0.0299660
1925,390.249,196.578,24.793,54.597,0.0439160
1925,173.278,197.493,28.889,59.108,0.6646090
1925,199.492,113.395,104.044,206.976,0.0892450
1925,188.024,200.918,22.084,50.618,0.0545900
1925,182.037,189.877,37.901,76.922,0.0208660
1925,68.698,118.333,45.006,253.618,0.0167290
1925,148.326,160.353,55.181,160.772,0.0129350
1925,239.032,87.876,52.736,109.528,0.0103610
1925,264.624,156.734,43.903,110.533,0.0102630
1925,223.745,198.791,55.822,85.985,0.0079470
1925,7.969,190.488,22.280,105.904,0.1938550
1925,73.390,186.483,36.430,90.082,0.2709320
1925,85.861,211.658,29.268,53.358,0.3263950
1925,168.291,192.781,34.336,72.490,0.1627410
1925,383.880,192.318,33.736,68.004,0.5505570
1925,356.449,192.528,37.809,63.414,0.8031360
1925,435.196,196.310,21.981,48.286,0.6800640
1925,199.492,113.395,104.044,206.976,0.0463860
1925,417.506,192.638,29.599,60.916,0.0268940
1925,362.747,121.492,72.275,216.282,0.0063440
1925,2.000,134.887,51.922,185.734,0.0051530
1950,26.138,182.595,22.651,57.321,0.1079120
1950,233.160,190.774,18.315,40.551,0.3029760
1950,423.966,191.010,18.586,41.715,0.0866070
1950,243.244,172.900,37.954,86.600,0.0201940
1950,372.966,189.336,23.331,58.598,0.0064810
1950,292.886,174.689,39.180,96.304,0.0062770
1950,354.797,189.314,20.266,49.686,0.1705810
1950,36.512,180.087,18.825,52.932,0.2890710
1950,313.927,193.300,20.401,44.821,0.0925170
1950,91.843,50.704,86.993,271.471,0.0521850
1950,34.063,179.981,28.930,83.166,0.0258680
1950,240.687,177.911,19.136,32.311,0.0203960
1950,457.722,202.582,16.454,33.186,0.0135310
1950,276.348,191.155,19.672,44.111,0.0125890
1950,125.081,176.408,45.239,91.595,0.0124060
1950,30.103,41.434,134.252,297.016,0.0096590
1950,44.523,213.506,16.848,46.081,0.0071350
1950,151.099,174.552,39.873,79.467,0.0056690
1950,26.138,182.595,22.651,57.321,0.0434770
1950,423.966,191.010,18.586,41.715,0.5646570
1950,243.244,172.900,37.954,86.600,0.7042770
1950,266.242,170.102,52.529,103.853,0.6264170
1950,372.966,189.336,23.331,58.598,0.6135680
1950,292.886,174.689,39.180,96.304,0.3942550
1950,344.000,182.588,29.485,70.480,0.2107140
1950,354.797,189.314,20.266,49.686,0.0577690
1950,238.353,130.823,42.766,174.677,0.0106590
1950,377.853,211.634,21.972,45.210,0.0059160
1950,417.414,183.936,27.545,68.862,0.0052330
1975,94.131,190.868,20.351,37.324,0.0393190
1975,8.927,125.887,52.273,168.306,0.0216800
1975,200.990,181.802,37.000,77.754,0.0374640
1975,343.645,188.586,19.459,42.568,0.0958500
1975,139.058,191.276,20.565,38.000,0.2009860
1975,193.014,192.896,20.354,43.931,0.2182410
1975,307.464,184.242,24.663,58.215,0.3125120
1975,276.537,187.145,21.863,50.419,0.0299410
1975,171.947,194.013,16.216,28.039,0.0463250
1975,237.732,189.149,21.404,49.373,0.0736100
1975,123.283,187.522,44.182,55.117,0.0086340
1975,94.131,190.868,20.351,37.324,0.0068630
1975,14.357,127.444,57.952,161.902,0.6563130
1975,300.080,175.629,32.840,82.130,0.6920520
1975,200.990,181.802,37.000,77.754,0.6253880
1975,229.071,175.537,43.149,87.950,0.5947550
1975,343.645,188.586,19.459,42.568,0.5624720
1975,139.058,191.276,20.565,38.000,0.2440400
1975,261.515,169.044,35.714,97.088,0.0824990
1975,193.014,192.896,20.354,43.931,0.0783440
1975,183.838,170.772,61.822,105.662,0.0173460
1975,394.544,201.197,17.259,31.782,0.0106800
1975,276.537,187.145,21.863,50.419,0.0098530
1975,171.947,194.013,16.216,28.039,0.0088820
1975,2.000,61.717,403.856,319.594,0.0062280
2000,231.478,200.314,26.587,47.291,0.5136280
2000,305.588,199.390,19.733,37.101,0.0060450
2000,279.179,201.701,19.418,37.128,0.0795450
2000,98.610,171.751,44.314,127.017,0.0401200
2000,210.847,197.899,21.286,40.099,0.0116140
2000,113.794,202.094,27.707,69.460,0.0062460
2000,167.958,192.564,22.125,46.664,0.0057800
2000,231.478,200.314,26.587,47.291,0.1229450
2000,69.043,151.462,72.469,153.692,0.8639120
2000,147.751,126.150,78.544,207.217,0.7191260
2000,305.588,199.390,19.733,37.101,0.7035490
2000,279.179,201.701,19.418,37.128,0.5847800
2000,171.586,161.899,62.421,132.598,0.3206630
2000,87.852,188.057,82.542,79.148,0.0082690
2000,2.000,47.346,672.422,356.069,0.0066610
2000,269.389,197.477,33.488,56.391,0.0057170
2000,210.847,197.899,21.286,40.099,0.0054850
2000,382.167,202.474,16.821,31.401,0.0051270
2025,264.453,201.978,17.831,35.918,0.1187340
2025,114.673,203.074,18.150,31.199,0.3622770
2025,198.621,194.493,41.110,65.434,0.0054630
2025,198.174,200.234,21.770,45.843,0.1254430
2025,264.453,201.978,17.831,35.918,0.3635030
2025,198.621,194.493,41.110,65.434,0.0831760
2025,198.174,200.234,21.770,45.843,0.1524290
2025,255.913,197.298,30.850,48.932,0.0060000
2025,175.373,127.679,84.687,196.371,0.0106480
2025,233.949,203.803,20.545,38.357,0.0221820
2025,361.468,219.261,14.688,31.088,0.0059740
2025,128.004,2.000,149.238,475.373,0.0050510
2050,162.018,181.174,42.754,94.590,0.6593870
2050,195.506,203.134,22.767,45.068,0.0287120
2050,85.456,194.014,30.940,60.412,0.0398470
2050,163.721,199.403,21.062,48.754,0.0296180
2050,181.022,194.375,39.389,66.797,0.0146480
2050,162.018,181.174,42.754,94.590,0.0798420
2050,195.506,203.134,22.767,45.068,0.4831250
2050,153.869,138.410,52.113,176.407,0.0179660
2050,239.717,210.058,21.612,35.790,0.0582060
2050,41.089,206.075,18.611,36.855,0.5947690
2050,84.156,201.058,21.905,45.067,0.4579360
2050,267.105,211.421,18.962,29.561,0.0145950
2075,118.542,207.914,19.131,41.213,0.0185310
2075,8.537,166.461,46.512,150.611,0.0206450
2075,232.600,219.331,33.712,54.498,0.0058390
2075,58.857,199.217,17.913,42.747,0.0332090
2075,148.879,198.136,23.629,60.442,0.6334580
2075,150.594,143.086,64.769,213.961,0.0068120
2075,15.651,188.320,21.423,56.977,0.0059120
2075,264.029,218.919,21.893,41.073,0.0053250
2075,118.542,207.914,19.131,41.213,0.2483510
2075,147.389,193.073,34.497,74.662,0.6230330
2075,232.600,219.331,33.712,54.498,0.0210930
2075,238.657,220.964,21.813,37.990,0.1297510
2075,7.197,159.430,56.220,154.507,0.7463140
2075,216.542,217.306,20.694,44.144,0.2290610
2075,58.857,199.217,17.913,42.747,0.1841860
2075,27.690,176.949,49.334,117.350,0.1522260
2075,153.416,208.909,22.854,51.687,0.0340170
2075,150.594,143.086,64.769,213.961,0.0055690
2100,125.320,169.469,22.026,47.148,0.0355810
2100,127.393,179.293,27.013,54.664,0.0815520
2100,127.813,179.607,31.706,65.826,0.0055130
2125,76.210,201.210,23.793,45.507,0.0097210
2125,4.483,156.384,60.306,141.262,0.7937090
2125,76.210,201.210,23.793,45.507,0.7439340
2150,57.983,200.373,25.606,54.108,0.0091130
2150,95.265,204.695,20.531,45.131,0.0180030
2150,53.763,193.604,36.135,74.603,0.8330990
2150,110.742,201.417,24.988,54.554,0.8050080
2150,80.897,195.004,31.805,69.990,0.0160200
2150,95.265,204.695,20.531,45.131,0.0129280
2175,19.371,205.988,21.614,45.962,0.1948950
2175,14.478,211.345,19.291,50.120,0.0081260
2175,137.792,208.848,19.442,33.092,0.0084230
2175,19.371,205.988,21.614,45.962,0.0398120
2175,14.478,211.345,19.291,50.120,0.0668350
2175,148.082,208.198,23.865,46.809,0.8704070
2175,41.681,183.390,51.326,109.211,0.8004240
2175,21.239,187.183,24.330,101.430,0.0289070
2200,45.479,200.101,19.477,38.807,0.0120560
2200,76.844,198.212,20.156,41.941,0.0065430
2200,175.745,197.269,23.683,53.206,0.7699220
2200,185.474,201.016,18.974,43.578,0.0456150
2200,239.847,202.951,15.827,38.321,0.0066260
2200,45.479,200.101,19.477,38.807,0.3927590
2200,76.844,198.212,20.156,41.941,0.7277540
2200,175.745,197.269,23.683,53.206,0.0143680
2200,69.884,194.948,31.650,59.653,0.0106470
2225,149.929,208.793,18.341,38.991,0.0125220
2225,117.891,211.303,17.878,36.658,0.0120730
2225,231.295,205.508,27.763,59.533,0.2502890
2225,95.702,210.182,16.487,32.144,0.0140350
2225,149.929,208.793,18.341,38.991,0.7135390
2225,236.244,206.324,27.165,51.076,0.6627410
2225,117.891,211.303,17.878,36.658,0.6073690
2225,143.202,200.281,34.693,53.958,0.0068880
2250,264.792,197.615,23.285,45.079,0.5550970
2250,339.709,192.747,28.944,60.540,0.8473290
2250,213.609,205.997,17.187,31.535,0.1037090
2250,225.539,203.777,18.371,33.074,0.6208760
2250,264.792,197.615,23.285,45.079,0.2021370
2275,435.636,188.402,29.759,57.628,0.0335510
2275,327.872,195.280,17.410,31.580,0.0137110
2275,350.761,196.769,20.350,39.492,0.0459510
2275,284.813,198.092,22.222,27.633,0.0423080
2275,435.306,185.260,33.093,67.405,0.8529100
2275,327.872,195.280,17.410,31.580,0.4604410
2275,350.761,196.769,20.350,39.492,0.1225800
2275,374.905,192.023,20.987,37.420,0.0153470
2275,348.908,190.058,35.783,50.513,0.0106860
2300,429.602,224.170,20.055,40.360,0.0104330
2300,534.653,221.054,22.660,54.026,0.0058120
2300,281.091,219.031,16.915,31.693,0.0195690
2300,400.187,223.512,19.802,33.408,0.0797990
2300,520.592,207.433,37.098,83.796,0.8191180
2300,429.602,224.170,20.055,40.360,0.0976710
2300,449.001,225.173,22.672,43.670,0.0833390
2300,534.653,221.054,22.660,54.026,0.0442000
2325,437.244,206.574,15.423,28.100,0.0082980
2325,505.086,207.343,19.003,37.660,0.0230200
2325,633.399,179.799,36.462,96.584,0.0087290
2325,610.561,177.315,39.795,125.169,0.0051070
2325,437.244,206.574,15.423,28.100,0.3684240
2325,504.489,200.366,33.812,51.814,0.0329910
2325,619.201,182.447,44.826,95.502,0.8416590
2325,460.190,208.899,15.981,28.644,0.1950920
2325,505.086,207.343,19.003,37.660,0.1684930
2325,621.258,189.442,26.273,64.486,0.0407810
2325,525.734,204.335,19.824,44.504,0.0407200
2350,581.051,192.496,27.502,54.812,0.0814330
2350,476.116,206.444,13.641,27.150,0.0258370
2350,505.775,205.107,14.509,30.243,0.0094760
2350,372.818,200.810,19.928,34.746,0.3115750
2350,581.051,192.496,27.502,54.812,0.6764440
2350,553.762,202.257,19.468,34.797,0.6431150
2350,476.116,206.444,13.641,27.150,0.5369430
2350,505.775,205.107,14.509,30.243,0.2658800
2375,575.093,207.282,17.741,38.087,0.0449320
2375,604.064,195.699,32.783,59.764,0.5067920
2375,506.136,208.873,15.510,32.478,0.0138020
2375,41.978,455.930,24.324,34.879,0.0075240
2375,371.990,203.402,22.995,38.093,0.0905930
2375,575.093,207.282,17.741,38.087,0.2727550
2375,604.064,195.699,32.783,59.764,0.3112270
2375,574.876,194.480,35.301,62.334,0.0120210
2375,477.303,206.167,17.590,37.358,0.7095480
2375,548.834,209.341,15.432,30.816,0.2485570
2375,506.136,208.873,15.510,32.478,0.1767950
2400,301.917,202.160,26.596,41.403,0.4243090
2400,432.289,205.770,19.219,37.567,0.0077240
2400,531.188,209.654,16.398,32.803,0.0063040
2400,601.034,193.597,38.325,81.490,0.0069930
2400,511.910,209.999,14.668,29.975,0.0096270
2400,470.162,205.116,16.700,37.007,0.0076240
2400,600.405,165.139,46.372,150.055,0.0104360
2400,301.917,202.160,26.596,41.403,0.0922870
2400,596.916,188.452,39.446,79.060,0.8422840
2400,565.535,207.528,19.960,38.621,0.7104940
2400,432.289,205.770,19.219,37.567,0.6622250
2400,531.188,209.654,16.398,32.803,0.5784770
2400,511.910,209.999,14.668,29.975,0.3516670
2400,608.948,199.012,23.653,49.343,0.1617710
2400,470.162,205.116,16.700,37.007,0.0984360
2400,567.237,193.919,38.289,69.453,0.0177720
2400,428.590,190.738,29.620,60.709,0.0080200
2425,633.252,202.173,38.480,71.980,0.0699640
2425,239.066,196.345,29.321,53.583,0.0381280
2425,419.792,209.505,14.994,30.219,0.0225960
2425,504.075,211.738,14.145,29.849,0.0084460
2425,611.388,185.239,41.964,119.486,0.0075070
2425,618.861,187.753,44.241,86.882,0.8902420
2425,401.057,204.978,21.066,40.213,0.7916670
2425,571.633,208.866,20.916,42.751,0.7444460
2425,239.066,196.345,29.321,53.583,0.7185780
2425,460.405,209.282,18.179,37.467,0.6056180
2425,419.792,209.505,14.994,30.219,0.5454470
2425,504.075,211.738,14.145,29.849,0.2436150
2425,572.117,194.698,33.823,71.086,0.0526430
2425,626.943,196.251,23.718,60.973,0.0406750
2425,646.152,201.874,21.949,54.834,0.0402260
2425,540.317,210.807,15.161,32.436,0.0378810
2425,425.381,218.145,16.424,31.785,0.0091630
2425,455.360,196.401,30.344,60.457,0.0077200
2450,380.094,207.868,17.415,29.288,0.0854050
2450,417.971,200.213,25.410,47.548,0.0060680
2450,467.271,209.156,18.386,31.736,0.0115120
2450,652.870,179.088,39.883,110.261,0.2738190
2450,147.088,180.539,27.848,63.306,0.0104980
2450,133.991,180.734,27.295,66.656,0.0472380
2450,677.453,172.722,31.079,106.482,0.0141710
2450,691.926,198.468,19.671,49.804,0.0075760
2450,654.050,196.281,19.652,49.411,0.0066720
2450,655.867,208.270,24.870,52.834,0.0055640
2450,380.094,207.868,17.415,29.288,0.5181610
2450,136.282,173.409,42.490,89.575,0.8752570
2450,363.294,199.015,23.555,42.255,0.7899360
2450,595.545,206.392,17.532,41.186,0.7866790
2450,639.104,179.456,48.541,95.292,0.7692830
2450,491.218,205.968,15.732,34.241,0.7489140
2450,417.971,200.213,25.410,47.548,0.7019730
2450,467.271,209.156,18.386,31.736,0.5558510
2450,606.757,204.784,18.871,42.602,0.1858830
2450,133.991,180.734,27.295,66.656,0.0166270
2450,608.401,187.023,36.201,74.812,0.0147880
2450,543.885,204.276,13.471,26.865,0.0119660
2450,586.849,195.472,31.110,62.068,0.0074090
2475,680.031,155.257,24.098,138.283,0.0159040
2475,346.401,194.301,21.060,42.723,0.0421500
2475,349.328,185.129,33.763,71.629,0.0093650
2475,681.977,128.194,35.982,187.783,0.0059620
2475,682.850,189.055,18.311,72.231,0.0291120
2475,680.031,155.257,24.098,138.283,0.0827160
2475,662.103,197.185,18.827,49.867,0.0080710
2475,369.568,184.704,31.124,70.712,0.8304890
2475,442.662,197.439,18.943,37.312,0.7807020
2475,311.534,182.361,34.408,66.965,0.7561250
2475,470.137,196.060,19.761,39.916,0.7323880
2475,615.395,198.177,22.101,46.881,0.6781150
2475,346.401,194.301,21.060,42.723,0.5931810
2475,349.328,185.129,33.763,71.629,0.1629320
2475,431.246,187.958,29.221,65.078,0.0125000
2475,681.977,128.194,35.982,187.783,0.0120810
2475,461.690,191.757,27.235,65.038,0.0101140
2475,296.614,154.973,57.002,145.354,0.0054070
2500,402.852,202.078,23.548,44.322,0.0116910
2500,433.135,202.264,23.455,45.229,0.0076030
2500,257.675,165.663,54.498,140.310,0.0052460
2500,224.298,190.392,26.090,52.847,0.0196250
2500,272.549,194.307,20.491,44.221,0.0098670
2500,210.849,189.516,21.026,50.092,0.0068380
2500,203.253,171.023,48.233,99.087,0.8555790
2500,258.290,175.689,57.333,108.343,0.8466270
2500,402.852,202.078,23.548,44.322,0.7359620
2500,624.755,201.843,20.074,40.149,0.6970860
2500,433.135,202.264,23.455,45.229,0.5025980
2500,453.859,209.672,16.183,30.919,0.0077660
2525,680.947,189.486,22.388,51.332,0.1144320
2525,202.089,174.303,32.493,73.816,0.8829700
2525,680.947,189.486,22.388,51.332,0.5444810
2525,357.724,188.937,28.319,52.203,0.7734340
2525,396.577,188.360,34.226,68.229,0.7253260
2525,650.674,194.743,23.228,43.230,0.7091040
2525,411.521,198.811,21.847,40.604,0.0160800
2525,626.755,195.714,16.072,30.233,0.0117510
2550,293.300,180.644,34.002,97.798,0.0624250
2550,643.518,196.769,34.982,63.755,0.7972430
2550,268.060,186.511,54.026,101.495,0.0125940
2550,280.133,205.817,26.855,57.465,0.0073900
2550,280.275,175.203,40.596,105.778,0.8167280
2550,334.454,185.107,44.617,92.908,0.8079890
2550,8.598,158.948,51.398,127.855,0.7682140
2550,38.442,188.405,22.146,53.622,0.0186230
2550,300.561,195.188,25.462,64.012,0.0148460
2550,347.420,196.169,23.149,59.636,0.0051110
2575,16.612,141.550,75.092,144.358,0.0234540
2575,580.533,203.382,16.842,30.796,0.0094920
2575,504.329,192.963,25.454,50.405,0.1544370
2575,506.136,184.085,35.158,77.704,0.8230620
2575,684.268,205.484,16.609,34.461,0.0297280
2575,343.235,204.880,20.005,31.994,0.0119630
2575,684.756,221.098,16.913,33.536,0.0102250
2575,656.618,208.876,18.177,28.071,0.0097960
2575,19.142,137.622,83.890,157.964,0.7209620
2575,109.233,143.323,97.406,158.739,0.9062830
2575,580.533,203.382,16.842,30.796,0.0359820
2575,504.329,192.963,25.454,50.405,0.0347360
2575,3.767,138.787,182.715,166.599,0.0187860
2575,2.000,163.471,720.000,123.559,0.0132390
2575,98.677,28.814,105.007,332.729,0.0075480
2575,2.000,99.222,191.941,240.260,0.0050920
2600,680.264,202.620,18.057,32.223,0.0094790
2600,309.987,180.352,50.473,97.622,0.0279780
2600,656.991,206.588,18.157,35.506,0.3159450
2600,625.233,208.238,15.867,31.824,0.0188810
2600,533.318,205.075,15.894,29.864,0.0075310
2600,645.507,198.515,39.869,52.511,0.0071140
2600,309.987,180.352,50.473,97.622,0.8335410
2600,2.000,58.524,663.821,329.509,0.0053220
2625,19.974,161.279,66.344,145.722,0.0541590
2625,619.239,206.052,19.778,38.664,0.2228420
2625,2.000,94.044,317.821,252.901,0.0052820
2625,640.631,200.230,18.158,35.050,0.0178360
2625,548.402,206.521,16.687,33.218,0.0165500
2625,583.226,208.422,18.889,32.860,0.0088830
2625,18.180,154.805,70.489,139.871,0.8053360
2625,619.239,206.052,19.778,38.664,0.0309810
2625,2.000,94.044,317.821,252.901,0.0102380
2650,518.309,211.610,20.718,39.619,0.6057490
2650,551.511,212.588,19.510,37.520,0.6132190
2650,427.397,209.364,33.494,63.911,0.0089830
2650,433.124,220.152,20.995,42.214,0.0087160
2650,360.528,224.425,16.931,34.628,0.0077970
2650,431.204,207.088,17.727,40.604,0.0057430
2650,518.629,212.470,19.680,43.495,0.1722610
2650,548.105,214.452,20.229,39.420,0.0184550
2675,421.690,206.199,24.601,48.574,0.7491450
2675,655.501,199.192,32.380,56.232,0.0225140
2675,463.037,208.751,21.443,44.409,0.7540850
2675,453.968,196.487,32.701,66.150,0.0370870
2675,662.966,204.348,25.686,49.615,0.8100110
2675,85.715,262.975,23.035,40.381,0.0305970
2675,419.564,209.138,25.237,49.869,0.0072090
2700,680.609,211.195,24.218,46.090,0.0062260
2700,663.372,198.215,28.928,72.777,0.0089030
2700,399.424,204.352,26.175,53.680,0.8748390
2700,334.764,196.921,27.546,66.556,0.8314270
2700,325.917,210.353,26.721,52.146,0.0184970
2700,677.397,197.973,34.661,76.167,0.0310860
2700,667.261,203.346,24.683,52.741,0.7722920
2700,681.906,207.172,20.745,45.478,0.7132270
2725,678.949,203.481,20.098,44.339,0.1413700
2725,669.656,191.314,37.483,65.654,0.0067940
2725,665.632,203.522,25.730,47.675,0.0483470
2725,604.991,204.229,28.730,51.634,0.0055070
2725,183.033,177.089,41.712,105.014,0.8496650
2725,296.373,191.066,30.313,80.109,0.8836320
2725,163.341,182.748,40.270,85.859,0.0167240
2725,286.672,198.454,24.506,51.222,0.0136410
2725,678.949,203.481,20.098,44.339,0.0091050
2725,669.656,191.314,37.483,65.654,0.0122500
2725,665.632,203.522,25.730,47.675,0.7537250
2725,604.991,204.229,28.730,51.634,0.6462650
2725,185.275,181.787,45.607,105.631,0.0275560
2725,590.566,207.601,24.319,41.692,0.0072870
2750,639.288,191.885,45.965,53.425,0.0125150
2750,647.689,198.539,26.041,42.410,0.1796030
2750,579.498,204.266,14.158,27.138,0.0193770
2750,100.069,167.918,45.018,107.989,0.6174720
2750,268.703,216.647,20.462,46.539,0.0075340
2750,647.689,198.539,26.041,42.410,0.0187890
2750,579.498,204.266,14.158,27.138,0.0187620
2750,505.673,197.609,27.888,55.533,0.8571540
2750,100.069,167.918,45.018,107.989,0.1893900
2750,94.637,183.008,25.089,65.857,0.0076930
2775,591.966,205.964,16.370,26.500,0.1673200
2775,612.067,198.178,21.970,47.901,0.1869660
2775,677.081,199.573,20.538,41.888,0.7648500
2775,671.824,201.465,17.949,35.693,0.2204750
2775,148.538,215.811,23.991,51.283,0.0142520
2775,506.492,204.555,14.692,24.204,0.1544600
2775,591.966,205.964,16.370,26.500,0.0316760
2775,401.189,197.461,31.551,67.636,0.8778000
2775,610.727,187.954,30.980,64.453,0.4450720
2775,677.081,199.573,20.538,41.888,0.0339040
2775,671.824,201.465,17.949,35.693,0.0222730
2775,469.900,205.345,15.167,25.905,0.0068670
2775,396.210,2.000,325.790,576.000,0.0061720
2800,552.010,205.425,15.840,26.403,0.2003520
2800,581.563,198.636,20.108,44.399,0.1748020
2800,628.730,198.545,21.757,41.845,0.3294430
2800,611.697,188.849,35.843,61.651,0.0079240
2800,658.148,198.358,23.200,47.930,0.7256420
2800,462.563,208.576,13.738,21.829,0.1037490
2800,507.197,214.515,14.588,20.733,0.0149140
2800,264.995,185.639,51.602,90.413,0.8423480
2800,584.131,184.298,31.551,70.732,0.6744750
2800,552.010,205.425,15.840,26.403,0.3133400
2800,441.791,208.014,14.039,23.445,0.2222310
2800,581.563,198.636,20.108,44.399,0.1094600
2800,628.730,198.545,21.757,41.845,0.0972460
2800,611.697,188.849,35.843,61.651,0.0092010
2800,566.049,91.468,52.455,269.604,0.0083850
2800,533.809,185.646,40.212,60.988,0.0078180
2800,2.000,92.860,634.061,265.461,0.0065290
2825,470.562,203.951,15.751,28.409,0.0200230
2825,602.785,178.793,32.452,74.527,0.1385000
2825,534.974,197.145,15.156,30.973,0.0432180
2825,418.415,201.072,16.056,35.380,0.2234080
2825,577.295,193.098,17.372,38.011,0.2770100
2825,588.345,173.463,33.597,88.154,0.0054110
2825,510.545,202.999,14.254,26.271,0.0182140
2825,619.911,186.580,22.194,56.175,0.3107820
2825,641.101,186.996,25.560,60.465,0.8352010
2825,470.562,203.951,15.751,28.409,0.0053730
2825,404.319,199.192,14.576,30.765,0.4046650
2825,17.933,152.604,92.405,156.541,0.8239700
2825,602.785,178.793,32.452,74.527,0.4528300
2825,534.974,197.145,15.156,30.973,0.3885340
2825,418.415,201.072,16.056,35.380,0.2237480
2825,577.295,193.098,17.372,38.011,0.1616250
2825,588.345,173.463,33.597,88.154,0.1610980
2825,510.545,202.999,14.254,26.271,0.0575640
2825,619.911,186.580,22.194,56.175,0.0517750
2825,524.937,186.049,32.410,56.756,0.0254940
2825,565.679,100.968,64.727,244.046,0.0114450
2825,2.000,194.521,442.404,132.218,0.0086770
2825,15.351,166.509,32.676,147.112,0.0075700
2850,573.596,191.253,16.280,33.245,0.1213220
2850,369.274,196.465,17.790,33.067,0.0217310
2850,624.593,161.177,49.605,113.848,0.0153430
2850,525.882,188.864,19.895,42.797,0.0920610
2850,379.025,193.924,18.862,41.015,0.0172400
2850,524.336,181.611,32.161,65.018,0.0067390
2850,422.766,202.989,13.803,27.644,0.0940880
2850,518.414,196.172,14.392,31.192,0.0500560
2850,464.305,201.153,15.658,30.054,0.0084130
2850,649.200,184.449,21.292,51.823,0.0065910
2850,573.596,191.253,16.280,33.245,0.4005780
2850,369.274,196.465,17.790,33.067,0.3505140
2850,617.443,159.565,52.715,106.140,0.8452480
2850,525.882,188.864,19.895,42.797,0.6588910
2850,379.025,193.924,18.862,41.015,0.6451160
2850,371.885,189.796,31.616,55.538,0.0309710
2850,524.336,181.611,32.161,65.018,0.0128280
2850,616.127,188.128,19.402,44.009,0.0051900
2875,642.921,178.942,23.207,57.511,0.0477280
2875,323.528,184.888,24.284,59.166,0.0059160
2875,630.026,179.801,23.000,59.032,0.3265680
2875,55.526,195.000,21.901,51.767,0.0050560
2875,559.256,183.819,17.971,43.133,0.7199150
2875,543.586,182.719,29.730,61.811,0.0227440
2875,493.644,186.053,36.535,69.398,0.0069030
2875,670.519,136.022,39.487,162.445,0.3586080
2875,644.001,148.911,49.333,125.181,0.6246470
2875,642.921,178.942,23.207,57.511,0.0069370
2875,323.528,184.888,24.284,59.166,0.8033300
2875,630.026,179.801,23.000,59.032,0.0531270
2875,55.526,195.000,21.901,51.767,0.0058160
2900,680.679,173.380,23.600,71.031,0.2266290
2900,653.866,154.909,46.342,99.454,0.0874140
2900,683.289,140.304,26.869,150.510,0.0075940
2900,480.551,192.373,16.852,31.225,0.3100350
2900,490.327,193.125,15.795,30.855,0.1302570
2900,656.123,180.994,20.280,55.361,0.0642010
2900,651.322,163.002,21.876,51.195,0.0602410
2900,628.882,184.207,21.109,48.460,0.0056450
2900,672.802,151.769,34.693,109.316,0.5489860
2900,680.679,173.380,23.600,71.031,0.0116110
2900,273.063,179.341,33.721,72.585,0.8153390
2900,304.404,184.061,19.548,38.115,0.6493000
2900,294.009,183.674,32.567,59.427,0.0158950
2900,674.601,86.547,38.017,211.181,0.0069950
2925,208.327,179.097,39.124,82.455,0.0050520
2925,210.764,187.195,23.807,50.528,0.0210990
2925,526.724,188.277,20.874,44.122,0.0843690
2925,662.305,172.474,31.936,73.950,0.8513020
2925,519.819,190.097,19.359,45.566,0.7724960
2925,575.251,182.093,22.065,48.680,0.6744760
2925,504.639,179.961,32.951,68.767,0.1007800
2925,422.085,203.255,16.494,34.533,0.0911380
2925,675.730,169.224,31.056,90.589,0.0886120
2925,420.956,183.940,34.073,73.306,0.0406670
2925,454.767,185.440,36.288,71.564,0.0269240
2925,302.854,191.661,20.608,36.552,0.7677120
2925,212.509,168.945,43.478,102.739,0.8551210
2925,210.764,187.195,23.807,50.528,0.2007720
2925,299.343,194.380,31.999,54.399,0.0082920
2925,2.000,51.950,546.298,342.567,0.0079390
2925,526.724,188.277,20.874,44.122,0.0078490
2950,590.631,191.779,17.882,40.610,0.0840260
2950,661.345,175.388,33.683,72.764,0.8782920
2950,584.693,199.925,32.552,48.637,0.0203290
2950,679.939,173.658,24.888,82.514,0.0075540
2950,2.000,98.280,290.274,304.614,0.0069520
2950,610.188,180.319,47.173,61.424,0.0050980
2950,108.380,162.363,57.780,127.711,0.5415810
2950,297.639,199.799,21.156,42.802,0.7912930
2950,294.525,189.770,32.682,65.322,0.0147150
2950,2.000,60.656,275.717,313.960,0.0123940
2975,527.045,203.825,17.481,36.032,0.1037180
2975,512.603,202.758,17.469,38.723,0.0573150
2975,583.755,196.797,18.860,48.179,0.3822200
2975,576.382,190.080,31.928,62.502,0.0751050
2975,339.579,201.345,14.183,33.099,0.0474420
2975,527.045,203.825,17.481,36.032,0.0735140
2975,512.603,202.758,17.469,38.723,0.1302170
2975,470.619,208.198,17.009,27.928,0.0901390
2975,289.869,204.014,21.684,42.649,0.8090540
2975,307.685,202.807,18.153,37.061,0.0136170
3000,587.859,202.436,22.332,42.433,0.3718630
3000,290.058,210.099,20.322,47.445,0.0122460
3000,649.236,193.767,25.729,60.225,0.8231440
3000,601.215,198.803,21.824,44.963,0.0147140
3000,587.859,202.436,22.332,42.433,0.0238080
3000,286.462,206.997,22.139,44.462,0.8338850
3025,276.066,207.235,25.023,47.978,0.8397510
3050,679.404,153.088,25.090,62.717,0.0959180
3050,414.058,222.280,19.570,38.369,0.0223060
3050,403.218,216.558,20.698,42.292,0.0132860
3050,663.348,122.274,58.652,192.460,0.0071100
3050,679.404,153.088,25.090,62.717,0.0479580
3050,414.058,222.280,19.570,38.369,0.0761500
3050,685.910,172.604,22.948,70.911,0.0113670
3050,669.092,141.024,41.300,148.131,0.3968020
3050,269.672,215.849,22.515,48.372,0.7860700
3050,649.982,186.240,42.540,122.414,0.6592430
3050,403.218,216.558,20.698,42.292,0.6029770
3050,652.805,214.442,23.586,72.647,0.0232140
3075,527.765,219.896,19.971,38.707,0.0311710
3075,427.376,220.778,17.793,35.396,0.1199170
3075,680.111,181.729,27.081,79.514,0.0159760
3075,620.893,188.907,38.030,105.626,0.0199550
3075,528.107,210.405,27.804,62.047,0.0096980
3075,527.765,219.896,19.971,38.707,0.2030620
3075,427.376,220.778,17.793,35.396,0.0949300
3075,613.420,209.504,25.695,63.100,0.0378530
3075,511.490,222.258,16.916,32.044,0.0707650
3075,623.348,131.326,77.757,212.000,0.4683450
3075,620.893,188.907,38.030,105.626,0.0837680
3075,618.265,2.000,84.718,414.855,0.0184340
3075,266.254,215.212,26.542,54.929,0.7967250
3075,401.872,215.534,21.745,48.318,0.7106250
3075,464.451,226.343,16.475,24.849,0.0224170
3075,511.544,136.652,210.456,162.292,0.0060060
3075,611.711,150.449,61.971,153.383,0.0054430
3075,376.983,179.018,345.017,136.325,0.0050930
