250,10.858977,217.552780,18.891552,40.723648,0.990632
250,14.248781,224.608978,16.240274,34.249146,0.990632
250,10.860592,223.674835,20.293798,42.669037,0.940395
250,12.514600,213.065994,21.763233,47.298294,0.711330
250,14.931164,214.194733,15.151554,32.710892,0.443186
250,13.839999,232.415741,16.011406,33.148743,0.347045
250,4.086578,225.706451,17.362253,39.155884,0.151030
250,4.901382,231.155121,13.391891,29.873322,0.151030
250,5.320268,219.457428,14.103926,31.368011,0.113079
250,5.067320,214.704636,16.291201,41.589371,0.113079
250,5.769316,209.628204,19.275560,53.472687,0.113079
250,10.535177,220.407562,25.419115,54.480103,0.093490
300,610.245361,123.913261,11.859741,27.917534,0.071453
300,607.331360,119.977165,15.490479,31.976097,0.067326
300,607.152832,131.884903,16.383667,34.298065,0.067326
300,609.516663,134.098557,12.338196,28.937256,0.067326
325,639.168945,104.357605,16.390625,35.080002,0.095113
325,640.757690,117.582512,15.282898,31.815742,0.095113
350,677.047974,102.143059,14.787476,32.627617,0.036132
350,673.538940,93.100471,21.442444,48.948387,0.036132
725,418.069183,170.731277,11.629364,24.651749,0.041698
800,18.620680,203.146698,14.702627,31.735092,0.048511
900,19.288748,233.092667,13.882685,29.135757,0.096678
900,18.237139,221.910049,14.711592,31.306992,0.092059
900,16.551750,230.065338,15.978878,36.126160,0.079969
900,13.989159,224.701202,20.296982,46.437164,0.079969
900,33.548496,235.072601,12.401047,26.319000,0.038098
1550,397.512421,240.036072,20.900482,46.348297,0.037788
1550,394.242340,235.114456,27.580383,60.651352,0.037788
1575,383.707397,227.877594,23.991730,55.295624,0.458518
1575,386.079376,243.433182,18.637848,39.505234,0.333000
1575,376.138245,221.020355,31.791626,69.372681,0.201045
1575,386.496674,255.338959,16.356079,34.034149,0.139583
1575,383.966278,247.588547,20.245392,45.317551,0.139583
1575,385.569061,230.837418,19.709442,42.641769,0.075258
1575,386.225433,233.426163,16.473175,35.121109,0.075258
1575,379.978271,233.131714,26.440613,57.116364,0.066244
1575,389.004150,225.909882,29.080200,63.800781,0.045255
1575,381.216980,215.222702,27.303619,61.564102,0.043383
2225,199.000458,165.987335,16.163177,34.692978,0.372400
2225,195.508820,169.361801,18.034760,40.910248,0.372400
2225,196.596848,162.098404,14.220642,31.697647,0.333171
2225,192.310349,162.559845,21.557571,44.538696,0.136377
2225,189.062500,157.646927,25.474670,54.858917,0.136377
2250,435.006622,185.019928,10.321014,22.461746,0.069980
2250,434.815369,178.593536,10.824951,22.912338,0.069980
2250,432.585999,180.196716,13.211029,29.243134,0.069980
2250,431.401886,177.499878,16.392822,36.331924,0.069980
2300,638.869324,200.303391,18.874207,40.356384,0.767282
2300,640.532349,207.474930,16.580200,36.392532,0.767282
2300,446.037292,176.149094,12.566345,26.688858,0.696683
2300,443.188568,172.373291,14.561584,32.702866,0.696683
2300,447.237762,180.694351,12.084869,26.430695,0.696683
2300,664.086670,194.872208,22.412170,47.575180,0.456138
2300,667.184326,198.976120,18.481445,37.446289,0.456138
2300,661.785767,193.155823,29.347473,64.797211,0.431801
2300,660.558655,190.096451,26.779419,57.661636,0.294096
2300,641.560791,199.044983,15.640747,32.788635,0.177693
2300,667.162659,190.553909,19.564026,40.290878,0.142195
2300,638.315979,204.186920,23.014648,47.857285,0.087274
2300,445.643127,181.298157,14.919006,33.754181,0.078268
2300,441.730682,174.854797,12.193634,26.137039,0.065172
2300,441.446106,179.649399,11.992279,25.854462,0.065172
2300,439.127869,182.633804,10.674072,23.377716,0.065172
2300,439.666229,176.412949,14.594086,32.662552,0.065172
2300,651.138733,199.089005,30.487427,64.777115,0.064426
2300,667.006226,202.738297,19.157898,43.540054,0.063012
2300,657.743530,200.513565,18.158813,39.143066,0.040009
2300,443.069977,172.596420,17.733704,38.772781,0.036120
2325,447.911591,173.481979,11.708862,24.502670,0.835336
2325,659.977539,200.457245,16.591125,34.732910,0.832670
2325,660.239868,193.458832,14.801453,31.870468,0.832670
2325,663.077576,197.662384,15.724792,34.355789,0.740551
2325,659.491760,193.794540,21.152710,44.450668,0.740551
2325,450.306183,180.062500,10.179688,23.260529,0.571036
2325,665.476440,191.345627,23.078613,51.509460,0.529234
2325,439.495117,174.053009,10.766418,23.115005,0.215567
2325,445.341095,169.324173,14.658661,31.989227,0.164932
2325,444.753693,164.631531,17.358704,39.400940,0.164932
2325,445.488708,173.804047,15.822357,35.822250,0.164932
2325,655.832825,188.094727,22.756348,49.072540,0.095527
2325,664.277222,194.790497,19.242981,42.135025,0.054095
2325,667.534302,199.364914,16.024719,34.226624,0.054095
2325,449.352081,164.643280,11.808960,24.885208,0.048483
2325,444.952911,162.587708,14.836243,33.790909,0.048483
2325,438.764374,168.014252,13.026459,29.040100,0.040099
2325,438.134613,180.878998,9.559570,21.982208,0.040099
2325,436.204529,170.722855,14.563202,33.401352,0.040099
2350,682.888245,203.139801,16.110352,34.949127,0.954292
2350,682.170227,198.399414,21.902832,47.728027,0.946099
2350,674.965698,196.790497,22.976807,48.629868,0.946099
2350,684.446045,206.476715,16.937988,35.722916,0.929716
2350,679.438416,192.664658,21.167725,47.772507,0.656885
2350,683.333496,195.471695,17.488892,36.824478,0.656885
2350,677.570557,199.523560,16.237183,34.237030,0.619081
2350,678.322693,208.177963,15.639465,34.244659,0.619081
2350,372.368713,173.137177,12.227478,26.446442,0.610989
2350,369.056091,167.731445,17.625458,39.622711,0.409567
2350,448.304840,176.364716,10.852081,23.270096,0.155292
2350,448.896362,182.834351,10.259552,22.055450,0.155292
2350,446.589325,179.462646,11.546631,25.563065,0.155292
2350,445.149323,171.125229,13.535645,29.942337,0.155292
2350,677.301575,195.218719,15.103821,32.452606,0.126089
2350,367.805725,162.277267,21.951080,47.291946,0.123046
2350,439.735168,175.435898,11.291016,24.200775,0.073336
2350,439.342682,182.470703,9.778046,21.746750,0.073336
2350,438.125397,172.625198,13.337860,29.872833,0.073336
2350,437.237549,177.134262,13.419739,29.674622,0.073336
2350,675.455750,210.849808,17.659058,40.900864,0.056278
2350,679.439209,196.722626,29.158630,60.858673,0.045963
2350,671.430420,203.276123,22.953857,49.510635,0.045963
2350,370.291504,162.330215,15.909851,36.590347,0.041058
2350,373.166748,164.985977,13.262329,27.189819,0.041058
2350,437.919586,177.273895,10.537994,23.287613,0.033827
2375,370.193481,147.682953,12.777435,27.967804,0.978981
2375,367.642944,140.761307,17.753174,37.947540,0.978981
2375,449.528503,149.006302,12.822601,28.521423,0.413989
2375,449.519562,142.056931,14.591522,31.188080,0.413989
2375,447.073944,151.767487,14.827911,32.705048,0.348076
2375,446.404327,149.079987,18.044037,40.963409,0.348076
2375,371.862671,155.175079,9.927368,25.318710,0.250354
2375,451.476349,159.985840,10.199188,24.223648,0.229836
2375,444.603638,127.142715,24.304291,54.036469,0.067779
2375,446.133270,140.854889,18.885468,41.276642,0.056916
2375,18.200665,141.261368,13.483059,29.415192,0.049868
2400,448.075317,179.903534,13.327515,29.108749,0.990872
2400,445.419525,172.597580,17.899353,38.434906,0.990872
2400,368.098145,178.343658,12.542908,27.322372,0.920851
2400,364.921814,176.452133,16.962738,37.549316,0.920851
2400,446.040131,164.475220,17.352448,38.136597,0.578994
2400,450.078796,186.377747,11.476715,27.404266,0.533908
2400,365.446228,181.176773,17.843018,39.057709,0.273287
2400,367.003235,184.141357,14.646820,30.856354,0.037648
2400,370.275635,188.435074,10.397339,26.413696,0.037648
2425,364.519562,183.985306,14.989990,32.596390,0.944056
2425,361.903564,183.025223,19.654327,44.040390,0.906480
2425,367.624176,190.729172,13.107239,29.068207,0.869281
2425,367.547485,181.571869,13.152710,28.106415,0.809602
2425,419.842224,184.706543,11.045380,24.101395,0.602481
2425,418.853821,177.037323,11.623657,25.747543,0.602481
2425,417.557159,180.815079,14.343140,30.595749,0.602481
2425,361.489349,186.418091,13.597351,29.683914,0.350271
2425,451.184845,188.870270,11.688965,25.587723,0.314586
2425,449.853607,191.280884,12.177704,27.328506,0.290319
2425,360.764465,182.883865,17.361298,36.887131,0.288118
2425,358.994751,187.074448,18.120850,40.634491,0.288118
2425,359.749329,190.423538,14.364990,31.206177,0.231285
2425,360.075287,192.838272,11.500244,26.651840,0.231285
2425,437.202881,187.701538,11.210175,24.515854,0.206472
2425,463.983368,187.619705,11.381927,24.566666,0.091101
2425,448.347046,184.739792,16.177917,34.615051,0.090455
2425,447.429199,173.420731,18.489868,42.142090,0.090455
2425,445.679565,184.956116,19.446625,42.327118,0.090455
2425,417.728210,174.719452,15.976593,34.603867,0.071062
2425,415.942719,182.051651,17.666260,39.768677,0.071062
2425,436.712799,190.914795,12.381622,27.814331,0.068412
2425,437.888824,195.023163,10.026306,22.963776,0.068412
2425,434.215973,187.098053,15.922791,34.428391,0.068412
2425,360.315369,179.785614,13.587524,29.487869,0.055808
2425,358.764709,178.238373,16.191650,36.669464,0.055808
2425,359.113007,179.620773,11.186096,24.166595,0.055808
2425,434.625488,180.762650,17.211395,37.742538,0.047146
2425,364.032776,173.399261,22.764709,47.897675,0.046783
2425,351.265442,181.052338,23.261749,49.418793,0.046783
2425,363.639862,177.480225,18.476807,39.368134,0.042831
2425,406.844818,176.955200,10.556152,22.984543,0.034814
2425,404.713287,181.000687,13.296753,29.365311,0.034814
2425,404.318573,174.395386,13.137329,29.082001,0.034814
2450,462.510101,194.455673,14.988434,32.389038,0.992142
2450,464.492462,191.375793,13.775543,30.193420,0.992142
2450,460.940979,191.693680,18.282745,40.447937,0.992142
2450,380.937988,190.353027,15.143280,31.923706,0.988345
2450,378.615234,186.222443,18.308929,39.722046,0.988345
2450,462.242340,180.236786,17.969086,39.397308,0.909493
2450,381.216675,193.250717,17.383667,38.281525,0.811732
2450,455.240936,195.236908,13.801208,30.706131,0.737100
2450,454.148071,192.535110,13.275238,28.346786,0.737100
2450,459.153931,182.329727,21.942078,47.025330,0.666915
2450,465.076508,202.432999,11.365417,27.434708,0.480067
2450,447.757080,180.659363,23.325531,49.333344,0.380283
2450,466.011902,184.461014,13.000122,27.138916,0.238921
2450,374.751038,187.877350,17.811218,37.608826,0.225139
2450,385.730743,201.739532,11.207794,27.460999,0.131473
2450,452.479736,199.449280,14.822021,33.876587,0.117621
2450,452.261261,195.270981,18.965485,42.092484,0.117621
2450,452.933197,185.611084,20.244781,44.071838,0.085820
2450,450.986633,178.065842,18.703278,39.744568,0.085820
2450,379.204590,188.899323,13.553619,30.424713,0.068971
2450,378.303253,195.232880,13.506958,30.005722,0.068971
2450,378.042358,190.990067,12.007050,26.565918,0.068971
2450,376.189819,199.114563,11.465820,24.767090,0.068971
2450,444.740601,184.908966,24.902222,52.976105,0.066577
2450,383.603271,185.132141,13.802185,29.020172,0.051671
2450,386.922272,182.711731,10.469177,24.642181,0.051671
2450,381.896423,183.291336,20.778931,44.019913,0.050897
2450,371.541412,181.467590,22.212372,46.737991,0.050897
2475,462.171387,196.023880,15.144592,32.841080,0.988779
2475,464.716675,192.607681,13.851379,30.415756,0.988779
2475,460.658875,187.961777,19.555847,43.174057,0.988779
2475,382.995697,190.569168,18.375366,39.982178,0.980991
2475,385.610992,197.218292,14.562286,34.453583,0.745290
2475,456.160187,197.451126,13.520264,29.508484,0.725456
2475,453.970398,198.844498,12.580109,27.671295,0.725456
2475,454.464172,193.362335,13.027832,28.487518,0.725456
2475,454.382782,190.817062,16.275299,35.036850,0.725456
2475,381.595734,178.413879,24.147797,50.816605,0.704008
2475,380.207886,185.629745,23.634766,52.230270,0.704008
2475,462.630890,182.054642,17.602173,38.197311,0.683056
2475,383.168945,180.041916,18.075714,42.135574,0.594701
2475,449.314606,184.649673,22.478851,47.686905,0.249859
2475,452.947266,201.117432,13.963928,31.945068,0.187200
2475,452.115143,197.655289,17.953278,39.296173,0.187200
2475,376.006897,182.640762,20.656281,44.663910,0.083274
2475,372.399567,174.561340,26.473450,55.043961,0.074810
2475,367.111969,182.549149,27.311890,59.246826,0.039926
2500,449.732391,201.442688,18.609711,40.555023,0.992058
2500,245.175873,189.593658,19.954224,42.350204,0.988800
2500,383.679260,197.373398,19.739197,43.344406,0.987001
2500,249.427475,192.325989,17.397263,38.283539,0.983150
2500,383.965973,205.084869,18.054382,41.241089,0.965621
2500,450.103210,199.129623,16.494781,35.374268,0.964177
2500,252.294724,192.277588,14.654526,31.310318,0.936706
2500,381.946289,189.161118,25.303406,53.286469,0.901157
2500,251.149139,188.223267,18.658447,41.410461,0.842784
2500,246.186615,198.661072,12.761719,31.046783,0.684171
2500,460.405945,203.441589,15.342712,33.390182,0.588664
2500,459.547760,208.203064,15.481476,33.339798,0.588664
2500,458.728516,193.871552,22.818298,50.086121,0.426258
2500,247.919250,180.322388,20.035461,43.743393,0.409253
2500,449.623199,210.660049,16.375610,34.822418,0.333808
2500,451.361816,214.906509,12.210785,29.657516,0.333808
2500,458.053040,191.567535,18.901947,41.858292,0.254888
2500,253.137268,201.726013,12.444031,29.906265,0.241984
2500,446.552826,199.474106,23.406433,50.388458,0.237417
2500,386.726166,216.150574,13.169189,31.032181,0.206018
2500,435.129181,206.380524,11.348480,24.125198,0.134115
2500,420.504456,204.663513,12.558289,27.087845,0.127108
2500,437.434387,205.069183,12.385284,27.138718,0.090680
2500,435.404877,201.357986,15.159790,32.520203,0.090680
2500,436.623047,209.905136,13.420319,28.819061,0.090680
2500,436.774231,213.517883,10.663757,24.227753,0.090680
2500,374.625610,202.165558,13.740631,29.988007,0.081961
2500,375.180481,207.947235,13.290314,28.594528,0.081961
2500,373.111084,203.461258,16.893524,36.897583,0.081961
2500,373.663940,210.776413,11.785797,26.490158,0.081961
2500,339.311279,203.530411,10.788574,23.097641,0.077706
2500,368.334534,193.214111,27.269226,54.856934,0.077622
2500,371.907013,204.401672,12.582428,27.727585,0.069364
2500,457.056824,212.090897,20.161591,41.457672,0.055071
2500,458.680054,212.708130,15.851685,35.940399,0.055071
2500,394.581177,200.497879,16.475372,35.792908,0.054866
2500,395.922791,207.606888,14.531403,32.074982,0.054866
2500,398.234314,204.001678,13.809052,29.635757,0.039608
2500,241.018860,183.093155,21.883453,48.104294,0.036901
2500,249.117737,182.016190,22.409454,50.273758,0.036901
2525,233.831940,193.288544,19.515900,42.727310,0.996671
2525,235.560852,198.076019,19.867645,41.887634,0.996671
2525,400.009277,201.494629,20.187286,45.669159,0.989689
2525,397.768860,195.788498,26.562622,58.188965,0.986376
2525,399.441681,194.860260,20.249420,43.957016,0.986376
2525,449.551147,200.643936,17.728119,39.115173,0.981998
2525,228.815231,198.455444,23.268280,47.809402,0.975742
2525,458.361572,199.541473,19.863220,43.759918,0.967996
2525,461.557648,202.356628,16.644653,35.950821,0.967996
2525,450.741394,205.979034,18.397461,40.586731,0.941969
2525,449.317780,200.154663,23.185608,51.202698,0.941969
2525,237.400345,185.273422,17.069244,38.891037,0.914558
2525,446.197235,194.696152,24.066193,52.056564,0.912267
2525,371.753143,197.583649,14.954254,32.877945,0.906572
2525,370.261993,193.947525,15.208527,32.918076,0.906572
2525,457.355713,207.380112,21.159088,44.455139,0.890640
2525,227.213623,188.251434,23.736465,48.185364,0.793428
2525,369.181152,190.534576,21.720764,46.720047,0.783063
2525,243.773926,193.107208,18.783295,41.236801,0.519959
2525,401.988098,214.860779,14.661469,34.048935,0.345473
2525,358.568970,197.815125,11.384369,25.653763,0.282114
2525,463.079895,197.935242,15.492706,33.453903,0.258810
2525,433.587280,201.350204,15.976227,33.603897,0.249384
2525,434.641541,208.324799,15.214996,32.474167,0.249384
2525,435.604462,212.386459,11.654541,26.872299,0.249384
2525,411.812683,205.253220,17.469238,37.573654,0.156310
2525,415.207367,209.829254,14.115021,31.509293,0.156310
2525,236.052658,189.828796,21.155991,45.972977,0.146517
2525,385.093689,201.261200,13.855103,30.037521,0.090374
2525,382.054962,195.263016,20.037964,43.847763,0.090374
2525,383.218018,200.907455,20.812561,45.559265,0.090374
2525,231.095078,200.047485,14.249634,29.735748,0.081960
2525,231.945755,191.866333,16.138214,35.597397,0.081960
2525,230.449844,192.460327,13.830475,28.806976,0.081960
2525,356.677429,193.554276,15.742249,33.964722,0.075035
2525,357.205322,187.603043,14.145599,30.525482,0.075035
2525,242.663986,182.180237,23.072739,53.777573,0.074083
2525,406.026581,194.976639,26.886993,58.251038,0.074022
2525,451.100830,214.335236,13.840515,32.850830,0.058308
2525,460.214905,212.144226,17.098022,36.347092,0.049571
2525,463.262146,216.788788,12.770752,30.817154,0.049571
2525,354.231293,193.375839,20.003326,44.922943,0.036988
2550,428.477661,190.092789,26.528015,56.093826,0.996749
2550,427.751221,197.581604,26.014008,58.672028,0.996749
2550,477.610626,198.163208,21.158966,46.021698,0.995378
2550,479.972809,201.258469,17.199615,36.675278,0.995378
2550,231.600388,191.050903,22.234879,48.362122,0.995257
2550,227.190659,189.667358,22.577209,49.168213,0.995257
2550,229.972061,186.899231,28.040451,59.614761,0.995257
2550,463.019043,196.248505,22.043671,47.122269,0.991693
2550,463.453857,199.609055,17.918610,38.146439,0.991693
2550,386.290161,199.623001,12.694519,27.407028,0.960527
2550,480.590088,195.625900,16.318054,36.169907,0.945853
2550,436.494141,191.676468,26.584839,56.916290,0.928389
2550,383.768463,194.457870,15.085938,33.391983,0.864687
2550,233.951553,183.730621,18.461227,41.782578,0.833357
2550,234.345306,200.214645,18.887482,43.431625,0.741070
2550,418.677979,195.673447,26.656830,52.571213,0.724916
2550,383.252716,200.350052,17.406769,38.658035,0.685395
2550,228.907242,199.183441,18.254395,40.639816,0.683367
2550,415.105927,199.466751,26.993225,57.829422,0.655382
2550,387.405212,207.016220,10.648193,24.485214,0.570049
2550,220.371628,197.150970,24.792282,53.357178,0.561247
2550,473.969086,199.120178,22.829803,50.380630,0.487782
2550,478.243134,187.311890,22.706116,48.135651,0.441608
2550,226.695343,182.185867,19.141647,42.942978,0.437893
2550,424.090576,183.906586,36.470306,78.532135,0.377185
2550,428.855408,182.662247,21.207275,49.603516,0.369515
2550,432.266754,211.507797,17.396851,38.599121,0.284848
2550,403.424255,201.027832,12.230011,26.527573,0.160150
2550,473.073608,186.434692,25.265320,56.588303,0.144394
2550,460.507477,185.055099,24.946411,50.376587,0.125331
2550,443.847595,197.205872,19.099060,41.855438,0.118418
2550,443.229950,186.606995,21.196136,48.987274,0.118418
2550,241.335312,189.318558,21.207230,46.809784,0.115145
2550,227.015961,195.521515,24.503998,55.422256,0.076581
2550,216.229721,184.691772,25.811249,54.380585,0.066004
2550,477.758911,210.128174,16.970886,36.575455,0.056369
2550,480.459351,215.109085,12.819061,30.785995,0.056369
2550,404.074371,196.489197,11.572693,24.618729,0.047868
2550,400.614136,193.794128,13.998901,32.235596,0.047868
2550,456.893433,180.874146,38.404724,81.504150,0.040577
2550,226.455734,176.635742,33.858597,72.917252,0.035216
2550,379.210693,190.736252,24.406738,51.671509,0.034749
2575,218.065048,195.013947,25.538010,55.595428,0.996359
2575,220.811752,207.932907,22.625580,46.023788,0.994013
2575,471.733673,199.774017,30.389740,65.831970,0.992696
2575,463.362762,206.490768,28.302826,60.922623,0.991941
2575,461.466583,193.138077,28.673889,61.037521,0.991941
2575,502.598816,207.562729,21.758301,47.486832,0.986338
2575,496.011871,203.327881,26.642792,57.450287,0.984624
2575,496.298248,207.988174,21.866241,46.808594,0.984624
2575,464.721497,206.671570,22.692841,48.332977,0.983350
2575,473.252594,198.692612,24.235443,52.802078,0.964801
2575,476.620422,211.246429,20.054138,40.686096,0.964801
2575,495.731354,212.293365,23.752960,55.651764,0.963079
2575,221.512848,189.263535,28.056488,62.627884,0.922524
2575,224.828140,198.530823,23.077316,50.409958,0.729406
2575,222.097580,194.595200,19.999329,43.877625,0.723222
2575,210.452042,202.424957,25.767349,55.340759,0.713578
2575,496.984558,200.036087,19.361328,42.065201,0.690246
2575,474.324615,207.250732,24.598206,52.851685,0.681524
2575,402.511505,206.250580,11.676880,25.598129,0.637892
2575,400.659546,202.330719,14.670837,31.323364,0.637892
2575,403.398529,211.351288,11.129089,25.141617,0.637892
2575,462.728363,196.976379,23.331635,50.812576,0.637355
2575,494.839172,214.334183,19.891113,46.495346,0.593122
2575,489.964233,202.926178,26.645447,60.001801,0.479350
2575,434.344696,207.192551,12.512939,26.736679,0.466626
2575,435.526825,211.880768,11.928589,26.456070,0.466626
2575,432.763733,201.746613,16.935455,37.282074,0.466626
2575,504.796417,215.420547,18.276276,40.888046,0.375513
2575,501.398743,209.582321,25.542480,58.181931,0.373670
2575,230.125565,196.784332,21.668015,46.937500,0.347557
2575,450.052979,198.474258,31.626190,67.229233,0.274414
2575,501.400482,196.747787,24.973969,54.124527,0.271172
2575,219.520233,186.214279,25.701553,54.674377,0.259323
2575,419.569458,207.719269,10.935883,23.767761,0.249868
2575,418.251160,203.450348,13.325989,28.479614,0.132577
2575,420.802948,211.257721,10.860992,23.987701,0.132577
2575,417.260681,208.335403,14.358978,30.130508,0.132577
2575,398.470215,201.021957,18.619141,40.696609,0.089653
2575,399.391968,194.061920,16.757874,36.242203,0.089653
2575,504.257904,221.543533,18.009552,41.863815,0.088557
2575,431.817047,195.587296,16.663696,36.183640,0.045071
2600,188.661118,190.486465,31.459473,68.507645,0.988562
2600,195.047668,190.201309,27.826965,62.278152,0.988562
2600,462.264008,201.647964,26.603821,56.685135,0.988537
2600,474.412628,194.644394,26.290405,58.721725,0.983418
2600,505.048218,196.976852,32.006775,68.411728,0.979766
2600,467.248627,198.996170,21.355713,46.312286,0.976449
2600,512.148926,196.363586,31.335205,67.476349,0.971529
2600,468.554565,206.477722,21.627899,50.502899,0.970050
2600,472.527466,202.680374,20.845490,45.049683,0.917743
2600,472.189423,205.308685,23.024872,53.936279,0.917743
2600,493.199249,194.012390,30.356171,62.652161,0.893865
2600,469.478119,189.499771,25.496857,57.289612,0.891401
2600,493.597290,195.566284,35.532166,75.798340,0.876421
2600,191.766525,186.575333,26.378830,58.918091,0.859428
2600,184.714294,201.223450,30.585052,66.039215,0.654666
2600,196.564972,181.301971,31.141266,69.596146,0.466215
2600,495.043213,204.160553,26.440186,59.534973,0.433515
2600,517.041138,193.088089,29.741516,64.862015,0.411778
2600,499.855499,181.582413,40.404083,88.403030,0.409021
2600,468.061859,181.094452,37.782532,78.969391,0.306773
2600,509.870789,206.220932,23.150269,49.150146,0.293707
2600,404.229462,205.609116,12.047852,26.195740,0.277568
2600,403.035614,202.342850,14.833496,31.733215,0.277568
2600,403.639862,208.871445,13.326111,29.283966,0.277568
2600,404.407654,213.123871,10.865845,24.281723,0.277568
2600,468.590302,214.127945,16.737488,37.518097,0.264896
2600,470.109680,202.989136,32.104645,68.172913,0.262497
2600,199.433853,197.314636,21.992462,46.007614,0.259340
2600,505.135010,186.708298,44.700439,95.920303,0.240527
2600,507.140198,191.288895,27.429993,60.424713,0.203140
2600,415.305389,202.664505,14.515747,31.064407,0.187055
2600,417.923004,210.698227,11.778564,25.989014,0.187055
2600,494.095978,194.200165,23.689240,51.423401,0.160662
2600,181.166916,185.188751,29.822937,66.042450,0.072362
2600,475.256958,210.809265,20.615967,42.802399,0.071711
2600,477.782471,216.902756,16.269470,37.356415,0.071711
2600,496.092102,214.950333,22.527405,47.910965,0.065007
2600,192.294968,191.170151,22.454849,47.208450,0.048918
2600,486.183563,177.006210,45.596954,98.865616,0.048668
2600,197.799164,202.631226,24.333801,50.983444,0.047391
2600,468.151215,197.052567,18.839294,38.820374,0.043209
2600,473.826477,193.891098,20.506165,43.378174,0.034181
2600,477.499634,194.670120,16.218811,35.283829,0.034181
2625,474.263641,208.820038,26.106171,56.423615,0.996599
2625,557.519958,200.071381,44.046631,95.250641,0.995953
2625,518.900940,199.382233,43.853760,94.175720,0.992890
2625,531.010559,209.506943,33.390564,76.841415,0.992407
2625,154.535767,190.520386,40.944290,91.199188,0.991688
2625,550.548157,206.934357,42.414612,92.337128,0.990987
2625,476.040466,221.767975,23.270569,49.385864,0.989802
2625,147.565994,198.783936,41.452911,88.271667,0.987647
2625,402.169739,217.988235,13.487762,29.618057,0.984793
2625,160.170334,206.230377,33.277023,77.496796,0.978322
2625,403.606354,223.894196,11.217499,26.321274,0.971656
2625,149.331161,195.826797,35.211884,75.081284,0.963845
2625,464.584167,205.524033,31.416290,64.620895,0.953457
2625,478.710083,204.062790,29.807831,64.789413,0.949116
2625,403.807861,213.718872,11.315948,25.725632,0.940871
2625,399.625275,212.304459,18.733948,41.437286,0.934448
2625,401.269562,220.264282,16.532501,37.878143,0.934448
2625,523.392822,206.968857,32.421387,73.968979,0.908588
2625,162.566925,196.876678,33.368484,74.396332,0.850861
2625,517.593445,210.694656,36.941284,80.332016,0.845375
2625,528.636536,197.436081,43.519775,97.180710,0.818341
2625,477.336060,207.650299,21.586029,48.008377,0.804051
2625,390.111481,218.787201,12.249054,26.800644,0.802989
2625,415.429779,219.057480,12.438965,26.755371,0.793223
2625,194.091431,204.167923,13.532913,28.865067,0.781546
2625,192.330811,207.708267,16.496414,36.445587,0.781546
2625,193.560211,211.149139,13.295166,30.080627,0.781546
2625,463.455231,215.691940,26.910278,59.168167,0.755894
2625,484.091064,209.822983,24.518890,53.229660,0.679297
2625,481.686432,223.953140,26.098907,53.287186,0.610769
2625,153.979523,206.541687,32.792892,76.359192,0.587379
2625,471.818420,203.210083,32.374817,68.447388,0.560111
2625,192.644943,195.753250,16.873520,36.786530,0.422523
2625,516.042664,214.744598,29.194763,66.945648,0.404696
2625,415.378357,223.585434,12.045898,27.246246,0.350193
2625,411.021851,216.618317,18.772888,41.723175,0.350193
2625,564.148499,195.403015,34.591370,81.227234,0.298568
2625,565.079895,189.109329,41.769775,95.758408,0.266636
2625,390.942841,214.425217,11.520691,24.310654,0.255188
2625,389.845490,212.904739,10.076965,23.301788,0.255188
2625,388.627228,222.421417,12.719574,27.696320,0.240861
2625,389.774902,224.833511,9.987946,23.867676,0.240861
2625,386.562958,216.967682,15.871735,35.048645,0.240861
2625,412.878082,216.050110,15.627655,33.525986,0.236138
2625,386.416260,210.252960,18.717560,40.159332,0.230072
2650,190.464050,196.403503,19.827652,42.923660,0.995537
2650,188.739822,188.607605,24.449539,51.923737,0.995537
2650,493.083282,193.705292,34.258392,74.257568,0.995122
2650,103.146652,180.127197,47.628967,104.691895,0.994955
2650,599.424622,181.377151,54.220398,116.794846,0.994815
2650,638.204346,180.859848,53.076904,115.466599,0.994561
2650,614.435425,172.587234,59.154297,127.654190,0.991380
2650,500.199158,199.059296,29.855225,68.678009,0.986889
2650,627.676392,182.044922,56.725952,122.824738,0.981416
2650,488.887573,197.383438,31.610413,70.018234,0.965212
2650,646.761292,195.400360,38.119141,88.588531,0.942587
2650,625.137695,187.712677,48.349304,104.540894,0.901915
2650,606.990051,188.825165,42.604431,96.705505,0.881053
2650,197.441483,196.840454,19.186111,41.459961,0.871041
2650,432.477570,206.057877,13.461731,29.245285,0.869568
2650,642.864136,186.368988,58.526123,121.635010,0.795110
2650,420.755402,206.266846,12.513214,26.936661,0.786333
2650,421.018005,211.934845,11.092957,24.573517,0.786333
2650,592.196106,185.122864,51.053162,110.981628,0.645508
2650,496.049530,200.154388,26.881378,55.331238,0.515245
2650,495.062866,185.727325,30.896545,69.337845,0.515245
2650,100.558044,187.700668,39.996384,85.772781,0.372873
2650,651.498108,202.797516,38.779419,87.617249,0.350010
2650,196.865631,195.310547,23.698410,50.986832,0.285065
2650,650.807922,184.755646,41.397095,91.641113,0.274945
2650,623.169373,196.101639,35.432129,79.989456,0.274108
2650,430.682312,206.123459,17.546539,38.388840,0.252527
2650,431.332794,195.654617,16.307556,35.837112,0.252527
2650,112.630981,179.856354,43.755981,94.146118,0.243679
2650,485.121552,200.003876,28.622650,60.861237,0.237953
2650,95.288719,189.053207,48.376915,102.363785,0.204943
2650,501.441650,184.365875,30.248596,66.604538,0.156605
2675,523.748108,195.371841,38.466553,84.089401,0.996213
2675,7.552211,165.576614,71.575470,152.883682,0.995965
2675,199.064407,205.505417,20.864151,45.753067,0.994234
2675,195.090286,206.818039,23.230133,50.423264,0.989527
2675,517.441223,199.497360,35.668335,78.847366,0.987786
2675,7.958337,157.107712,54.481590,179.980270,0.982206
2675,527.907532,195.482040,31.264343,70.296249,0.959881
2675,250.308990,208.235733,15.437134,34.050186,0.957808
2675,254.177704,207.025208,14.343933,30.703720,0.957808
2675,247.858063,205.009644,19.729248,42.758972,0.957808
2675,195.389572,202.891632,20.498871,44.084351,0.955523
2675,197.042282,213.574783,17.367462,39.461746,0.774403
2675,191.281174,200.240448,23.603149,51.996567,0.748498
2675,434.811249,207.884201,12.241425,26.978363,0.742941
2675,435.770111,213.720016,11.243347,25.075790,0.742941
2675,433.306335,204.296890,15.366608,33.008911,0.742941
2675,251.745346,211.273560,17.046707,36.097687,0.701137
2675,526.981262,204.393631,37.894104,85.267471,0.664317
2675,1.662149,183.932892,62.737877,133.124390,0.646504
2675,401.206360,205.748703,12.276764,26.758667,0.591405
2675,398.854767,201.889267,15.728577,33.350555,0.591405
2675,402.005035,211.673691,11.581268,26.169754,0.591405
2675,8.782133,168.864578,55.862038,121.124008,0.538799
2675,253.004105,198.206619,17.305710,38.179092,0.467242
2675,419.620605,207.063171,11.705933,25.481613,0.328662
2675,420.462097,212.946899,10.937073,25.013809,0.328662
2675,418.006714,203.430679,15.069824,32.158218,0.328662
2675,3.958226,117.373314,63.474583,235.662537,0.275229
2675,527.515015,213.656906,23.810059,53.179459,0.185121
2675,10.777360,192.278183,49.854832,113.540024,0.177538
2675,390.534302,205.691711,11.742706,25.284744,0.160149
2675,389.837769,203.123199,14.701019,31.272278,0.160149
2675,390.289764,209.944077,12.391479,26.894684,0.160149
2675,389.426117,213.709488,10.689453,23.860046,0.160149
2675,387.860657,206.036957,15.723816,34.761292,0.160149
2675,447.324493,208.443909,11.321625,24.382965,0.126274
2675,447.106750,213.564835,11.340393,25.256012,0.126274
2675,449.755157,216.227173,9.744873,22.616302,0.126274
2675,443.984222,204.920029,14.457977,30.739441,0.126274
2675,442.972778,202.011917,18.138214,40.001297,0.126274
2675,248.735962,206.678757,13.326233,29.048676,0.118587
2675,248.987320,212.656891,12.377731,28.133148,0.118587
2675,256.548584,217.136917,10.959656,28.071167,0.104539
2700,590.867188,178.184387,53.239014,116.211823,0.996107
2700,585.584839,176.892792,48.591675,106.447723,0.996107
2700,197.136932,197.646591,22.925095,50.333374,0.994826
2700,199.974060,187.326614,28.137482,64.916931,0.994826
2700,191.924561,196.596527,27.771713,59.450775,0.994366
2700,192.289856,191.167007,33.596893,70.635086,0.977343
2700,200.952682,199.945770,22.572159,46.078537,0.970441
2700,199.450562,208.448685,21.869537,47.124786,0.962555
2700,450.232666,204.246078,12.776398,27.845032,0.934267
2700,402.237335,200.873962,13.742401,30.134018,0.848252
2700,436.128601,203.793549,12.678101,28.184540,0.781865
2700,603.625671,185.476990,37.772766,87.210236,0.584395
2700,403.618805,207.828995,10.527283,25.379547,0.426345
2700,448.299225,199.918381,18.318054,40.082092,0.414039
2700,448.979858,192.688217,16.691711,37.225082,0.414039
2700,462.961121,204.812988,11.890808,25.748459,0.336286
2700,399.335388,194.603317,19.470734,41.644287,0.298497
2700,400.471375,203.997345,16.811005,38.355560,0.298497
2700,404.097717,196.249420,13.256378,28.162018,0.280434
2700,206.865112,197.211884,22.802094,51.376968,0.265332
2700,451.323120,199.142044,12.207520,26.174210,0.244408
2700,593.175232,169.628830,64.986633,130.096512,0.155728
2700,433.073029,197.539108,19.003906,41.275864,0.151024
2700,417.441376,202.404083,12.558594,27.497513,0.149933
2700,459.753632,200.607697,14.394348,30.406387,0.132006
2700,464.212219,210.260315,11.249329,25.095947,0.132006
2700,460.636108,205.918823,14.481018,30.998032,0.132006
2700,196.874771,195.566177,17.819290,38.295609,0.107963
2700,190.856354,184.110886,25.682678,50.519669,0.096575
2700,600.825500,187.657288,48.170715,108.784363,0.059472
2700,435.889984,197.973129,12.707886,26.821045,0.055656
2700,432.698090,197.511780,15.679901,33.657684,0.055656
2700,458.129486,198.250656,19.348358,42.975769,0.051208
2700,459.234589,190.471329,17.600128,38.671188,0.051208
2700,583.486267,159.473175,82.172119,175.248260,0.039673
2700,208.257706,201.063171,25.105515,56.774536,0.033514
2725,239.487518,199.993393,17.247894,36.596985,0.996638
2725,184.876038,197.817551,28.033325,64.923813,0.996044
2725,180.586105,192.059097,26.520493,58.090942,0.983944
2725,465.849121,201.589935,13.741577,30.448425,0.951149
2725,467.118408,207.916168,11.703430,27.078781,0.951149
2725,480.381714,202.999878,13.304382,28.810486,0.948030
2725,229.933365,202.058365,21.017776,43.227722,0.840772
2725,190.055176,196.478302,26.662827,58.209351,0.812152
2725,462.990021,198.801254,18.531982,40.055923,0.775634
2725,464.307343,191.588501,18.638123,41.177155,0.775634
2725,417.226013,201.211746,13.200317,28.469986,0.774878
2725,245.685135,198.390793,16.737534,35.971024,0.758168
2725,477.355438,198.635193,18.608734,41.042526,0.664740
2725,478.543335,193.493332,16.240936,36.975464,0.664740
2725,481.667694,199.264236,12.236084,26.600418,0.646030
2725,467.629578,198.763275,11.141968,25.516998,0.636675
2725,239.440109,188.550583,19.775101,42.882919,0.513131
2725,183.572174,190.795776,30.629364,59.698914,0.479179
2725,186.114182,192.329910,23.982269,50.355042,0.479179
2725,249.054916,200.992828,15.076828,34.446457,0.473860
2725,189.984116,184.998184,28.356979,61.214539,0.442335
2725,454.841125,203.441513,12.598480,27.813553,0.408008
2725,226.037659,192.631287,25.167236,48.629776,0.385474
2725,416.206299,204.833038,13.582428,29.129410,0.235394
2725,418.630219,208.565842,10.526947,25.124634,0.235394
2725,419.510162,196.254959,12.232025,26.596863,0.216882
2725,453.016388,203.038864,15.821381,34.314346,0.209702
2725,414.192719,195.153671,18.860962,40.690842,0.207453
2725,415.028625,204.430176,16.947540,38.030121,0.207453
2725,242.954391,195.170731,23.571823,51.598953,0.127810
2725,178.240997,184.157730,38.149078,79.432144,0.096357
2725,407.075256,203.097595,12.218658,26.675125,0.080750
2725,433.296204,202.923416,11.944275,25.720245,0.062460
2725,452.212708,196.121292,19.574951,41.606354,0.057849
2725,452.302765,192.049393,17.040741,37.532974,0.057849
2725,181.229340,202.239105,24.863800,58.146088,0.055212
2725,495.671204,204.731613,11.358093,24.144440,0.036581
2750,282.393921,197.352005,17.172638,37.019608,0.996698
2750,284.272644,200.979691,17.978210,37.764740,0.996698
2750,282.393768,194.752213,21.431305,47.154297,0.996698
2750,153.842117,182.389908,33.360519,72.689911,0.990095
2750,155.906860,174.812027,38.319260,86.161301,0.987609
2750,163.001343,181.055695,32.731659,70.722855,0.980897
2750,284.547974,191.531082,24.421753,53.990417,0.969019
2750,276.422668,190.091904,26.868286,56.107895,0.969019
2750,482.414429,199.219193,14.924683,32.323227,0.962503
2750,483.085907,205.022385,12.482147,28.548325,0.962503
2750,279.656708,199.770111,17.114105,37.874741,0.956562
2750,479.119080,198.465332,18.330902,38.850922,0.913919
2750,480.531067,190.895111,18.656281,41.175629,0.913919
2750,477.385925,192.659637,24.290009,50.647278,0.891515
2750,498.506714,204.879379,12.829346,29.719696,0.887387
2750,497.197601,198.706772,16.613190,36.345154,0.870706
2750,496.435120,189.951447,19.650024,43.216507,0.870706
2750,498.788025,197.867645,13.721436,30.039474,0.861272
2750,146.765274,176.714157,37.691513,81.425461,0.833989
2750,162.747986,192.970169,30.310501,68.753128,0.800899
2750,482.980621,197.914795,12.264771,27.664200,0.784519
2750,153.575562,192.431656,36.056442,80.217789,0.595076
2750,435.528900,201.044617,11.894592,25.982086,0.547478
2750,511.566956,201.080856,13.453613,28.749268,0.480271
2750,172.444824,193.439240,21.977234,45.371338,0.349420
2750,436.804779,194.264862,12.186462,26.503021,0.241239
2750,433.683929,193.765167,15.359009,32.870483,0.241239
2750,188.009109,200.336761,13.007980,28.385849,0.157267
2750,185.334763,198.282959,15.722595,34.479950,0.157267
2750,189.110886,192.106201,13.036942,26.893860,0.157267
2750,183.562897,188.798401,17.300369,37.947662,0.157267
2750,173.398987,185.326248,21.276154,45.567703,0.155588
2750,175.364716,189.302017,17.569229,37.226913,0.155588
2750,511.455231,206.575531,13.088104,29.163498,0.154517
2750,154.517838,171.360336,30.225983,68.333771,0.119021
2750,508.531189,197.445541,17.181519,37.280853,0.118480
2750,513.033264,196.063461,12.478210,26.629166,0.105651
2750,509.317474,194.916641,15.268524,32.794861,0.105651
2750,432.372711,192.119263,18.736694,39.765701,0.098414
2750,432.664734,203.252014,16.684875,37.783310,0.098414
2750,168.300690,177.927155,28.842499,62.485199,0.080204
2750,282.090149,193.540665,15.289459,33.571518,0.071716
2750,279.847137,186.944611,22.485809,48.382736,0.071716
2750,279.665009,193.018326,13.259888,27.692673,0.071716
2750,180.535416,191.180298,20.107361,44.404648,0.051285
2750,183.013794,200.166504,17.481369,39.945633,0.051285
2750,158.227661,198.899048,25.192902,55.760010,0.050152
2750,530.967407,201.119141,11.135803,24.860001,0.047881
2750,542.269104,200.256500,11.731445,25.766678,0.047095
2750,543.092346,193.425659,12.111084,26.456589,0.047095
2750,539.737854,190.099030,14.959412,31.743698,0.047095
2750,448.370392,201.965103,12.065521,25.806702,0.047042
2750,291.289032,192.114059,24.362244,53.584335,0.047018
2750,169.557892,197.966370,24.825790,51.986588,0.045158
2750,176.307159,190.482010,27.840378,58.013763,0.039982
2750,444.689209,199.378769,14.548859,31.544571,0.038190
2750,447.999329,194.250977,12.458618,26.428268,0.038190
2750,443.110931,191.582504,15.941284,34.059692,0.038190
2750,434.019775,205.464310,12.527435,27.246964,0.037917
2750,431.593689,199.202850,15.333801,34.144241,0.037917
2750,435.947937,208.804672,9.620697,23.467941,0.037917
2775,339.668304,193.946671,20.187103,44.312515,0.996523
2775,338.356079,197.029266,17.904175,38.118530,0.996523
2775,96.844543,162.158524,51.932938,113.914474,0.993956
2775,100.037079,152.995789,64.337051,131.308075,0.993737
2775,205.543808,191.215637,18.249084,39.655151,0.991556
2775,561.768250,204.903183,13.120850,31.409210,0.953005
2775,208.348450,195.751816,13.426651,33.189789,0.950631
2775,528.728821,199.402206,15.265198,33.353882,0.944152
2775,526.033264,193.287598,20.409485,44.996155,0.944152
2775,208.173828,187.488541,14.706177,32.662201,0.922357
2775,558.492126,198.070724,18.804932,40.894669,0.921459
2775,562.038818,199.925751,13.862122,30.326996,0.894693
2775,106.832886,168.876389,43.342804,99.023514,0.888877
2775,337.391754,201.468338,18.296051,42.105667,0.859626
2775,512.432068,204.708572,12.581238,29.404816,0.667491
2775,342.029114,190.778534,25.539429,53.533401,0.628289
2775,336.595520,182.991501,18.854340,41.816422,0.617274
2775,507.485443,195.325439,19.585663,42.376968,0.611256
2775,503.474548,191.440765,26.624878,53.612885,0.611256
2775,192.423645,187.952637,23.258682,48.670883,0.546051
2775,205.677063,180.720276,22.817154,51.336227,0.546051
2775,497.931549,192.662338,24.860992,50.689484,0.509712
2775,113.772560,184.857620,38.337166,89.549545,0.285619
2775,504.650940,205.600616,13.952148,29.592957,0.251953
2775,503.579193,209.185562,11.663788,26.140579,0.251953
2775,506.316467,201.574921,14.691772,31.894974,0.238342
2775,503.513062,201.691498,14.090149,29.928955,0.238342
2775,100.295662,172.776154,43.248573,92.307739,0.236443
2775,449.832855,200.431381,12.611450,27.244141,0.210233
2775,573.062622,203.236237,12.300720,26.844971,0.193866
2775,576.239075,203.651077,10.906189,24.789810,0.193866
2775,503.815796,196.604462,19.709106,40.663589,0.170736
2775,450.951538,194.198746,12.524750,27.464386,0.164884
2775,447.928955,193.353897,15.469086,34.312851,0.164884
2775,513.369812,199.085281,13.600952,29.591949,0.151970
2775,209.646225,187.555023,12.211182,25.345200,0.144144
2775,102.427025,184.673294,42.970695,95.185776,0.113043
2775,446.458344,192.884949,19.362122,41.059036,0.083011
2775,573.122131,209.426254,12.569702,26.510941,0.080538
2775,577.575134,211.882584,9.956604,23.904144,0.080538
2775,526.404358,186.577423,20.954285,42.293915,0.074513
2775,121.862686,179.967606,34.771423,79.475540,0.071996
2775,179.174957,199.070740,12.352386,27.013702,0.066766
2775,177.423737,192.560043,13.377579,29.422073,0.066766
2775,175.372803,193.494843,17.538681,37.020370,0.066766
2775,112.092560,161.402084,41.424271,93.999847,0.065273
2775,570.003418,201.488663,15.352661,33.504868,0.065064
2775,570.579956,203.209747,17.678589,40.783554,0.065064
2775,105.125725,205.221664,35.002785,76.881485,0.055063
2775,212.704254,181.328934,21.501389,48.288467,0.051512
2775,211.618973,190.717407,22.869522,49.436707,0.051512
2775,347.259033,199.750626,15.213562,33.415512,0.048754
2775,349.245819,191.018051,14.380310,31.187439,0.048754
2775,344.225861,189.101410,17.823364,39.752335,0.048754
2775,112.502502,202.542908,37.353531,82.954346,0.047988
2775,547.467896,200.874313,13.783386,30.306763,0.044944
2775,332.749969,170.883942,28.346527,62.054962,0.044513
2775,348.521515,206.792450,13.781006,30.349976,0.041065
2775,546.971130,205.816849,13.480774,29.534821,0.039150
2775,331.607208,175.539520,39.088745,78.733658,0.037756
2800,240.700607,186.869904,27.713150,59.967239,0.996168
2800,246.823395,190.785049,24.113251,52.257263,0.996168
2800,234.810974,193.696350,29.270630,64.543518,0.994120
2800,388.571655,196.939468,21.049744,46.435333,0.992484
2800,387.136108,198.310730,18.366974,40.436600,0.992484
2800,241.848618,192.443710,23.115372,48.246201,0.988638
2800,544.800659,199.307343,17.883301,39.737900,0.988207
2800,542.398499,194.146271,22.194580,49.211609,0.988207
2800,236.547867,179.520203,33.798203,74.554031,0.987592
2800,383.952301,195.405869,22.346710,48.794846,0.978880
2800,390.512665,189.114990,24.546173,53.831665,0.978880
2800,545.911560,196.334244,14.653748,33.435303,0.964393
2800,385.205750,194.845016,25.862396,56.781067,0.927401
2800,386.926727,201.640182,20.101959,46.148453,0.927401
2800,114.567993,186.922379,18.593216,39.476669,0.924448
2800,1.000000,135.497665,48.947701,184.407425,0.882479
2800,592.458984,193.031830,24.041565,52.322693,0.854379
2800,593.252075,196.492157,19.071228,41.108093,0.854379
2800,524.685608,203.452713,16.662964,36.079376,0.842234
2800,522.540344,198.527847,20.182312,44.533936,0.842234
2800,525.772766,197.438828,16.542664,35.576248,0.842234
2800,524.191772,192.572113,21.572449,47.097519,0.842234
2800,390.404205,200.217911,17.063812,36.789703,0.822051
2800,387.768951,187.690216,21.512573,47.689804,0.822051
2800,117.790451,185.981781,18.475311,40.999725,0.797642
2800,112.792778,190.087021,20.767235,44.332809,0.797642
2800,519.258179,200.594788,19.594849,41.199738,0.729361
2800,516.636597,190.331650,20.944031,45.254623,0.729361
2800,116.040474,183.790985,16.174431,36.369949,0.728642
2800,587.680420,188.625214,25.839661,54.462708,0.710084
2800,597.902405,189.149017,25.185242,55.149750,0.710084
2800,246.013428,199.297806,22.712891,51.476547,0.654655
2800,519.118469,202.201935,14.981995,31.152649,0.566707
2800,520.391602,207.352036,14.166443,31.389374,0.566707
2800,120.291122,180.761490,24.457260,56.417145,0.492372
2800,248.109848,191.581329,19.954117,42.298325,0.368127
2800,560.460449,206.444656,15.060791,32.373337,0.357991
2800,543.339844,203.386093,16.410950,38.174149,0.357196
2800,557.367249,198.472488,18.929565,41.651733,0.332375
2800,555.125916,189.874359,22.210205,46.944214,0.332375
2800,599.149353,197.285873,19.450806,41.219559,0.312210
2800,395.732330,208.215195,15.110229,32.693253,0.310891
2800,115.132996,200.091461,13.785934,32.334656,0.271862
2800,388.838257,193.710388,28.269989,62.652252,0.235517
2800,542.437622,187.288559,21.796875,44.563187,0.200185
2800,576.998352,189.993515,27.037781,53.633942,0.168458
2800,395.015625,193.338806,14.925201,32.258286,0.129017
2800,391.130829,210.027283,19.046722,42.226898,0.115118
2800,147.507507,200.380554,12.684021,28.029739,0.114624
2800,145.883545,196.718201,15.581207,34.464249,0.114624
2800,147.187744,192.941330,13.403275,29.274673,0.114624
2800,144.761841,190.405685,16.352509,36.250488,0.114624
2800,232.922668,183.759338,30.147430,64.497147,0.100898
2800,234.537033,196.006058,23.524246,50.859024,0.100898
2800,557.107361,196.617905,16.760864,36.267899,0.089838
2800,561.156189,196.589661,13.174988,28.399002,0.089838
2800,577.751587,202.381332,14.908875,32.499802,0.085431
2800,576.686951,198.452423,18.678040,41.450943,0.085431
2825,435.424988,183.710327,30.918945,66.308594,0.994897
2825,441.231567,186.318954,30.529297,66.617737,0.994803
2825,438.311951,195.005905,22.711853,45.607727,0.994803
2825,440.618744,193.976547,24.469055,52.733215,0.993118
2825,300.780151,186.161362,27.790436,60.158279,0.992617
2825,302.659027,182.714188,31.549713,68.734955,0.992617
2825,545.962891,200.647278,17.504395,37.123825,0.992363
2825,543.771545,191.208878,22.635498,49.812912,0.990807
2825,307.638977,193.252823,25.843994,58.631104,0.989842
2825,633.266052,189.335449,21.775940,46.977951,0.984905
2825,577.978027,189.720459,21.784180,48.192444,0.981469
2825,577.538025,193.523010,18.215942,38.994461,0.981469
2825,577.030518,199.482315,19.843689,40.639114,0.981469
2825,430.303833,190.848557,28.510315,60.782608,0.980905
2825,308.120850,177.903412,29.016327,64.846420,0.961291
2825,632.178284,190.501083,25.736145,54.987015,0.953276
2825,92.551582,184.220108,20.389656,43.033035,0.923124
2825,87.355865,176.782639,27.956360,60.024231,0.907984
2825,300.153290,178.398987,37.822754,83.017639,0.892806
2825,583.501404,193.239426,19.610291,42.689896,0.885568
2825,302.161865,175.016647,25.568207,56.559723,0.878316
2825,623.261841,189.563263,24.597778,50.838226,0.842639
2825,625.989624,194.018692,17.876160,39.160263,0.809843
2825,442.002350,188.002365,22.779419,48.874527,0.763854
2825,87.773666,179.592041,21.753281,48.790131,0.754110
2825,586.900024,192.350616,17.276367,36.798706,0.628279
2825,537.585693,212.454056,11.411682,23.817337,0.611254
2825,635.602661,205.524811,18.141785,41.319519,0.556777
2825,585.984375,191.640854,22.977234,47.742523,0.540825
2825,124.876732,188.928345,14.325706,30.803970,0.516618
2825,125.274834,194.758469,14.251366,30.679398,0.516618
2825,590.122864,204.402435,14.568359,32.528931,0.491547
2825,452.183990,191.238754,26.195221,55.700516,0.418904
2825,466.525879,200.788727,13.476593,28.528320,0.364558
2825,95.936211,196.804672,14.167900,34.153442,0.315593
2825,626.615845,201.637405,15.374756,36.197632,0.282822
2825,94.574409,179.229935,17.762543,40.157898,0.278565
2825,306.604095,187.497314,24.975800,53.304932,0.272844
2825,541.903809,185.575912,23.401733,48.387909,0.265657
2825,296.800873,190.637787,27.871704,60.462051,0.260641
2825,462.834503,195.033585,19.747284,43.914795,0.239819
2825,120.742210,176.061386,18.604576,41.353851,0.238695
2825,431.692474,182.479980,26.632233,54.468628,0.236148
2850,379.852386,182.615829,33.953491,73.127136,0.994908
2850,523.321289,181.771957,33.906860,73.396225,0.993765
2850,519.953552,173.080246,40.891235,91.160080,0.993765
2850,624.842896,191.173981,20.904114,44.352905,0.986569
2850,387.197601,183.206604,27.190521,62.183029,0.985464
2850,584.323547,198.568314,21.886230,47.483124,0.984421
2850,582.878174,189.048584,27.076111,58.454605,0.984421
2850,586.710327,192.527924,20.484436,44.285828,0.984421
2850,674.559875,196.821060,17.224548,36.967468,0.983761
2850,382.961487,174.117371,37.040070,82.338226,0.981956
2850,389.340790,187.990875,28.562378,67.131424,0.981956
2850,630.918152,193.067734,21.398438,46.375793,0.980885
2850,55.139057,174.225906,31.135273,66.723511,0.973626
2850,62.959648,175.867706,25.880051,56.680161,0.973626
2850,673.182007,194.037033,21.328735,45.922180,0.973147
2850,677.959656,195.220016,20.053772,44.197662,0.973147
2850,635.740234,197.069687,18.019348,38.192398,0.969883
2850,59.940559,184.572113,26.133797,59.518005,0.957842
2850,528.927490,175.185989,33.542664,77.002701,0.945552
2850,529.020508,189.502396,28.208435,58.190033,0.943444
2850,622.127380,182.946655,25.591431,55.078094,0.895781
2850,59.761017,167.808594,34.913460,77.006836,0.884129
2850,676.220276,188.002838,25.669556,54.687485,0.877617
2850,681.464478,202.288910,17.127563,38.736816,0.877617
2850,638.532471,202.478134,16.563477,36.073624,0.805630
2850,516.929993,182.690277,34.595459,72.255066,0.752708
2850,577.545288,194.040176,25.776306,55.412842,0.752463
2850,51.374340,180.608917,29.332111,63.013153,0.711594
2850,673.993530,205.302353,19.722290,44.003540,0.709996
2850,51.221577,167.761185,31.693119,68.829422,0.650544
2850,526.071838,199.210709,26.752075,61.731339,0.640220
2850,632.037415,182.542892,24.736877,55.275116,0.497759
2850,512.239441,189.146011,34.031433,71.916306,0.452677
2850,672.239868,185.396072,23.268494,49.470078,0.445490
2850,383.125854,192.893250,27.673279,57.507965,0.438439
2850,382.171265,199.057114,27.655182,63.572006,0.438439
2850,623.177734,195.768448,23.234131,52.140747,0.406408
2850,637.962952,198.836060,21.721436,50.181488,0.385587
2875,636.541992,175.452911,44.317322,96.837982,0.997247
2875,464.941772,170.556335,47.135620,103.297119,0.996196
2875,633.678467,182.300491,37.677673,86.157761,0.888398
2875,675.528320,186.655075,26.984741,55.621216,0.865735
2875,680.539551,191.716751,20.703552,43.133087,0.865735
2875,471.674469,165.027802,49.245270,106.124146,0.831484
2875,665.051208,188.249344,28.592712,61.522873,0.795941
2875,461.045959,178.251755,41.448334,90.341324,0.790799
2875,658.402832,181.541687,36.094238,76.315887,0.779177
2875,670.644958,177.103668,36.364319,77.290222,0.778229
2875,682.695862,187.007599,19.021057,38.565094,0.693792
2875,480.379608,172.686539,49.474762,100.072189,0.558329
2875,678.037842,176.601212,26.649902,59.173401,0.507245
2875,627.529968,192.897675,35.208374,74.711578,0.499560
2875,479.583344,168.640411,39.452057,85.269684,0.498861
2875,475.263153,181.832352,39.330475,84.082047,0.463530
2875,641.591064,192.401627,33.994385,78.188400,0.427986
2875,621.102661,182.833481,42.586060,90.036972,0.375445
2875,681.106934,198.721588,20.776062,45.995880,0.291254
2875,625.832031,201.745361,22.608887,49.261536,0.277211
2875,510.324860,204.669540,18.446625,40.069885,0.227821
2875,512.978638,210.340958,14.434448,32.838760,0.227821
2875,675.674683,197.791763,17.246887,34.602081,0.213195
2875,670.349792,181.926102,28.367065,63.424637,0.191175
2875,470.192413,188.329681,33.969391,81.756134,0.177023
2875,626.351013,196.891174,26.218323,62.161133,0.128562
2875,640.159851,164.939728,53.609253,118.195007,0.121981
2875,674.007935,185.407883,21.697083,44.858627,0.117671
2875,675.347412,187.786255,15.797607,31.450912,0.117671
2875,681.825806,176.584259,28.560913,81.612274,0.117466
2875,690.189026,185.709061,22.250000,62.195450,0.117466
2875,629.540283,197.171967,39.429016,84.015289,0.110859
2875,512.807434,200.600845,15.244812,34.653702,0.100114
2875,641.267517,197.986526,39.645264,86.949112,0.086254
2875,650.790771,202.802261,23.666565,52.527115,0.074802
2875,626.648621,211.095581,19.344604,44.410187,0.069562
2875,678.524292,200.350739,24.521790,53.072693,0.067967
2875,473.060028,189.019058,31.004333,58.218643,0.064960
2875,645.841614,192.447296,29.812561,55.078110,0.050123
2875,457.247772,170.066742,40.373108,83.765518,0.045739
2875,507.708466,211.826508,19.259979,41.637390,0.045473
2875,469.698730,168.023529,34.227051,77.983475,0.042191
2875,652.125671,180.320084,44.242798,94.243301,0.042041
2875,495.030457,173.445862,34.791443,76.683090,0.039926
2875,34.061607,164.857086,17.684559,38.748550,0.034471
2875,32.714474,160.491180,21.525860,46.907440,0.034471
2900,612.909973,164.277008,60.108582,132.582031,0.996904
2900,600.190552,169.024841,58.732666,127.067017,0.988868
2900,470.695435,202.657486,12.120239,26.537369,0.979255
2900,480.252747,203.507370,11.864136,25.345566,0.963468
2900,477.539490,200.971176,14.037079,29.654175,0.963468
2900,611.517517,172.399979,49.921448,113.436661,0.868222
2900,467.886658,200.586731,14.540436,31.570023,0.830947
2900,469.796997,210.539230,9.719086,21.725082,0.830947
2900,468.911438,194.172607,14.565491,31.700790,0.811283
2900,468.905182,194.082993,11.438477,26.267578,0.811283
2900,482.009033,207.982010,10.833740,23.808563,0.745208
2900,478.356018,199.906738,17.822571,39.295258,0.745208
2900,468.778748,204.201492,15.541077,33.976990,0.711316
2900,479.724915,194.010193,13.333374,28.418121,0.694801
2900,476.745575,192.951569,16.147339,35.676926,0.694801
2900,463.533813,192.679749,22.072632,46.627533,0.579226
2900,623.331909,173.560715,43.235596,101.145920,0.269702
2900,682.541382,200.394867,23.983765,51.944687,0.110945
2900,686.299927,208.034027,19.768066,42.255310,0.110945
2900,610.968933,193.885971,45.160583,100.006973,0.094622
2900,476.002991,188.320435,21.887909,47.727768,0.047179
2900,688.328247,202.104004,15.629395,35.268814,0.046415
2900,497.270172,204.595688,11.171448,23.034637,0.039527
2900,494.351837,201.611938,13.570953,28.650665,0.039527
2900,596.743042,128.119827,87.130859,197.992416,0.038997
2900,687.736694,220.847809,17.322449,38.129639,0.033183
2925,483.533234,200.595230,15.091431,32.379623,0.987851
2925,485.088837,206.170273,14.453674,30.664932,0.987851
2925,492.739380,201.064804,15.141724,32.304260,0.967823
2925,493.764282,206.291351,15.136932,31.996384,0.967823
2925,497.109558,209.864960,12.424408,27.760269,0.967823
2925,479.711060,195.400970,23.012634,48.339813,0.921555
2925,482.523651,197.268173,18.880005,40.552231,0.704987
2925,489.869354,191.487854,21.340149,44.072418,0.411988
2925,488.039490,186.536331,24.590698,55.423538,0.411988
2925,493.394043,194.927475,16.509247,35.227402,0.341639
2925,496.505737,195.227417,13.668579,29.328247,0.341639
2925,481.485352,210.329346,14.563812,34.137589,0.228072
2925,494.448273,212.737411,14.855255,33.675476,0.118695
2925,325.913635,151.262619,34.709106,73.772537,0.069247
2925,486.686707,171.193924,29.193542,65.992126,0.046279
2950,499.169159,204.675003,17.119659,36.869537,0.994298
2950,510.570007,202.997894,16.942993,37.691971,0.989763
2950,512.609253,209.708527,15.166321,32.474487,0.989763
2950,512.307556,210.660385,17.864807,38.550034,0.810809
2950,496.261200,200.998062,21.172882,45.530151,0.797365
2950,495.742340,192.172440,25.124115,52.167465,0.770167
2950,504.907562,192.494080,24.060394,48.738922,0.770167
2950,524.700378,205.376007,13.476257,28.461365,0.282001
2950,520.798279,201.398529,16.102417,34.720398,0.282001
2950,525.124573,212.442825,12.583618,27.019211,0.282001
2950,521.342834,208.778946,15.265076,34.249634,0.282001
2950,497.522461,196.018295,18.062500,37.552643,0.281335
2950,508.272522,194.714172,18.123413,40.289413,0.265657
2950,502.484100,175.959274,29.673492,65.738892,0.260895
2950,497.628204,210.899857,15.512726,32.896286,0.249856
2950,519.855408,201.996445,24.641296,52.695786,0.081669
2950,511.434082,195.915192,16.643311,35.716354,0.081659
2950,514.381348,195.877884,13.035034,28.778015,0.081659
2950,507.691528,201.011597,22.591125,48.707520,0.074534
2950,493.205566,176.232086,29.774658,67.523346,0.070230
2975,514.845825,214.685562,14.220032,31.067139,0.986548
2975,512.279419,214.075882,17.860168,40.354736,0.986548
2975,510.298035,207.044189,21.951660,47.748734,0.981355
2975,530.671570,213.623245,15.166382,33.338425,0.977281
2975,529.017761,204.828430,19.251404,44.204880,0.977281
2975,529.148315,213.946228,18.049377,40.719284,0.977281
2975,535.585266,211.389374,17.065369,37.143829,0.863536
2975,533.393005,201.703003,22.128784,46.430573,0.863536
2975,535.648254,215.614578,18.324402,40.627762,0.863536
2975,538.169922,210.263794,15.216064,31.862442,0.744219
2975,542.800537,209.536148,12.362549,27.744431,0.744219
2975,537.695984,212.256409,21.953064,45.984253,0.561297
2975,538.564697,218.793045,14.661194,31.086243,0.291789
2975,542.411621,221.842224,12.238281,28.815689,0.291789
2975,520.126648,192.438339,26.978394,60.767105,0.067219
3000,562.051208,201.867172,18.499329,40.928650,0.990442
3000,538.999268,202.080200,18.687988,39.732666,0.977067
3000,562.315125,199.345978,15.866089,33.689102,0.961182
3000,536.333069,205.252747,16.371948,35.981827,0.947055
3000,534.325256,200.114471,20.878845,44.232910,0.947055
3000,538.223511,197.499603,16.658752,36.360458,0.911008
3000,534.906799,192.915741,22.747253,47.245071,0.911008
3000,534.388184,201.165695,17.284607,36.088196,0.908419
3000,568.644958,204.015610,16.128479,35.365616,0.770534
3000,572.483032,204.277023,14.384827,30.326797,0.770534
3000,565.397522,201.116638,19.804260,44.103561,0.770534
3000,571.047607,209.364456,14.865173,32.520126,0.770534
3000,569.279114,196.404190,21.113281,45.744644,0.704615
3000,541.171814,197.219833,22.505615,46.583099,0.679423
3000,567.260010,192.363892,17.994263,40.692200,0.475449
3000,533.164246,207.095627,19.791748,44.263779,0.294686
3000,534.036072,211.262207,15.723633,36.150391,0.294686
3000,562.158203,211.343979,15.162903,33.155304,0.289652
3000,530.695496,197.256790,21.383667,43.937317,0.274931
3000,529.398132,193.124985,25.878235,55.017441,0.274931
3000,568.042786,205.661316,19.605347,46.449707,0.255864
3000,569.485046,211.960968,15.647888,36.209000,0.255864
3000,544.536682,198.219101,12.837585,28.748291,0.182487
3000,558.091797,199.549103,22.522217,48.894806,0.116920
3000,542.648987,212.667587,14.920593,31.424423,0.062208
3000,534.928955,197.487946,14.924927,31.205353,0.038272
