25,129.730,192.643,18.845,39.905,0.0293020
25,584.496,212.197,26.720,60.505,0.5795040
25,552.054,210.184,28.928,70.990,0.7712770
25,597.616,206.998,32.356,74.953,0.7540670
25,125.798,163.193,32.388,94.585,0.0055720
25,398.482,208.394,23.766,44.090,0.0117770
25,385.203,202.577,32.121,51.486,0.0069170
25,457.409,86.762,19.746,25.919,0.0095060
50,108.329,218.887,23.096,57.834,0.0416920
50,553.953,200.645,46.087,88.311,0.4188080
50,558.657,188.679,57.358,137.801,0.0096900
50,509.827,206.682,32.543,74.245,0.8446300
50,543.188,210.314,35.284,76.705,0.1253340
50,108.329,218.887,23.096,57.834,0.1390650
50,396.194,209.645,23.061,39.572,0.1460760
50,379.785,201.709,35.765,50.524,0.0183480
50,460.893,2.000,39.458,59.111,0.0057060
75,74.580,215.273,33.553,74.257,0.0139230
75,478.582,204.308,22.934,46.729,0.0337500
75,535.993,192.284,42.492,92.762,0.2446160
75,479.592,194.818,38.637,87.149,0.8128420
75,557.126,185.539,38.391,109.483,0.2027920
75,491.019,207.835,24.707,61.301,0.0079530
75,568.899,215.800,22.431,54.615,0.0066620
75,537.898,209.487,25.330,58.164,0.0066500
75,78.278,220.402,26.139,56.144,0.0271860
75,401.183,205.588,22.592,41.633,0.0097950
100,27.380,214.987,40.983,69.052,0.0449020
100,391.959,194.687,37.531,62.236,0.0117520
100,461.624,177.909,46.795,99.584,0.1629500
100,410.609,174.425,51.054,112.145,0.7641750
100,489.612,177.659,49.280,116.223,0.4605460
100,520.560,167.050,37.247,119.579,0.0637600
100,397.246,204.036,23.169,35.698,0.5816100
100,391.959,194.687,37.531,62.236,0.0294790
100,401.144,166.482,71.145,125.766,0.0115550
100,461.624,177.909,46.795,99.584,0.0069810
100,472.150,194.396,22.817,52.740,0.0068650
125,382.519,218.726,20.343,41.488,0.3448900
125,306.213,136.801,87.248,188.808,0.0236870
125,321.018,184.017,59.570,122.262,0.8588290
125,440.297,183.999,46.950,112.761,0.8357150
125,408.414,177.361,51.549,127.177,0.7227460
125,382.093,198.603,40.954,83.360,0.0776740
125,460.410,212.874,23.235,62.224,0.0086470
125,381.158,211.860,22.548,39.088,0.2505490
125,306.213,136.801,87.248,188.808,0.0059690
150,360.747,149.031,62.101,147.902,0.7982540
150,222.887,153.601,67.742,166.578,0.7759730
150,303.940,143.765,65.889,160.715,0.7175630
150,323.398,142.044,79.574,169.537,0.2047250
150,254.727,162.229,48.496,123.990,0.0135300
150,349.703,190.943,20.594,45.211,0.0127080
150,273.374,199.463,24.005,39.678,0.0082050
150,317.088,187.538,21.692,51.302,0.0055520
150,5.295,195.115,15.000,56.387,0.0121660
150,9.792,209.370,15.047,57.165,0.0062400
175,11.156,198.708,31.537,71.237,0.2774060
175,387.224,204.944,25.034,46.053,0.3986820
175,42.326,159.377,92.664,169.046,0.9329390
175,245.742,148.260,78.127,174.675,0.8552660
175,162.270,134.118,91.047,202.487,0.8124580
175,216.111,139.670,70.980,191.254,0.4909260
175,152.873,154.504,60.051,134.318,0.0611460
175,34.768,160.242,48.819,128.715,0.0414280
175,75.295,162.308,113.472,163.095,0.0336880
175,272.424,111.449,75.390,231.579,0.0193540
175,38.347,217.764,25.246,39.940,0.0178170
175,8.487,123.543,36.610,244.644,0.0139760
175,289.443,171.289,54.686,105.852,0.0139100
175,2.000,193.269,41.697,69.432,0.0928170
175,387.224,204.944,25.034,46.053,0.0157610
200,9.394,127.549,47.956,113.245,0.0712000
200,393.304,204.341,26.137,44.099,0.3443920
200,417.013,203.665,19.741,43.379,0.0509840
200,42.737,92.119,107.432,261.499,0.8850260
200,15.625,122.963,92.071,225.469,0.4540430
200,11.322,107.488,47.799,263.948,0.1076400
200,98.568,144.586,58.342,127.576,0.0229930
200,64.873,127.602,69.793,172.543,0.0175150
200,465.103,202.312,18.287,41.556,0.0102240
200,22.356,138.259,60.099,151.134,0.0093750
200,393.304,204.341,26.137,44.099,0.0080280
200,278.277,56.903,14.470,14.341,0.0087690
200,417.013,203.665,19.741,43.379,0.0081640
200,361.157,58.004,15.355,16.091,0.0076540
200,392.242,90.316,15.219,19.267,0.0063620
225,403.138,210.094,21.569,40.476,0.4172630
225,460.075,207.785,17.292,41.148,0.0132540
225,59.775,197.228,29.119,53.689,0.0318330
225,421.311,208.393,21.380,45.906,0.4226530
225,409.996,199.820,35.201,62.669,0.1077470
225,392.630,202.883,38.597,52.891,0.0294300
225,78.848,198.808,27.125,52.901,0.0123450
225,688.803,185.554,18.088,63.260,0.0076040
225,410.427,170.082,60.215,154.503,0.0066380
225,21.328,458.490,23.595,34.665,0.0066170
225,39.454,454.784,25.833,32.294,0.0059130
225,686.067,159.512,22.961,115.260,0.0051930
225,403.138,210.094,21.569,40.476,0.0971860
225,460.075,207.785,17.292,41.148,0.0189050
225,52.832,192.503,45.098,69.957,0.0136420
225,76.342,194.941,45.926,78.484,0.0508250
225,421.311,208.393,21.380,45.906,0.0851950
225,409.996,199.820,35.201,62.669,0.0173400
225,358.677,57.439,15.969,14.830,0.0064010
250,508.598,219.496,18.027,33.963,0.4787760
250,468.998,208.537,21.309,46.415,0.4273320
250,446.743,205.002,36.425,64.911,0.2248380
250,435.790,213.768,22.548,45.252,0.5157990
250,443.118,166.043,64.150,171.921,0.0077710
250,126.224,195.492,25.428,52.501,0.0054700
250,435.275,210.014,23.745,43.637,0.0128160
250,508.598,219.496,18.027,33.963,0.0070030
250,468.998,208.537,21.309,46.415,0.0367450
250,453.024,203.243,31.839,56.681,0.0094810
275,500.977,215.022,23.675,45.933,0.3785110
275,463.864,208.148,36.075,60.317,0.0325510
275,468.876,217.047,22.778,40.717,0.5582140
275,2.000,34.216,654.201,421.635,0.0108580
275,503.365,211.359,22.003,42.420,0.0060160
275,469.987,211.867,21.635,41.267,0.0352150
275,211.106,181.774,76.167,101.199,0.0369200
275,189.426,145.914,121.175,165.945,0.0205870
275,199.846,183.685,52.886,108.104,0.0054840
275,2.000,34.216,654.201,421.635,0.0052760
300,532.591,193.739,22.646,49.316,0.7211050
300,508.795,188.299,26.489,55.986,0.5784750
300,275.953,157.799,48.839,123.761,0.0097980
300,480.531,192.369,23.617,46.493,0.0754700
300,485.317,105.252,69.773,228.840,0.0056250
300,272.641,158.501,105.621,122.763,0.2954460
300,508.795,188.299,26.489,55.986,0.0069020
300,480.531,192.369,23.617,46.493,0.6976340
300,88.964,57.705,458.501,309.833,0.0105170
325,505.041,210.359,22.713,42.031,0.2259780
325,543.992,209.243,25.798,54.107,0.6058130
325,503.017,199.539,32.114,72.548,0.0147110
325,362.056,154.238,86.457,177.078,0.0162720
325,566.398,211.553,22.803,47.707,0.7840600
325,404.525,172.186,42.993,138.517,0.0377850
325,356.713,184.706,40.484,119.070,0.0130100
325,505.041,210.359,22.713,42.031,0.4005920
325,359.489,159.290,83.038,161.933,0.9072740
325,57.537,63.628,664.463,389.664,0.0077640
350,561.417,133.094,99.374,218.365,0.2470600
350,598.226,165.682,62.149,122.062,0.0447210
350,518.357,165.249,100.675,164.172,0.0099230
350,654.713,200.346,23.958,49.917,0.3629220
350,643.136,198.429,37.109,72.432,0.0136800
350,625.602,217.414,25.274,43.338,0.0110250
350,681.091,202.923,19.531,39.148,0.0056190
350,527.071,140.849,138.876,201.154,0.8444410
350,554.821,152.405,82.420,149.784,0.1290600
350,598.226,165.682,62.149,122.062,0.0368050
375,592.257,215.466,21.184,37.356,0.0331910
375,675.402,189.515,29.142,98.608,0.4313000
375,617.134,211.209,24.998,47.136,0.6389870
375,685.221,196.739,24.186,67.092,0.1141370
375,681.099,156.859,35.796,181.658,0.0150050
375,655.827,197.344,40.039,85.379,0.0109510
375,601.035,127.393,61.693,257.549,0.0067030
375,513.866,97.944,15.439,21.163,0.0064940
375,279.961,158.407,19.697,44.616,0.0060030
375,591.551,211.245,18.822,36.250,0.4375160
375,617.398,205.491,24.270,50.599,0.2135810
375,676.214,177.412,30.303,105.265,0.0813540
375,685.221,196.739,24.186,67.092,0.0265610
375,573.933,200.500,36.792,52.685,0.0056250
400,529.941,220.604,16.997,31.488,0.2182870
400,575.602,215.731,21.982,42.698,0.0071330
400,658.404,201.451,41.640,83.011,0.7321820
400,678.439,203.593,26.910,72.403,0.5023560
400,658.068,208.473,25.082,62.344,0.0322000
400,531.182,213.855,17.101,35.856,0.0434180
400,575.602,215.731,21.982,42.698,0.7601210
400,708.748,2.000,12.646,4.371,0.0063350
425,586.577,205.705,38.572,75.524,0.7707440
425,418.018,220.199,17.537,31.043,0.5515560
425,486.233,215.303,23.668,43.114,0.0100940
425,642.559,207.324,27.849,65.172,0.8440230
425,603.546,204.848,29.805,69.526,0.2307260
425,654.645,206.260,23.225,54.214,0.0127870
425,545.395,223.200,23.433,37.065,0.0050060
425,487.055,210.813,22.209,41.392,0.0058590
425,418.351,214.929,17.311,32.698,0.0083780
425,479.302,214.804,23.616,42.142,0.7415980
450,403.451,212.713,22.342,44.808,0.0953270
450,418.023,96.752,13.650,19.250,0.0062820
450,515.222,199.092,46.977,93.565,0.7054920
450,393.100,204.185,32.798,71.145,0.0084440
450,598.938,202.559,33.237,78.165,0.8373210
450,320.245,212.414,17.094,37.549,0.6892410
450,574.640,198.885,43.209,86.794,0.0155940
450,509.407,190.337,36.046,85.666,0.0096490
450,541.488,219.585,23.610,49.060,0.0073150
450,692.623,217.310,17.659,56.770,0.0052520
450,403.451,212.713,22.342,44.808,0.6518540
450,418.023,96.752,13.650,19.250,0.0051250
450,393.100,204.185,32.798,71.145,0.0060910
450,359.155,99.058,11.347,16.077,0.0052990
475,692.880,223.500,19.461,51.469,0.0056950
475,521.244,189.430,53.373,114.859,0.7275580
475,392.029,210.245,25.589,49.393,0.4563490
475,648.836,193.843,40.735,97.396,0.8492000
475,274.921,215.271,20.554,41.447,0.7857750
475,503.480,194.469,51.062,105.825,0.0901230
475,265.340,198.917,35.247,64.390,0.0334100
475,559.638,202.715,38.348,81.934,0.0253510
475,653.624,216.209,22.246,58.265,0.0104700
475,682.752,199.512,27.259,95.263,0.0098200
475,544.233,220.332,21.218,50.807,0.0056990
475,396.307,207.857,25.798,49.380,0.5109430
475,386.069,203.299,31.960,67.032,0.0074640
500,420.279,210.491,26.412,49.416,0.7062000
500,595.617,187.903,56.026,117.964,0.7405970
500,636.680,198.555,34.677,89.755,0.0130110
500,262.602,208.646,21.774,44.933,0.8409760
500,565.268,192.112,51.103,112.545,0.6692460
500,255.059,197.147,38.009,65.751,0.0941200
500,582.087,217.955,21.334,60.682,0.0053500
500,605.353,173.883,56.119,197.387,0.0052670
500,421.947,206.848,29.747,50.830,0.2272810
500,591.973,195.431,65.188,131.817,0.0306900
500,636.680,198.555,34.677,89.755,0.0059120
525,483.981,220.352,18.677,35.552,0.4872410
525,654.553,182.190,49.875,140.148,0.8051100
525,489.798,210.680,18.537,44.143,0.0168150
525,248.367,211.763,25.199,51.300,0.8484290
525,690.481,224.528,19.971,57.331,0.0162740
525,487.168,222.243,21.546,41.722,0.5453630
525,653.137,155.545,53.172,195.829,0.0401100
550,561.425,216.407,27.274,55.996,0.3797340
550,223.610,210.444,24.354,51.784,0.8736290
550,203.399,199.393,33.517,53.212,0.0052820
550,561.425,216.407,27.274,55.996,0.4407350
575,672.835,210.550,30.545,56.817,0.8531370
575,172.563,200.637,26.485,60.667,0.7961300
575,178.355,186.292,32.718,81.793,0.0248440
575,185.468,198.311,20.824,53.859,0.0195860
600,104.857,185.672,32.385,71.265,0.8473730
600,97.193,185.957,21.782,52.384,0.0061120
625,13.105,197.510,37.635,86.252,0.8074550
675,502.915,223.910,17.602,30.764,0.0061300
700,535.357,228.941,21.357,33.450,0.0108100
700,509.313,224.286,18.759,34.505,0.0182280
700,535.357,228.941,21.357,33.450,0.0097650
775,626.683,208.852,19.178,41.000,0.2570400
775,542.946,222.377,17.823,35.556,0.0152220
775,581.535,223.852,17.757,35.746,0.0080070
775,45.324,2.000,106.031,309.973,0.0050210
775,626.683,208.852,19.178,41.000,0.0070030
775,163.354,58.731,14.678,19.324,0.0135290
775,135.264,57.342,13.839,20.518,0.0084400
800,485.065,58.746,51.369,95.657,0.0052200
800,611.872,214.376,17.538,37.041,0.1117830
800,542.639,229.218,14.214,29.614,0.0072240
800,485.065,58.746,51.369,95.657,0.0052840
800,610.623,219.648,20.983,40.566,0.5599060
800,609.305,210.590,32.741,58.808,0.0170460
825,610.509,199.633,23.330,46.136,0.6591130
825,604.730,184.427,32.663,65.552,0.0269650
825,516.578,56.519,13.682,19.186,0.0104880
850,623.724,201.661,21.736,49.691,0.0372370
850,390.119,360.563,37.261,88.390,0.0252460
850,623.724,201.661,21.736,49.691,0.6443080
850,576.851,18.393,13.572,14.337,0.0063730
875,622.444,199.244,24.998,63.055,0.8257160
900,589.399,201.671,31.595,77.314,0.8404120
900,599.915,192.438,32.280,80.243,0.0279230
925,650.265,89.562,13.399,24.813,0.0191900
925,561.642,184.450,33.413,83.387,0.8443990
950,512.607,188.543,34.110,96.294,0.8650140
975,427.927,167.021,42.368,123.366,0.8811980
1000,252.602,161.120,54.385,163.341,0.8894970
1025,689.962,2.000,31.024,16.814,0.0069260
1175,548.912,95.154,17.386,39.175,0.0181030
1175,478.216,226.356,28.846,62.423,0.8171190
1175,577.141,92.283,17.006,39.032,0.0060470
1175,548.912,95.154,17.386,39.175,0.0093810
1175,510.623,100.183,16.302,31.094,0.0085050
1200,440.143,93.397,16.315,30.500,0.0425640
1200,469.768,96.488,13.707,24.601,0.0064200
1200,395.395,94.517,16.649,31.587,0.0608420
1200,357.418,95.179,17.073,30.956,0.0511130
1200,319.405,218.397,33.927,68.988,0.8650250
1200,73.027,221.461,23.224,59.892,0.0330700
1200,60.440,222.578,21.544,58.664,0.0154650
1200,5.544,2.585,15.959,27.587,0.0057500
1225,249.411,86.630,15.475,30.353,0.0157730
1225,350.591,91.417,16.475,29.874,0.0068730
1225,267.962,86.801,16.312,32.116,0.0170890
1225,253.523,216.775,33.299,72.886,0.8390510
1225,651.136,206.977,36.945,86.946,0.0053610
1225,350.591,91.417,16.475,29.874,0.0310850
1250,264.811,211.344,36.053,85.469,0.7402290
1250,534.740,218.307,33.910,69.834,0.0102750
1250,326.311,82.682,15.842,28.612,0.0273470
1250,273.721,216.817,25.350,70.136,0.0206660
1250,3.856,2.000,17.190,31.462,0.0103320
1250,4.345,2.000,15.223,14.295,0.0056720
1275,688.657,221.156,18.974,63.906,0.0050470
1275,303.715,216.225,36.622,97.649,0.8415660
1275,315.558,227.008,20.310,61.913,0.0201240
1275,89.003,240.750,16.370,42.421,0.0155970
1275,89.940,259.724,17.030,38.358,0.0142150
1275,123.102,239.229,16.988,39.884,0.0069470
1275,172.174,65.986,13.172,17.272,0.0057400
1275,434.546,95.699,12.901,15.770,0.0074080
1275,5.798,42.775,17.556,29.158,0.0068570
1275,3.756,2.000,41.530,56.573,0.0062830
1300,399.775,215.512,48.010,121.395,0.7940810
1300,351.958,59.549,18.150,24.329,0.0104950
1300,534.285,245.409,26.791,80.524,0.0085640
1300,240.475,59.690,21.209,27.986,0.0163730
1300,225.531,42.155,50.579,50.369,0.0069810
1300,339.027,37.295,48.136,63.367,0.0054940
1325,624.640,187.583,62.223,157.775,0.8328030
1325,627.158,177.680,61.453,176.805,0.0143920
1325,318.702,101.524,17.677,14.303,0.0222310
1325,206.030,99.691,15.451,15.653,0.0072320
1325,389.243,101.621,17.530,12.839,0.0061750
1325,4.931,4.640,16.722,26.088,0.0050410
1350,690.294,225.963,15.182,47.843,0.0078910
1350,502.017,49.174,85.396,265.764,0.0053570
1350,427.252,65.413,14.944,14.895,0.0065270
1350,582.693,61.194,13.520,12.010,0.0058130
1375,9.759,199.248,28.185,118.475,0.0097200
1375,8.057,228.078,18.223,62.697,0.0084920
1400,93.012,259.007,19.645,48.245,0.0069320
1450,312.238,229.530,41.345,61.882,0.1405350
1450,188.856,226.106,27.893,40.757,0.0065310
1450,312.238,229.530,41.345,61.882,0.0714150
1450,338.472,249.961,43.664,61.768,0.0167580
1450,336.851,229.525,37.389,64.584,0.0150810
1450,293.050,218.704,61.631,133.715,0.0056230
1475,263.727,221.153,29.685,45.076,0.0115490
1475,222.180,191.144,51.772,96.032,0.0943140
1475,251.343,186.856,42.900,78.486,0.0204850
1500,376.137,177.975,56.395,88.103,0.0735530
1500,346.859,170.492,48.428,99.428,0.0112270
1525,449.513,190.218,125.511,109.179,0.0415630
1525,464.081,26.179,89.554,322.037,0.0136530
1525,492.345,198.188,51.318,95.566,0.0321430
1525,526.107,212.148,42.482,74.012,0.0112410
1525,459.298,190.368,45.129,127.690,0.0083330
1525,449.513,190.218,125.511,109.179,0.0096390
1525,464.081,26.179,89.554,322.037,0.0063590
1550,691.300,184.258,17.556,58.126,0.0070860
1550,561.468,119.947,75.005,198.572,0.0309100
1550,543.440,123.692,163.751,199.451,0.0174920
1575,682.998,162.288,26.020,183.073,0.1103980
1575,647.904,111.867,59.085,268.631,0.0215970
1575,134.535,143.445,81.102,213.678,0.0051970
1575,677.952,69.952,29.720,308.058,0.0202100
1575,634.183,84.059,80.036,275.275,0.0130610
1650,122.309,166.971,18.240,32.795,0.0052040
1775,676.676,162.946,45.324,184.964,0.0051700
1825,470.806,2.000,91.432,335.476,0.0050020
1825,587.710,159.698,16.645,21.567,0.0308880
1825,587.845,138.020,18.315,20.955,0.0106160
1825,615.847,160.210,16.397,19.422,0.0070530
1900,661.521,265.585,27.435,51.988,0.0186910
1900,233.919,90.468,100.410,319.011,0.0052950
1925,380.898,184.137,27.792,46.285,0.0787950
1925,153.506,135.436,31.703,59.948,0.6516350
1925,577.727,203.533,22.055,42.690,0.0464580
1925,383.100,171.386,39.617,63.918,0.0404870
1925,385.768,168.842,26.997,41.846,0.0240480
1925,554.023,203.039,22.025,48.622,0.0155710
1925,353.321,160.917,37.548,83.890,0.0083600
1925,350.829,160.832,25.785,46.454,0.0071120
1925,316.897,134.189,18.675,36.668,0.0054120
1925,148.320,133.370,33.369,61.603,0.4316170
1950,640.762,254.163,26.112,57.280,0.0068770
1950,112.047,70.987,47.100,84.239,0.0050890
1950,360.867,213.203,35.006,83.324,0.5744260
1950,537.836,160.532,29.619,121.994,0.0233300
1950,79.242,202.969,35.614,84.071,0.0187070
1950,45.723,176.050,35.046,83.395,0.0111250
1950,269.322,205.080,20.583,44.507,0.0100720
1950,83.084,173.222,39.891,96.625,0.0071910
1950,98.128,69.911,60.759,226.216,0.0063880
1950,570.401,205.544,37.644,87.351,0.0059820
1950,365.784,215.337,34.577,86.780,0.4323990
1975,154.240,85.851,42.027,85.723,0.0711290
1975,381.495,208.379,39.436,101.941,0.1094550
1975,110.659,202.587,44.036,89.498,0.0203450
1975,651.975,198.907,32.383,105.909,0.0095680
1975,77.571,206.635,40.156,81.594,0.0073840
1975,131.249,75.616,89.147,131.086,0.0067020
1975,154.240,85.851,42.027,85.723,0.0124630
1975,381.495,208.379,39.436,101.941,0.6898140
1975,370.410,180.876,58.487,160.504,0.0075920
1975,89.451,88.914,610.869,340.366,0.0058850
1975,386.099,223.569,21.914,63.023,0.0052220
2000,538.966,261.463,20.630,44.847,0.0086950
2000,556.236,161.239,20.682,40.798,0.0172590
2000,537.829,250.638,29.665,71.728,0.0290750
2000,282.713,207.186,39.418,105.794,0.0085060
2000,279.165,227.749,24.025,67.311,0.0055010
2000,50.444,21.766,91.575,307.581,0.0336840
2000,60.465,262.771,16.793,29.982,0.0266270
2000,9.011,161.249,44.676,254.794,0.0154420
2000,9.922,211.161,33.860,134.310,0.0140000
2000,75.449,261.539,15.828,27.751,0.0132110
2000,9.862,48.967,101.317,260.865,0.0122850
2000,613.304,226.126,41.035,68.495,0.0101820
2000,289.963,199.907,45.499,116.988,0.8335930
2000,279.165,227.749,24.025,67.311,0.0068190
2000,283.993,233.488,33.113,78.739,0.0067930
2000,29.695,31.952,570.234,458.674,0.0053270
2025,422.480,245.636,17.110,57.083,0.1929720
2025,212.972,162.196,41.521,136.895,0.0314060
2025,30.779,2.000,54.631,284.799,0.0121660
2025,649.269,248.832,46.517,75.820,0.0061910
2025,67.712,2.000,55.439,321.707,0.0056510
2025,12.870,2.000,37.205,323.261,0.0056470
2025,199.522,175.051,52.269,130.671,0.7882030
2050,429.580,257.552,25.560,67.289,0.0456720
2050,649.445,257.521,31.742,64.658,0.0052480
2050,283.952,221.508,37.386,98.154,0.0192380
2050,284.915,247.663,24.909,60.880,0.0197270
2050,660.567,260.733,18.015,49.429,0.0193930
2050,304.181,250.833,24.708,56.974,0.0097370
2050,523.193,118.804,63.378,264.834,0.0050770
2050,61.537,126.550,90.929,222.314,0.8823490
2050,282.059,230.722,42.942,91.447,0.8622610
2050,2.000,77.227,254.947,351.059,0.0064520
2050,282.347,203.914,69.302,127.585,0.0057610
2075,669.979,268.913,16.120,43.439,0.1926510
2075,423.263,258.317,26.085,76.755,0.5940790
2075,384.239,270.350,26.564,66.114,0.2783960
2075,160.904,216.750,46.932,107.698,0.1668360
2075,178.869,226.221,34.448,87.236,0.0139640
2075,509.257,112.080,83.111,289.774,0.0129700
2075,407.742,69.021,60.821,302.994,0.0089590
2075,681.936,267.112,18.280,50.107,0.0085930
2075,192.155,253.113,22.173,60.394,0.0061050
2075,372.377,48.534,57.159,345.189,0.0059050
2075,387.748,272.104,20.980,67.127,0.1338860
2075,158.823,221.596,53.500,112.248,0.8674820
2100,455.302,261.285,41.792,102.122,0.7821880
2100,411.475,257.974,46.382,119.705,0.6600150
2100,434.762,249.809,84.218,113.110,0.0095260
2100,91.254,204.789,39.366,128.725,0.0088450
2100,195.847,220.581,29.938,89.434,0.0080490
2100,390.269,263.706,49.249,102.198,0.0054880
2100,105.777,203.303,64.415,145.676,0.8156920
2100,2.000,118.033,535.982,365.795,0.0078380
2125,92.444,184.885,59.813,164.585,0.0752350
2125,555.279,254.162,57.357,152.232,0.7083970
2125,513.359,263.534,68.993,141.916,0.6760030
2125,504.302,264.042,46.994,120.067,0.5580430
2125,547.088,167.564,74.121,278.540,0.0074610
2125,117.289,12.425,12.643,18.523,0.0051600
2125,71.251,191.731,67.775,181.255,0.8744060
2125,7.991,148.103,35.408,297.690,0.0096960
2125,2.000,178.826,271.677,234.309,0.0053430
2150,670.984,258.236,39.783,166.537,0.4123500
2150,11.609,185.641,24.885,156.022,0.0497300
2150,636.503,263.578,60.957,157.804,0.5488650
2150,13.352,160.462,32.029,269.330,0.0091510
2150,600.657,260.731,70.527,161.609,0.7535740
2150,8.285,248.463,19.141,79.548,0.0082910
2150,12.220,2.000,28.848,378.516,0.0062720
2150,670.984,258.236,39.783,166.537,0.0103960
2150,13.352,160.462,32.029,269.330,0.0072040
2175,671.729,276.430,37.270,191.199,0.7323940
2175,671.796,275.739,40.857,185.243,0.0140980
2200,680.682,227.460,28.677,125.956,0.0121870
2200,580.277,199.901,98.927,234.239,0.3598670
2200,595.054,219.643,62.293,164.858,0.0093630
2200,666.675,142.607,54.313,310.678,0.0301020
2200,638.829,238.716,49.852,167.024,0.0094810
2200,567.381,226.263,154.619,244.280,0.0059470
2200,508.515,198.977,99.180,277.288,0.0052220
2225,480.289,232.399,19.862,44.939,0.1599920
2225,522.340,189.652,49.310,122.178,0.0061070
2225,350.851,36.348,163.992,459.372,0.4873650
2225,298.410,127.162,117.098,307.274,0.6960400
2225,467.229,50.970,114.745,414.848,0.5516200
2225,420.745,115.073,114.559,321.454,0.0250570
2225,263.709,203.737,128.000,296.576,0.0148520
2225,506.024,182.272,97.466,344.012,0.0138930
2225,291.059,281.866,65.348,156.431,0.0067680
2225,252.327,150.967,87.085,288.783,0.0061360
2225,480.289,232.399,19.862,44.939,0.0103250
2250,8.906,157.771,25.720,202.591,0.0146200
2250,2.000,129.342,54.706,250.279,0.0145780
2250,8.906,157.771,25.720,202.591,0.0089140
2250,2.000,129.342,54.706,250.279,0.0088000
2325,355.963,17.136,12.005,18.066,0.0080880
2350,557.947,118.874,16.573,30.734,0.1070990
2350,568.812,120.213,16.644,33.446,0.0865890
2350,661.055,218.042,41.910,134.359,0.7448180
2350,685.495,252.313,20.672,69.782,0.0193410
2350,681.410,234.889,35.285,111.314,0.0125050
2350,461.654,124.855,17.547,27.165,0.0338160
2375,376.646,110.295,17.361,37.387,0.1038820
2375,365.622,103.484,17.525,29.694,0.0243480
2375,377.444,103.633,14.670,30.139,0.0055340
2375,356.765,90.476,35.597,75.976,0.0053480
2375,374.373,102.434,29.500,61.130,0.0200850
2375,431.713,209.339,38.789,113.114,0.7111290
2375,366.374,105.385,18.503,39.082,0.0097080
2375,376.646,110.295,17.361,37.387,0.0057650
2375,356.765,90.476,35.597,75.976,0.0053790
2375,425.378,219.033,43.323,116.372,0.0060810
2400,195.245,91.587,17.111,29.619,0.0106340
2400,191.145,156.908,67.661,213.653,0.8952570
2400,246.397,232.292,18.369,38.195,0.0055420
2450,529.684,209.226,28.268,58.650,0.6472580
2450,510.779,208.952,25.704,54.740,0.6993800
2450,641.153,247.193,27.857,65.311,0.0173220
2450,648.656,230.593,23.629,50.384,0.0244260
2450,634.504,210.994,47.581,103.121,0.4907150
2450,526.551,210.707,29.819,58.116,0.1344350
2450,508.332,208.839,30.624,56.394,0.1331560
2450,631.130,149.376,70.233,211.109,0.0224760
2450,641.153,247.193,27.857,65.311,0.0222540
2450,627.601,2.000,69.175,460.504,0.0076910
2475,346.156,164.816,25.392,53.547,0.3575040
2475,330.077,164.571,22.007,47.264,0.0251290
2475,605.626,160.744,34.158,86.938,0.6329990
2475,579.369,164.337,32.982,88.143,0.5149090
2475,649.335,156.054,31.413,105.827,0.0122630
2475,572.097,139.202,51.828,157.369,0.0056050
2475,604.836,139.815,49.374,169.385,0.0054250
2475,485.443,176.005,31.998,75.020,0.3340760
2475,346.156,164.816,25.392,53.547,0.0857150
2475,330.077,164.571,22.007,47.264,0.0469610
2475,491.632,206.666,19.397,56.710,0.0148390
2475,471.575,125.151,75.964,175.870,0.0062200
2500,633.028,134.258,18.246,38.173,0.1180470
2500,653.034,134.774,19.699,34.706,0.0262200
2500,647.711,130.363,35.082,89.960,0.0180250
2500,292.487,148.979,36.625,73.502,0.8371130
2500,278.355,150.249,35.396,74.805,0.7029460
2500,542.011,137.409,37.795,104.246,0.6919070
2500,572.365,145.116,41.545,94.736,0.5218670
2500,612.041,132.904,34.522,99.843,0.2635730
2500,547.167,169.022,25.646,64.777,0.2043070
2500,581.114,164.091,24.924,70.496,0.0435250
2500,598.519,142.073,36.180,111.221,0.0373280
2500,622.087,138.112,23.243,64.913,0.0334640
2500,536.191,95.746,45.974,220.719,0.0095060
2500,559.541,97.723,72.897,182.461,0.0057820
2500,604.380,98.369,45.914,180.345,0.0055740
2500,478.167,183.140,26.572,48.237,0.1690050
2500,479.754,137.830,45.412,90.120,0.0360440
2500,277.366,157.614,25.434,54.647,0.0200370
2500,486.346,175.247,29.443,57.065,0.0169520
2500,298.520,152.644,28.281,59.448,0.0059330
2525,642.764,122.863,20.557,41.105,0.0949140
2525,489.164,123.356,40.849,105.237,0.4358120
2525,252.448,144.827,38.315,86.498,0.4414690
2525,531.687,137.221,40.263,102.986,0.7466030
2525,571.413,137.615,42.209,102.617,0.6027020
2525,235.523,151.218,37.076,82.833,0.5020210
2525,603.464,114.875,39.184,114.548,0.3332060
2525,623.444,125.968,20.359,42.714,0.3047110
2525,512.561,124.014,17.195,35.903,0.1048160
2525,234.382,161.363,24.351,58.382,0.0501060
2525,206.321,149.653,35.320,81.949,0.0385550
2525,540.833,148.993,22.782,69.144,0.0276100
2525,616.694,134.267,22.144,61.296,0.0265440
2525,262.885,156.783,26.117,56.446,0.0224170
2525,580.463,166.750,23.447,64.884,0.0210500
2525,499.667,139.495,24.502,66.392,0.0200220
2525,559.146,91.731,66.620,186.535,0.0102910
2525,636.678,118.314,44.108,94.973,0.0092370
2525,647.486,140.224,22.087,44.488,0.0064860
2525,536.575,111.227,42.099,179.425,0.0059690
2525,635.863,124.074,33.886,55.460,0.0056620
2525,491.203,171.447,26.456,54.551,0.0055630
2525,489.164,123.356,40.849,105.237,0.1296740
2525,252.448,144.827,38.315,86.498,0.0128830
2550,488.994,131.084,18.950,31.110,0.0533330
2550,473.982,125.377,19.377,39.014,0.2990740
2550,498.359,180.017,22.203,46.965,0.0436060
2550,490.906,145.484,22.541,48.139,0.0101100
2550,179.861,156.787,40.923,96.733,0.8437410
2550,142.003,153.718,40.540,101.031,0.8285180
2550,573.717,145.730,39.112,110.305,0.7022710
2550,532.714,146.799,40.216,112.268,0.4309930
2550,608.414,140.240,36.530,89.786,0.0308250
2550,541.436,179.948,20.707,55.543,0.0179710
2550,618.044,143.929,20.309,48.902,0.0179690
2550,581.663,182.180,21.289,55.047,0.0168880
2550,532.174,126.208,60.276,165.121,0.0167250
2550,127.894,157.609,39.537,95.778,0.0123130
2550,543.699,114.771,98.981,153.104,0.0114480
2550,506.473,160.362,33.551,85.534,0.0090560
2550,158.179,181.278,20.558,48.814,0.0075820
2550,198.626,181.741,20.338,49.251,0.0063230
2550,486.401,140.361,41.156,74.677,0.0059200
2550,488.994,131.084,18.950,31.110,0.0218900
2550,473.982,125.377,19.377,39.014,0.0053330
2550,498.359,180.017,22.203,46.965,0.0338090
2550,490.906,145.484,22.541,48.139,0.0101170
2575,456.920,127.831,20.781,37.635,0.4709210
2575,447.672,118.243,43.505,61.633,0.0056350
2575,438.319,125.490,25.050,48.573,0.8091940
2575,503.440,151.240,23.744,36.793,0.0280840
2575,103.067,131.246,52.514,146.589,0.8491720
2575,47.043,142.197,52.294,130.046,0.8067190
2575,567.330,142.271,45.788,123.914,0.5625100
2575,524.737,140.825,49.967,129.483,0.5117030
2575,595.501,143.477,42.828,122.543,0.4959540
2575,544.379,118.571,95.923,141.813,0.0228460
2575,471.480,115.816,87.507,134.578,0.0185070
2575,608.494,184.856,23.371,56.051,0.0115020
2575,509.795,154.704,37.268,96.404,0.0110470
2575,574.949,139.422,95.976,101.663,0.0090830
2575,68.075,149.230,32.965,91.456,0.0081400
2575,505.073,182.613,23.141,39.586,0.0078350
2575,588.558,133.042,15.451,35.232,0.0078220
2575,579.706,184.672,20.021,53.287,0.0076170
2575,76.467,158.304,40.017,108.567,0.0061180
2575,456.920,127.831,20.781,37.635,0.0305970
2575,503.440,151.240,23.744,36.793,0.0146830
2575,511.683,133.900,17.848,25.975,0.0095250
2600,2.000,128.695,63.240,182.005,0.7289790
2600,425.990,134.222,24.302,41.830,0.2303540
2600,418.224,127.842,28.803,65.555,0.0482860
2600,504.472,138.971,38.967,86.632,0.5079950
2600,509.318,155.150,22.807,47.327,0.4354060
2600,527.847,126.781,57.312,171.837,0.8035620
2600,603.167,133.202,63.113,165.332,0.7843350
2600,564.807,123.800,62.064,176.664,0.7680620
2600,630.893,146.641,50.807,122.546,0.0355820
2600,488.020,96.093,75.994,213.175,0.0141420
2600,511.340,175.575,22.954,47.596,0.0124270
2600,515.658,141.126,13.699,29.272,0.0068050
2600,5.763,114.890,50.806,211.146,0.1735900
2600,425.990,134.222,24.302,41.830,0.0250890
2600,504.472,138.971,38.967,86.632,0.0062020
2600,509.318,155.150,22.807,47.327,0.0051710
2625,515.428,128.482,17.645,34.626,0.1793160
2625,529.628,134.585,18.109,39.544,0.0085450
2625,399.794,124.917,28.230,54.704,0.6081530
2625,428.485,128.450,24.434,47.200,0.6630980
2625,537.721,144.252,23.034,50.277,0.0295380
2625,530.743,131.370,35.685,83.386,0.1356100
2625,626.257,117.300,60.208,180.565,0.8168060
2625,574.557,105.768,60.279,208.907,0.5853640
2625,680.775,109.965,32.030,198.104,0.3032050
2625,595.198,78.967,64.376,231.796,0.2036660
2625,574.551,137.128,48.744,110.209,0.0267130
2625,694.745,180.029,20.006,65.902,0.0088380
2625,531.472,84.399,59.487,203.868,0.0075450
2625,515.428,128.482,17.645,34.626,0.4188720
2625,529.628,134.585,18.109,39.544,0.0132530
2625,428.485,128.450,24.434,47.200,0.0914880
2625,537.721,144.252,23.034,50.277,0.1195600
2625,530.743,131.370,35.685,83.386,0.0275370
2650,683.761,128.468,22.787,51.387,0.1183770
2650,520.352,135.113,19.270,34.321,0.0144350
2650,651.007,124.354,36.116,71.046,0.4320320
2650,629.252,132.745,24.562,42.696,0.0216700
2650,424.440,135.398,25.124,52.594,0.2479030
2650,402.928,133.951,26.573,58.025,0.2037480
2650,670.463,117.938,38.541,88.682,0.1253080
2650,620.446,130.472,41.876,66.392,0.0553450
2650,449.957,138.427,23.054,43.775,0.0205660
2650,524.781,137.168,20.519,29.390,0.7267760
2650,573.586,140.210,29.991,45.489,0.4735470
2650,515.786,141.503,22.220,34.893,0.0370610
2650,629.252,132.745,24.562,42.696,0.0066050
2650,535.752,100.926,116.099,106.835,0.0063460
2650,552.029,34.476,71.255,273.146,0.0057460
2675,519.592,148.505,17.100,36.020,0.5408300
2675,673.165,134.867,32.167,76.756,0.7418630
2675,399.088,146.688,29.395,69.083,0.7863170
2675,434.040,147.508,25.871,57.194,0.5791690
2675,665.235,143.226,24.579,53.113,0.0216310
2675,527.652,147.746,19.363,37.587,0.0060480
2675,451.915,155.477,20.353,38.979,0.0097220
2675,519.592,148.505,17.100,36.020,0.0216590
2675,662.085,130.995,36.343,80.213,0.0054960
2675,615.595,160.153,23.634,42.498,0.5768440
2675,434.040,147.508,25.871,57.194,0.0732980
2675,665.235,143.226,24.579,53.113,0.0615100
2675,527.652,147.746,19.363,37.587,0.0359570
2675,682.236,137.260,22.299,66.034,0.0052300
2700,339.462,148.070,36.418,75.440,0.6816590
2700,671.067,144.586,32.956,79.366,0.7262190
2700,655.916,151.385,22.549,53.313,0.0855810
2700,370.959,146.708,29.994,72.344,0.7868680
2700,647.108,143.063,37.674,79.519,0.6102860
2700,322.385,142.665,34.644,76.300,0.0112100
2700,462.580,158.602,20.549,40.669,0.7516740
2700,681.416,145.643,22.895,68.086,0.0232960
2700,619.176,155.211,21.158,33.192,0.0099210
2700,655.916,151.385,22.549,53.313,0.0060610
2700,454.150,152.803,31.889,61.741,0.0051030
2725,202.706,174.018,43.797,87.862,0.7106610
2725,605.824,172.569,39.831,92.603,0.4898480
2725,299.940,173.161,33.444,75.140,0.0525280
2725,237.345,173.381,41.696,86.327,0.5827530
2725,255.851,174.097,37.127,84.053,0.0502450
2725,203.591,180.723,26.165,62.347,0.0320870
2725,633.814,173.660,40.449,89.939,0.7687680
2725,571.662,173.686,38.301,89.637,0.5508430
2725,242.824,180.367,24.403,60.266,0.0192870
2725,202.706,174.018,43.797,87.862,0.0218560
2725,352.999,189.734,27.082,48.197,0.7614900
2725,299.940,173.161,33.444,75.140,0.0361320
2725,237.345,173.381,41.696,86.327,0.0336790
2725,255.851,174.097,37.127,84.053,0.0090750
2725,203.591,180.723,26.165,62.347,0.0086310
2725,328.141,16.324,13.309,21.189,0.0070310
2750,241.531,198.166,28.589,51.851,0.1265190
2750,20.051,166.583,49.180,115.281,0.6675840
2750,558.495,177.746,43.704,105.962,0.8247830
2750,72.281,164.631,47.681,116.166,0.7978160
2750,520.348,174.896,44.173,109.671,0.6726960
2750,489.653,176.322,44.880,105.225,0.5040560
2750,471.894,179.404,39.232,86.992,0.0350210
2750,566.581,154.776,44.726,174.306,0.0223950
2750,18.946,181.523,21.894,72.480,0.0168380
2750,11.459,123.301,42.839,201.453,0.0084980
2750,658.463,168.979,24.108,97.744,0.0051200
2750,241.531,198.166,28.589,51.851,0.6020480
2775,155.227,184.689,28.429,59.568,0.3810800
2775,536.315,168.603,45.014,120.182,0.7211930
2775,494.004,165.595,40.717,120.350,0.6529780
2775,452.769,169.576,42.630,113.580,0.5317110
2775,434.372,173.282,38.400,97.780,0.0735750
2775,524.702,136.488,68.446,178.480,0.0156460
2775,566.544,167.173,33.948,115.746,0.0122040
2775,613.191,173.474,26.766,93.542,0.0099750
2775,155.227,184.689,28.429,59.568,0.3493840
2800,84.924,182.731,27.563,65.468,0.4970930
2800,76.585,175.299,34.363,117.185,0.0052060
2800,425.525,169.863,49.801,118.140,0.8320950
2800,482.938,163.325,46.470,128.660,0.8054400
2800,535.422,162.817,51.384,135.278,0.7734160
2800,456.493,165.077,45.815,122.745,0.6069880
2800,561.327,168.983,38.829,116.678,0.0165520
2800,463.716,190.648,20.686,54.701,0.0094800
2800,542.105,211.007,19.598,59.677,0.0059740
2800,79.645,177.717,31.730,78.439,0.5597970
2800,461.306,62.606,14.716,18.628,0.0104420
2825,5.052,179.364,25.146,85.021,0.3892340
2825,548.460,161.796,56.101,155.771,0.8740520
2825,422.313,167.023,54.385,128.762,0.8185560
2825,459.253,164.647,47.760,133.005,0.7402470
2825,495.468,157.408,53.592,146.396,0.6907400
2825,532.856,168.657,44.697,123.816,0.1226640
2825,537.062,118.932,86.350,225.136,0.1159610
2825,72.802,176.819,31.568,87.726,0.0289720
2825,76.863,187.765,22.488,53.075,0.0134170
2825,540.837,217.879,22.013,52.090,0.0084580
2825,34.511,166.664,44.506,106.598,0.0059440
2825,3.209,174.793,24.980,97.611,0.1558100
2825,413.736,145.700,64.118,170.560,0.0115150
2850,436.981,159.766,58.322,157.471,0.8279440
2850,580.941,151.837,65.850,178.869,0.7804880
2850,485.647,161.853,57.823,155.514,0.7702660
2850,516.989,154.171,77.768,172.701,0.7456740
2850,432.867,180.793,36.414,98.112,0.0101740
2850,118.086,182.676,34.811,69.742,0.0100420
2850,580.580,217.623,19.938,51.596,0.0095270
2850,156.076,178.246,29.471,74.829,0.0081080
2850,502.699,218.661,20.092,49.879,0.0054490
2850,343.514,185.524,36.470,67.800,0.0124090
2850,528.050,152.603,61.655,156.135,0.0091490
2850,496.476,160.805,53.311,141.498,0.0082790
2850,502.824,62.797,10.299,17.156,0.0075360
2850,470.998,60.150,13.131,20.884,0.0067300
2850,427.737,157.731,84.638,149.328,0.0064710
2875,634.181,139.123,79.269,218.095,0.8987580
2875,468.117,142.327,72.498,195.755,0.8240470
2875,551.834,130.171,85.651,230.543,0.7981450
2875,584.093,126.329,80.990,242.856,0.7113780
2875,526.169,147.736,71.545,195.831,0.6592200
2875,460.737,169.208,49.268,119.954,0.0681200
2875,676.391,156.001,42.350,175.569,0.0580480
2875,155.275,180.429,29.621,70.053,0.0141810
2875,533.324,172.409,54.418,114.071,0.0136600
2875,652.045,151.546,49.539,156.910,0.0134260
2875,119.158,180.924,33.535,75.275,0.0109670
2875,552.933,165.192,67.497,126.150,0.0061860
2875,486.918,2.000,44.850,63.604,0.0087260
2900,565.520,191.771,43.160,92.479,0.0073210
2900,591.876,87.812,87.259,305.413,0.9587470
2900,631.294,137.528,60.895,173.119,0.0800000
2900,563.247,132.523,76.130,213.715,0.0528430
2900,233.041,164.627,31.990,81.199,0.0391110
2900,192.932,168.589,33.726,76.617,0.0095940
2900,685.387,153.068,29.643,127.182,0.0050640
2900,565.804,188.496,47.363,82.871,0.2593760
2900,570.812,214.549,25.953,48.691,0.1394800
2900,597.753,136.109,76.063,176.609,0.0066280
2925,661.594,205.636,19.025,38.110,0.0089020
2925,268.520,175.857,31.069,71.129,0.0842450
2925,303.039,173.876,29.341,77.463,0.0313860
2925,233.828,170.974,32.821,82.003,0.0141280
2925,618.891,210.383,29.287,54.102,0.6453700
2925,661.594,205.636,19.025,38.110,0.0085890
2950,307.332,176.763,33.073,68.148,0.0131370
2950,639.397,191.290,36.662,72.363,0.8059110
2950,691.023,198.388,16.709,46.035,0.0072560
2975,271.514,172.499,34.338,80.804,0.0195060
2975,301.871,176.895,34.595,76.443,0.0099020
2975,691.547,204.011,15.138,45.747,0.0060770
2975,633.560,193.229,36.380,72.391,0.5725340
2975,631.047,213.171,23.162,47.640,0.1150830
2975,541.218,205.479,20.323,38.582,0.0108500
2975,643.012,139.452,39.762,211.626,0.0059890
3000,273.705,174.995,20.291,79.979,0.0074100
3000,691.046,202.043,13.898,42.638,0.0133060
3000,653.063,205.112,17.559,43.902,0.0128590
3000,640.111,197.944,36.412,83.377,0.0051980
3000,617.180,89.825,17.545,26.344,0.0071810
3000,628.003,211.301,23.575,51.210,0.6462410
3000,503.704,210.418,17.023,32.120,0.0126890
3000,542.558,202.859,17.622,35.007,0.0114930
3000,474.983,227.341,15.531,24.099,0.0075420
3000,501.874,226.828,15.288,23.721,0.0074580
