25,85.392,221.889,18.686,40.130,0.2292030
25,71.918,221.088,37.519,56.104,0.0315290
25,378.496,194.608,27.805,54.954,0.0050350
25,389.648,188.041,39.728,82.395,0.0203610
25,386.819,128.034,92.566,204.102,0.0108510
25,401.624,174.910,51.846,113.615,0.0115010
25,356.302,198.937,31.919,76.119,0.6852140
25,330.854,161.741,70.532,172.209,0.0072450
25,85.392,221.889,18.686,40.130,0.0197060
25,388.384,130.587,81.755,237.057,0.6625270
25,389.648,188.041,39.728,82.395,0.0061910
25,401.624,174.910,51.846,113.615,0.1498740
25,379.055,216.055,26.023,47.836,0.0505540
50,20.003,223.160,22.640,40.986,0.0082730
50,53.454,215.141,20.876,46.490,0.0944160
50,85.524,217.876,18.415,41.164,0.3281800
50,44.791,208.744,40.651,65.915,0.0121170
50,372.543,136.541,83.668,206.853,0.0412700
50,383.298,176.810,44.691,103.361,0.1171420
50,377.262,190.965,24.897,57.227,0.0059360
50,353.488,181.121,28.654,92.518,0.5171300
50,356.279,192.543,27.329,65.677,0.0385240
50,376.297,167.701,54.732,150.206,0.0291700
50,382.995,136.676,83.208,221.321,0.6306550
50,377.262,190.965,24.897,57.227,0.0074300
50,402.474,174.336,47.793,113.836,0.0727820
50,478.882,168.140,15.117,32.878,0.0101550
75,169.330,213.144,16.996,35.124,0.0213500
75,131.965,215.441,20.600,45.242,0.0267870
75,463.057,149.652,129.094,157.525,0.2161020
75,441.629,189.098,37.091,77.726,0.7583330
75,436.499,187.723,28.896,61.564,0.0647910
75,126.583,212.416,31.770,68.853,0.0257910
75,429.860,171.328,22.219,42.868,0.0058190
75,169.330,213.144,16.996,35.124,0.0098490
75,475.978,130.076,129.999,225.295,0.7288410
75,514.263,177.540,70.443,144.058,0.1079440
100,216.047,215.028,16.905,41.277,0.1235790
100,550.082,135.674,107.333,185.395,0.1704530
100,498.021,177.717,41.077,102.550,0.8824390
100,509.863,205.937,25.547,64.518,0.0154250
100,506.892,200.787,22.372,48.273,0.0130540
100,166.266,215.298,27.768,59.221,0.0052850
100,216.047,215.028,16.905,41.277,0.1191270
100,552.458,127.264,126.057,252.308,0.8152440
100,595.824,173.125,76.237,174.540,0.0336260
100,582.639,297.582,21.060,49.500,0.0159200
100,563.767,204.409,65.342,159.112,0.0070460
100,575.279,260.022,43.257,106.814,0.0056730
100,589.186,255.218,79.667,117.882,0.0051760
125,184.208,218.665,23.472,46.812,0.3287520
125,232.966,221.124,17.354,35.177,0.6850080
125,600.992,95.559,84.219,319.413,0.0898560
125,521.135,165.614,45.031,125.281,0.8395440
125,533.275,137.454,43.909,208.168,0.0217790
125,14.837,238.326,16.182,44.234,0.0127610
125,687.014,190.861,29.655,61.376,0.0111590
125,14.431,257.203,18.110,44.389,0.0104340
125,546.860,207.432,24.554,66.311,0.0079260
125,173.645,224.295,28.483,56.146,0.0079030
125,633.479,125.032,65.249,133.985,0.0070780
125,643.088,109.206,78.912,289.611,0.0068230
125,611.290,188.661,53.009,132.885,0.0061380
125,184.208,218.665,23.472,46.812,0.0493620
125,232.895,211.692,16.046,42.501,0.0112070
125,599.435,119.692,122.565,274.102,0.8761990
125,628.409,248.442,76.477,143.665,0.0639270
125,610.567,213.541,59.473,138.468,0.0122570
150,254.316,225.332,16.619,31.636,0.4355750
150,12.366,233.446,18.800,48.595,0.0434140
150,666.730,197.455,43.873,181.519,0.4499430
150,165.498,226.508,27.032,55.027,0.0304290
150,652.110,120.394,54.096,283.087,0.2454890
150,554.626,89.035,63.033,271.555,0.0077860
150,564.159,182.434,37.421,120.969,0.8004190
150,186.163,216.634,29.330,53.472,0.0127230
150,580.437,217.735,20.194,61.522,0.0092810
150,661.040,2.000,58.375,476.695,0.0083020
150,12.341,251.067,18.485,49.268,0.0077720
150,254.316,225.332,16.619,31.636,0.0059390
150,666.730,197.455,43.873,181.519,0.0815530
150,652.110,120.394,54.096,283.087,0.0326610
150,554.626,89.035,63.033,271.555,0.0150170
150,560.271,152.359,40.380,156.630,0.0107840
175,39.485,228.626,19.427,36.972,0.0051150
175,424.517,190.596,16.337,38.693,0.0415510
175,186.625,219.930,24.967,56.783,0.4764940
175,649.816,149.790,19.060,46.641,0.1070560
175,298.802,219.298,17.765,39.787,0.6418630
175,622.974,198.157,40.884,98.420,0.8379260
175,630.678,149.144,46.327,144.623,0.2110350
175,15.484,232.552,19.143,37.841,0.0099150
175,623.930,221.260,23.085,49.416,0.0056450
200,263.338,210.216,23.510,36.879,0.0112430
200,56.501,218.245,23.335,57.079,0.2282850
200,681.370,190.956,22.853,121.653,0.0848080
200,326.722,215.569,18.159,41.641,0.8106750
200,177.674,212.826,34.552,75.686,0.7658620
200,226.194,203.955,35.530,77.868,0.0095130
200,681.370,190.956,22.853,121.653,0.0155240
225,342.221,212.036,18.053,39.909,0.8126610
225,150.415,208.845,35.949,82.164,0.8065270
225,163.295,216.345,26.062,56.802,0.1907730
225,263.100,198.178,29.691,48.785,0.0185710
225,131.775,215.524,32.677,80.332,0.0146200
225,46.302,258.668,20.822,39.793,0.0065550
225,89.508,221.833,22.823,67.812,0.0060400
250,139.838,207.711,18.301,33.516,0.0126920
250,40.557,199.951,49.048,111.968,0.8331150
250,322.031,206.101,17.875,38.441,0.8063580
250,223.527,193.711,32.388,51.660,0.0128450
250,11.895,194.087,41.118,123.446,0.0055000
250,59.775,198.156,43.443,108.810,0.0053990
300,95.511,205.685,16.105,28.615,0.0227930
300,123.642,208.285,16.586,32.033,0.2023200
300,165.245,206.960,16.859,34.979,0.0128730
300,123.642,208.285,16.586,32.033,0.0435060
325,13.203,208.258,16.996,26.621,0.0153270
325,124.057,212.037,16.103,29.672,0.0705600
325,165.395,208.767,19.129,34.358,0.0147180
325,124.057,212.037,16.103,29.672,0.0810950
350,52.926,210.163,22.084,32.032,0.0116570
350,162.444,212.870,15.578,24.250,0.0163900
350,162.444,212.870,15.578,24.250,0.0880820
350,229.080,206.706,19.218,37.061,0.0317310
350,202.747,211.123,17.022,28.934,0.0055670
375,229.766,223.793,16.100,25.151,0.1156390
375,210.450,217.642,17.573,25.926,0.0123370
375,214.201,225.999,15.025,22.602,0.0077070
375,229.766,223.793,16.100,25.151,0.0790210
375,304.572,221.818,17.823,29.311,0.0240140
375,299.726,210.878,19.666,36.414,0.0206680
375,266.348,224.777,16.622,26.144,0.0139300
400,274.233,211.055,19.477,29.844,0.3000230
400,158.718,207.995,19.532,33.091,0.0114440
400,317.403,210.628,17.789,28.537,0.0373620
400,363.405,204.060,16.695,29.499,0.0180450
400,274.233,211.055,19.477,29.844,0.1904280
400,317.403,210.628,17.789,28.537,0.1201580
400,363.405,204.060,16.695,29.499,0.0134750
425,302.692,211.532,20.594,33.222,0.6674860
425,346.810,215.003,16.932,29.925,0.1211150
425,302.692,211.532,20.594,33.222,0.1050640
425,346.810,215.003,16.932,29.925,0.0082200
450,355.314,214.451,16.159,28.214,0.0514500
450,313.835,208.389,20.849,40.026,0.1309110
450,377.989,219.698,16.346,30.212,0.0073700
450,190.724,210.582,20.000,40.775,0.5987700
450,428.974,207.973,15.422,32.483,0.0888350
450,313.835,208.389,20.849,40.026,0.6160850
450,354.827,219.955,16.862,29.001,0.0101030
450,377.989,219.698,16.346,30.212,0.0229350
475,293.377,210.278,18.203,35.315,0.1158860
475,439.388,206.620,19.095,37.504,0.0055840
475,140.833,211.720,17.601,37.349,0.2552310
475,381.196,216.250,14.691,26.776,0.0919410
475,299.853,207.711,21.070,42.703,0.1267110
475,354.798,214.373,15.258,30.171,0.0916410
475,165.807,210.849,19.005,39.870,0.6241110
475,154.321,199.968,27.563,59.840,0.0075820
475,293.377,210.278,18.203,35.315,0.0691130
475,439.388,206.620,19.095,37.504,0.3630140
475,381.196,216.250,14.691,26.776,0.4210180
475,299.853,207.711,21.070,42.703,0.5457020
475,354.798,214.373,15.258,30.171,0.0121820
500,381.306,212.515,15.446,27.848,0.1549970
500,279.917,206.722,19.353,42.603,0.6158050
500,140.234,213.163,19.882,45.280,0.7273580
500,130.190,204.182,33.259,65.273,0.0098280
500,280.654,200.975,27.351,69.862,0.0071210
500,381.306,212.515,15.446,27.848,0.0961690
500,282.203,212.048,21.042,45.371,0.0439320
500,429.768,187.801,34.170,60.452,0.0088700
500,320.802,219.455,19.366,33.339,0.0055390
525,79.640,215.547,28.644,47.646,0.1423040
525,112.517,206.344,24.539,48.739,0.0061320
525,353.018,218.099,14.466,27.590,0.4146530
525,358.778,222.706,14.261,24.366,0.3479890
525,196.932,214.448,42.668,72.094,0.0133090
525,201.649,233.227,21.432,34.999,0.0128450
525,418.485,201.312,21.630,44.367,0.0206760
550,7.630,242.150,23.178,86.091,0.0150160
550,71.369,245.799,42.532,78.261,0.0080070
550,164.406,190.344,34.560,77.011,0.8714060
550,377.997,203.452,18.306,37.912,0.3861300
550,333.251,209.373,15.234,28.411,0.1738440
550,344.314,210.872,15.914,30.279,0.1719500
550,114.485,199.604,54.616,89.517,0.0093640
550,73.876,207.546,49.286,100.678,0.0073390
550,47.075,238.684,41.082,87.810,0.0050770
550,7.630,242.150,23.178,86.091,0.0209630
575,38.996,215.617,17.405,46.915,0.0783660
575,28.055,220.719,14.065,38.821,0.0165380
575,359.260,219.055,18.955,31.798,0.5135850
575,67.591,186.370,45.886,93.393,0.1207340
575,326.677,217.490,15.979,27.121,0.3088580
575,359.327,215.190,18.077,32.474,0.0544710
575,75.360,186.537,44.163,98.492,0.8050530
575,329.579,220.798,17.175,28.533,0.0484880
575,379.485,200.018,27.513,54.337,0.0071350
600,149.579,206.997,20.294,43.747,0.0322110
600,83.263,208.147,24.977,45.598,0.2699050
600,27.786,170.105,55.147,131.882,0.1212820
600,401.492,211.500,16.507,28.851,0.0648370
600,67.467,184.775,37.614,89.164,0.0170770
600,427.072,206.707,16.670,33.216,0.6436340
600,17.950,173.640,33.225,132.651,0.0123200
600,83.794,210.532,24.293,50.206,0.0467500
600,19.483,163.085,67.393,135.960,0.7526540
600,401.492,211.500,16.507,28.851,0.5814570
600,450.696,183.775,32.828,62.853,0.0120350
600,67.467,184.775,37.614,89.164,0.0079360
600,2.000,2.000,316.847,486.851,0.0060360
625,444.142,213.950,16.481,26.872,0.4045910
625,469.047,212.569,16.788,30.219,0.5870490
625,444.142,213.950,16.481,26.872,0.2612460
625,495.238,184.307,31.460,63.325,0.0302090
625,469.047,212.569,16.788,30.219,0.0079030
650,132.152,228.229,16.807,41.913,0.2563450
650,486.976,220.372,21.442,34.001,0.1269160
650,494.207,193.425,36.516,62.628,0.0162000
650,471.967,223.385,18.481,31.042,0.1431390
650,494.207,193.425,36.516,62.628,0.0269260
650,471.967,223.385,18.481,31.042,0.0100640
650,506.781,143.416,36.514,98.347,0.0053300
675,122.660,220.359,22.693,38.698,0.0101370
675,155.725,206.325,22.548,43.565,0.0210780
675,125.073,206.286,22.032,39.312,0.0109270
675,476.905,213.767,18.332,32.379,0.4766260
675,237.618,209.068,20.428,38.296,0.6833260
675,492.515,211.440,19.482,36.104,0.6564670
675,495.632,199.862,35.467,52.869,0.0112750
675,91.499,221.887,22.896,44.646,0.0067180
675,476.905,213.767,18.332,32.379,0.2565240
675,529.663,197.461,27.277,46.819,0.1896580
700,234.379,206.815,21.639,37.188,0.4482690
700,476.390,214.152,18.881,31.208,0.3499530
700,417.015,208.233,18.685,31.384,0.1251870
700,489.358,211.264,19.458,33.468,0.2379130
700,464.836,203.509,34.017,48.452,0.0062540
700,528.676,199.640,23.314,42.004,0.1497890
700,50.632,198.094,23.908,39.823,0.0136020
700,609.881,171.083,31.137,90.329,0.0092050
700,90.691,200.796,23.042,41.866,0.0066430
700,95.183,216.827,22.084,43.533,0.0060040
700,476.390,214.152,18.881,31.208,0.1985430
700,417.015,208.233,18.685,31.384,0.0410720
700,528.678,181.707,32.135,62.416,0.0078790
700,489.358,211.264,19.458,33.468,0.0076510
700,443.751,72.653,55.528,306.452,0.0055830
700,464.836,203.509,34.017,48.452,0.0054420
700,493.168,189.915,34.174,62.541,0.0053900
725,223.525,209.980,22.508,36.710,0.4389960
725,72.254,224.242,23.878,50.214,0.6459620
725,444.948,223.155,16.744,29.264,0.0177080
725,465.988,223.580,17.340,28.279,0.4093900
725,63.348,223.962,21.095,50.773,0.6430580
725,54.002,227.272,29.171,67.061,0.1422240
725,501.082,222.207,20.612,31.370,0.0852350
725,11.031,215.531,31.085,81.610,0.0292890
725,9.362,227.594,20.273,50.826,0.0265020
725,218.500,201.402,37.422,54.016,0.0125050
725,444.948,223.155,16.744,29.264,0.1060080
725,503.325,212.517,22.034,36.035,0.0185480
725,465.988,223.580,17.340,28.279,0.0140870
725,487.257,201.188,43.143,52.805,0.0111130
750,206.295,190.551,24.572,46.269,0.1373170
750,444.718,216.387,19.475,34.915,0.0511690
750,453.796,214.080,16.582,30.608,0.5594680
750,45.904,217.579,22.559,51.009,0.4972730
750,196.171,180.697,44.305,70.582,0.0242660
750,494.167,207.204,28.390,36.147,0.0176540
750,482.930,183.298,36.798,59.030,0.0127100
750,445.102,213.758,19.147,33.346,0.7660630
750,453.796,214.080,16.582,30.608,0.0147890
750,488.377,164.528,38.300,57.081,0.0057210
775,172.409,207.982,23.466,39.935,0.0200920
775,14.518,226.751,20.390,54.149,0.1330180
775,439.946,221.392,17.516,33.814,0.3171670
775,454.352,223.134,17.365,31.185,0.4140180
775,208.332,215.357,23.381,44.571,0.7476920
775,193.486,212.167,37.889,62.932,0.0399720
775,14.981,206.596,28.482,96.523,0.0223870
775,73.321,224.403,27.241,52.689,0.0078360
775,158.842,207.815,36.351,66.775,0.0077530
775,48.449,220.828,27.904,56.913,0.0070160
775,283.026,220.457,21.961,36.369,0.0059450
775,123.395,223.853,25.229,46.750,0.0054490
775,489.840,208.623,30.149,43.113,0.0495400
775,439.946,221.392,17.516,33.814,0.2393620
775,456.830,213.283,19.690,37.871,0.0368850
800,191.856,200.810,21.146,33.489,0.5330430
800,425.738,205.965,21.021,35.115,0.2810920
800,406.212,206.505,18.755,32.914,0.0067620
800,487.741,195.708,21.518,33.635,0.0078880
800,178.988,193.697,43.266,58.010,0.0076790
800,275.302,203.557,20.004,32.040,0.0073500
800,13.147,197.880,35.933,91.538,0.0065500
800,29.749,200.855,45.919,79.954,0.0052050
800,425.738,205.965,21.021,35.115,0.1206090
800,462.509,198.847,26.121,42.423,0.1074130
800,452.967,176.868,34.868,61.938,0.0669050
800,406.212,206.505,18.755,32.914,0.0393790
800,420.593,190.200,36.389,57.006,0.0169090
800,403.268,77.372,72.414,296.604,0.0057990
825,173.173,218.707,25.426,45.584,0.0050540
825,185.144,215.895,24.202,48.523,0.3756320
825,397.448,219.163,18.884,35.007,0.2595360
825,419.560,221.659,18.760,31.914,0.6163360
825,236.851,218.025,21.946,40.250,0.0209250
825,161.272,212.102,35.999,69.843,0.0109990
825,455.805,219.624,21.754,32.438,0.0681700
825,459.489,208.947,27.673,41.947,0.1822510
825,397.448,219.163,18.884,35.007,0.3991980
825,417.211,214.634,19.494,35.916,0.0455400
850,250.172,193.087,20.018,39.953,0.0648160
850,388.754,217.150,20.334,35.706,0.1821570
850,208.861,126.872,380.551,254.554,0.0053780
850,390.353,212.053,19.470,37.264,0.0979590
850,418.574,206.644,24.864,43.004,0.0846410
850,449.169,201.727,25.260,43.624,0.0477810
850,381.869,201.176,32.256,69.607,0.0132890
875,389.405,203.988,25.037,41.984,0.0117690
875,425.481,199.033,27.015,43.377,0.0430730
875,365.984,206.983,20.256,40.125,0.7608230
875,352.357,199.197,33.860,55.240,0.0073330
875,389.405,203.988,25.037,41.984,0.3073700
875,425.481,199.033,27.015,43.377,0.1079550
875,414.865,185.668,32.744,54.497,0.0054580
900,130.195,218.759,20.153,44.563,0.0170200
900,380.005,217.889,23.167,42.079,0.0250080
900,352.508,220.140,19.231,39.363,0.6030670
900,125.779,215.009,30.874,66.659,0.0149550
900,380.005,217.889,23.167,42.079,0.2591260
900,422.001,215.782,24.140,43.378,0.0123920
900,352.985,96.622,97.950,181.648,0.0093440
900,352.508,220.140,19.231,39.363,0.0085260
925,191.357,171.558,19.184,39.275,0.0050620
925,351.428,206.657,22.509,44.563,0.6855890
925,185.624,187.895,33.643,60.888,0.0057190
925,380.138,206.552,27.260,44.118,0.3967870
925,407.724,184.379,40.512,55.286,0.1113370
925,420.391,199.605,29.641,46.332,0.0447130
925,383.449,198.499,38.159,46.192,0.0222580
925,411.920,150.947,42.665,81.498,0.0122340
925,453.502,205.875,20.349,35.641,0.0052550
950,114.353,198.972,26.542,47.408,0.0112250
950,375.834,213.534,27.540,41.587,0.0059090
950,347.836,206.208,24.424,49.252,0.7143060
950,111.820,208.524,33.882,63.666,0.0239240
950,252.306,217.250,23.271,36.955,0.0288190
950,374.401,204.548,31.005,47.885,0.2768320
950,406.270,183.148,41.921,64.440,0.1788540
950,417.659,213.881,30.372,42.031,0.0280190
950,378.305,200.670,41.515,68.410,0.0078870
975,209.764,212.558,22.394,44.595,0.1770790
975,425.490,206.036,26.223,38.645,0.0192860
975,310.343,201.178,25.409,56.474,0.7805700
975,73.719,180.777,31.614,78.991,0.6078810
975,113.671,173.727,32.716,89.142,0.0341420
975,202.002,196.231,36.516,83.017,0.0260160
975,120.282,187.727,22.756,50.803,0.0134000
975,78.880,134.362,42.267,180.519,0.0071260
975,52.841,192.430,32.762,93.491,0.0065980
975,131.026,171.818,18.995,38.339,0.0052380
975,208.847,209.549,18.907,39.769,0.1691200
975,375.606,188.850,45.804,60.236,0.0606230
975,350.333,204.360,27.113,45.540,0.1444990
1000,319.267,212.378,25.660,48.883,0.0069090
1000,284.889,210.108,22.508,51.205,0.7404960
1000,44.525,197.581,24.246,52.370,0.7389410
1000,75.929,196.084,20.778,41.546,0.0875000
1000,418.096,217.781,17.947,40.896,0.0416770
1000,73.383,171.574,32.158,82.332,0.0086340
1000,40.193,182.521,26.682,102.894,0.0080240
1000,156.057,213.322,21.714,45.589,0.5974700
1000,340.842,190.254,52.895,67.766,0.0452530
1000,319.267,212.378,25.660,48.883,0.3458390
1000,369.211,194.062,35.828,58.807,0.1034170
1000,234.377,217.184,20.987,40.269,0.0941390
1000,153.065,204.371,34.261,72.024,0.0088460
1025,118.182,199.084,23.446,60.173,0.4450050
1025,48.092,194.130,21.675,51.722,0.6002890
1025,319.409,212.331,21.159,44.585,0.0700710
1025,285.871,202.037,23.308,58.153,0.6730280
1025,44.224,185.192,25.489,99.070,0.0301630
1025,118.182,199.084,23.446,60.173,0.0459230
1025,189.406,208.169,18.784,41.376,0.6270100
1025,322.466,205.995,21.033,47.112,0.0517680
1025,374.600,189.841,35.648,59.024,0.0422910
1025,378.373,210.739,25.259,51.428,0.0170760
1025,345.209,134.585,50.149,97.921,0.0064380
1025,343.921,192.695,42.384,56.538,0.0053700
1050,343.662,218.900,20.617,42.324,0.0924930
1050,91.267,202.551,28.436,66.382,0.1165360
1050,130.268,203.226,25.824,64.560,0.0732270
1050,61.303,201.097,24.494,55.937,0.7491740
1050,142.753,209.361,28.792,60.429,0.0322570
1050,313.716,209.314,24.278,59.566,0.6722650
1050,64.072,168.689,72.217,156.125,0.0050200
1050,343.662,218.900,20.617,42.324,0.1090130
1050,315.791,203.713,25.993,57.865,0.0350670
1050,94.314,197.490,27.194,63.289,0.3762300
1050,131.097,202.825,25.688,56.145,0.3524720
1050,277.227,221.786,19.240,38.285,0.2841320
1050,142.719,206.200,26.412,61.528,0.1124800
1050,61.303,201.097,24.494,55.937,0.0708510
1050,384.435,188.676,46.013,71.049,0.0165130
1050,385.523,137.671,43.875,97.145,0.0058400
1075,12.359,181.796,39.577,90.537,0.0174350
1075,46.446,195.552,22.141,64.615,0.0609720
1075,33.668,187.730,37.643,95.837,0.4827040
1075,30.277,111.072,51.760,263.737,0.0072300
1075,334.573,210.450,28.874,58.396,0.0085420
1075,303.667,207.150,26.720,64.667,0.6146450
1075,283.682,198.611,35.460,80.157,0.0575500
1075,12.359,181.796,39.577,90.537,0.1187240
1075,15.856,190.386,22.626,72.519,0.0393420
1075,46.446,195.552,22.141,64.615,0.0117840
1075,34.234,185.919,35.501,87.766,0.1202340
1075,22.545,139.371,55.826,178.833,0.0147040
1075,334.573,210.450,28.874,58.396,0.2384020
1075,377.568,184.824,47.397,80.579,0.0348910
1075,388.041,224.415,25.581,47.107,0.0144480
1075,331.928,2.000,127.432,313.520,0.0127750
1075,10.692,7.977,53.600,364.136,0.0062090
1100,315.131,205.041,25.745,64.011,0.2063110
1100,13.288,192.668,35.148,88.589,0.6705600
1100,239.150,210.961,28.453,61.435,0.0061660
1100,281.896,197.667,29.415,77.713,0.8769820
1100,4.342,182.996,47.960,144.450,0.0116000
1100,315.131,205.041,25.745,64.011,0.1192750
1100,15.877,194.345,32.046,73.890,0.0912150
1100,240.461,215.945,23.075,48.076,0.0842170
1100,380.862,215.962,28.903,56.810,0.0149190
1100,373.377,182.674,42.983,83.302,0.0453720
1100,350.300,191.689,41.583,71.769,0.0101870
1100,329.581,121.880,126.820,129.407,0.0072630
1125,2.814,205.352,25.068,81.537,0.5614340
1125,231.698,221.935,23.053,52.542,0.0105130
1125,300.941,215.301,24.452,56.170,0.0667280
1125,266.807,200.408,30.407,82.585,0.8598740
1125,233.636,203.424,31.961,78.853,0.0231630
1125,578.378,2.000,101.915,292.345,0.0139300
1125,7.921,205.279,27.120,132.970,0.0073220
1125,4.267,207.543,23.544,74.590,0.1381890
1125,375.783,178.378,40.087,96.152,0.0938810
1125,231.698,221.935,23.053,52.542,0.0589060
1125,336.827,75.580,103.990,225.225,0.0077360
1125,300.941,215.301,24.452,56.170,0.0052030
1150,18.792,195.580,29.547,82.851,0.7376030
1150,273.086,215.437,25.263,50.271,0.0091960
1150,240.049,211.367,27.990,64.954,0.0063360
1150,298.859,195.320,34.450,85.579,0.8576790
1150,456.230,244.757,16.058,38.087,0.2145490
1150,280.411,202.681,34.750,76.170,0.0616720
1150,314.341,202.274,21.741,59.958,0.0240490
1150,334.904,203.221,32.672,71.654,0.0096180
1150,302.490,165.290,43.929,172.208,0.0072750
1150,423.113,235.389,20.888,46.287,0.0071080
1150,3.845,170.611,45.526,171.152,0.0051960
1150,14.901,189.181,35.499,86.380,0.0122570
1150,245.728,219.536,25.328,53.516,0.0896880
1150,336.109,198.587,25.481,57.632,0.0233350
1150,273.086,215.437,25.263,50.271,0.0177650
1150,396.331,231.438,22.366,45.488,0.0157160
1150,335.942,185.959,41.795,87.715,0.0057930
1175,328.366,186.535,45.488,103.229,0.8616650
1175,39.812,199.298,36.691,79.336,0.7768410
1175,310.846,194.695,41.401,94.026,0.0265100
1175,10.141,189.942,36.960,105.906,0.0261780
1175,54.198,206.816,21.542,52.349,0.0214540
1175,373.333,198.659,45.758,91.493,0.0090950
1175,6.417,214.522,20.984,63.163,0.0074750
1175,275.334,223.503,24.036,53.624,0.0150970
1175,301.005,218.285,26.069,50.873,0.0111540
1200,102.034,179.899,39.096,84.424,0.0981120
1200,406.247,161.479,46.685,117.648,0.7973740
1200,580.030,227.504,20.240,41.811,0.0282720
1200,449.181,172.832,50.905,96.723,0.0141270
1200,426.217,188.808,19.821,49.475,0.0086320
1200,390.126,168.544,46.687,93.998,0.0054290
1200,9.208,168.784,38.247,95.447,0.1264300
1200,7.681,177.566,24.354,55.744,0.0778650
1200,102.034,179.899,39.096,84.424,0.6510140
1200,350.910,193.899,24.667,54.804,0.0134900
1200,326.075,196.527,22.504,52.326,0.0128090
1200,399.039,173.522,71.380,100.367,0.0097690
1200,106.408,152.627,51.700,148.398,0.0062770
1225,19.592,208.194,32.979,78.698,0.0113600
1225,574.981,200.167,42.186,104.981,0.0065520
1225,382.111,225.768,31.469,74.913,0.0846910
1225,353.230,239.927,25.521,71.342,0.0708700
1225,147.391,217.383,35.354,79.709,0.8578210
1225,462.491,188.544,55.715,150.001,0.8388130
1225,392.611,239.857,25.948,67.202,0.0124740
1225,628.940,266.692,18.946,44.996,0.0113760
1225,549.001,152.122,80.888,220.352,0.0068670
1225,419.484,205.876,41.618,98.880,0.0052330
1225,19.592,208.194,32.979,78.698,0.0100200
1225,574.981,200.167,42.186,104.981,0.0364510
1225,359.263,235.354,22.020,61.243,0.1057840
1225,382.111,225.768,31.469,74.913,0.0712380
1225,348.778,240.962,26.715,67.778,0.0354650
1250,30.164,283.034,32.138,85.232,0.0079500
1250,539.139,257.895,93.302,193.095,0.7372210
1250,643.858,308.691,48.001,102.376,0.0088310
1250,622.869,244.617,76.757,236.352,0.0283250
1250,203.468,302.938,39.520,89.620,0.0195330
1250,560.952,268.293,59.818,150.390,0.0056880
1250,643.858,308.691,48.001,102.376,0.0060340
1250,204.410,300.285,35.439,83.045,0.8845440
1250,414.022,310.708,36.708,54.473,0.0471250
1250,393.004,313.967,24.127,43.470,0.0232990
1250,55.206,2.000,143.054,280.469,0.0181610
1250,383.238,300.135,37.632,76.745,0.0126220
1250,621.901,235.214,71.532,213.290,0.0069360
1275,626.644,232.719,87.707,248.640,0.0148120
1275,301.587,293.315,35.447,87.944,0.7846600
1275,624.711,194.425,80.684,280.554,0.1499840
1275,500.839,301.889,34.817,64.522,0.0760380
1275,48.209,158.026,16.062,25.928,0.0146560
1275,318.339,302.771,22.794,60.731,0.0104100
1275,301.587,293.315,35.447,87.944,0.0096150
1275,646.964,265.013,45.983,142.993,0.0093480
1275,49.913,131.827,18.255,25.269,0.0087910
1275,648.345,264.030,73.655,193.678,0.0075520
1275,141.571,168.292,14.717,30.809,0.0066590
1275,639.231,22.282,48.836,405.346,0.0051200
1300,122.312,245.728,28.791,99.562,0.0139570
1300,370.579,272.582,37.227,87.118,0.8270480
1300,386.199,288.151,24.459,57.813,0.0097550
1300,376.203,261.497,32.659,94.937,0.0148670
1300,504.765,268.652,37.921,98.233,0.0371010
1300,566.313,266.335,34.907,71.781,0.0189530
1300,390.178,124.251,231.389,338.174,0.0163760
1300,576.681,285.897,32.157,62.534,0.0144360
1300,508.420,286.032,26.327,55.754,0.0085430
1300,172.183,133.462,16.724,27.025,0.0075860
1325,71.307,180.416,41.092,88.568,0.1030320
1325,377.744,201.320,41.127,90.977,0.8371310
1325,684.065,169.297,26.231,92.506,0.0076330
1325,44.833,134.217,93.829,184.381,0.0059810
1325,71.307,180.416,41.092,88.568,0.0956760
1325,125.230,56.692,14.249,16.587,0.0333170
1325,466.579,78.976,157.143,281.528,0.0118930
1325,377.744,201.320,41.127,90.977,0.0063650
1325,572.806,205.723,37.707,80.413,0.0054390
1350,349.302,183.870,44.321,92.421,0.7741820
1350,539.792,171.738,39.174,83.829,0.0051410
1350,655.283,177.391,37.227,80.544,0.0189340
1350,339.709,155.951,57.222,170.536,0.0144020
1350,686.576,179.978,22.909,68.548,0.0109680
1350,52.427,2.000,90.531,243.178,0.0060530
1350,8.991,223.925,16.167,54.239,0.0053790
1350,349.302,183.870,44.321,92.421,0.0270050
1350,336.427,145.546,61.265,165.012,0.0057590
1350,539.792,171.738,39.174,83.829,0.0622780
1350,427.791,186.495,26.357,49.413,0.0098410
1350,482.157,123.904,120.945,186.327,0.0057970
1375,312.278,162.838,45.933,110.625,0.2005890
1375,439.418,96.791,133.771,229.323,0.0062260
1375,312.278,162.838,45.933,110.625,0.2462150
1375,497.602,159.354,44.520,90.657,0.0105850
1375,387.064,87.621,178.377,249.178,0.0080050
1400,344.716,72.341,114.030,273.429,0.0159350
1400,235.982,160.156,39.739,67.888,0.0998380
1400,422.912,151.905,26.590,49.693,0.0148090
1400,381.177,91.863,98.845,194.565,0.0071420
1400,341.028,40.566,122.529,293.280,0.0061380
1425,564.165,17.088,133.220,253.536,0.0244240
1425,107.434,156.955,126.342,163.752,0.0151480
1425,236.629,61.816,97.125,305.064,0.0075710
1425,208.709,85.079,83.284,274.993,0.0128580
1425,564.165,17.088,133.220,253.536,0.0178260
1425,122.266,154.956,80.863,139.642,0.2697620
1425,85.401,109.985,120.656,224.861,0.1810430
1425,236.629,61.816,97.125,305.064,0.0299280
1425,271.729,90.460,84.248,247.958,0.0142170
1425,208.709,85.079,83.284,274.993,0.0119670
1425,611.746,93.638,47.911,109.685,0.0060860
1450,498.957,43.843,117.284,205.132,0.0107540
1450,83.294,67.175,117.432,313.619,0.0063310
1450,450.531,36.413,127.363,221.883,0.0110930
1450,541.925,125.242,18.840,29.156,0.0218780
1450,239.133,180.224,23.491,47.324,0.0087170
1450,641.907,134.035,19.323,34.655,0.0169510
1450,632.517,133.458,19.894,31.100,0.0474470
1450,515.973,40.691,146.230,256.431,0.1425350
1450,561.894,130.794,50.673,92.864,0.0322920
1450,118.620,119.452,112.500,203.856,0.0177140
1450,83.294,67.175,117.432,313.619,0.0086520
1450,56.155,135.712,100.957,228.385,0.0083170
1450,450.531,36.413,127.363,221.883,0.0053000
1475,21.838,86.529,80.136,267.499,0.0163180
1475,36.101,29.762,114.481,376.562,0.0051010
1475,125.462,180.385,24.673,43.524,0.0153410
1475,157.418,159.553,23.939,46.537,0.0076060
1475,197.806,153.389,29.709,69.841,0.0074100
1475,4.582,96.134,60.011,248.501,0.0057430
1475,122.288,159.163,23.049,48.581,0.0050560
1475,477.634,28.595,141.820,291.699,0.1175030
1475,531.066,164.361,42.379,94.658,0.1024330
1475,21.838,86.529,80.136,267.499,0.0567170
1475,36.101,29.762,114.481,376.562,0.0197940
1475,35.225,154.794,43.558,113.980,0.0117840
1475,500.031,120.369,96.950,167.214,0.0093390
1475,569.338,142.091,40.629,78.428,0.0055390
1500,14.446,68.764,100.035,300.942,0.0060530
1500,542.711,193.275,42.755,117.570,0.0105500
1500,14.446,68.764,100.035,300.942,0.1056010
1500,530.119,98.007,105.194,167.303,0.0154580
1500,608.128,134.534,34.224,87.634,0.0123350
1500,579.760,108.511,84.252,146.065,0.0096400
1500,572.239,136.018,38.434,91.208,0.0063460
1500,2.000,95.899,67.461,247.857,0.0059420
1525,620.948,93.247,77.787,243.729,0.0132630
1525,588.762,135.176,77.677,222.481,0.0146800
1525,203.219,140.985,30.790,82.535,0.0141220
1525,647.292,158.506,44.850,106.301,0.0052650
1525,2.000,112.081,67.490,280.786,0.1675410
1525,5.485,172.192,41.651,167.936,0.0496150
1525,628.003,12.113,58.032,339.429,0.0488760
1525,580.213,64.866,93.514,248.733,0.0306610
1525,7.209,2.000,48.653,434.807,0.0140930
1550,10.027,138.534,17.864,75.517,0.0464210
1550,7.056,109.529,22.890,132.143,0.0463730
1550,583.730,25.844,109.797,386.094,0.0395350
1550,199.773,143.133,31.921,70.945,0.0224620
1550,617.942,235.223,44.970,111.610,0.0149310
1550,6.887,166.115,16.104,66.796,0.0080540
1550,192.775,106.300,40.009,89.039,0.0078520
1550,14.189,2.000,33.786,248.396,0.0077950
1550,609.048,46.331,84.313,273.234,0.0137900
1575,5.411,111.993,60.694,178.596,0.8027040
1575,604.640,11.481,96.387,417.505,0.0229340
1575,199.785,146.803,32.334,70.502,0.0237010
1575,199.600,174.750,22.007,52.632,0.0180920
1575,601.028,170.661,84.833,227.566,0.0062860
1575,6.011,108.920,55.582,190.115,0.0428670
1575,604.640,11.481,96.387,417.505,0.0241340
1575,584.293,60.371,90.035,256.277,0.0163720
1600,42.995,124.048,61.126,157.406,0.5323230
1600,194.901,138.565,36.680,85.837,0.0744190
1600,601.366,28.880,102.945,377.969,0.0190050
1600,197.129,178.673,24.347,51.601,0.0104030
1600,75.425,150.184,25.967,60.419,0.0095100
1600,633.511,221.294,52.021,134.569,0.0092470
1600,121.782,177.486,25.686,51.010,0.0078920
1600,116.440,161.396,40.831,82.470,0.0074550
1600,126.714,158.620,24.325,50.053,0.0073270
1600,613.260,237.444,59.386,104.530,0.0069080
1600,154.000,144.563,41.804,80.539,0.0063330
1600,48.663,132.811,54.680,123.411,0.2713630
1600,627.839,2.000,53.342,352.684,0.0055790
1600,583.289,64.493,86.233,245.803,0.0050910
1625,73.506,143.329,45.135,142.782,0.0159860
1625,87.314,358.980,104.422,163.294,0.0112860
1625,60.464,80.849,74.063,286.412,0.1151630
1625,119.771,303.195,105.270,261.050,0.0112460
1625,137.470,277.422,137.601,239.619,0.0057360
1625,90.062,60.954,230.367,369.554,0.0539090
1625,21.502,2.000,136.766,570.572,0.0060760
1625,603.546,65.619,105.909,369.794,0.0384040
1625,132.688,2.000,154.914,356.065,0.0485770
1625,83.748,46.978,100.070,330.758,0.0103400
1625,185.867,64.642,112.668,289.335,0.0095460
1625,638.740,250.923,50.311,133.470,0.0094490
1625,634.201,195.358,73.639,245.522,0.0064350
1625,73.506,143.329,45.135,142.782,0.2738090
1625,110.682,370.729,55.208,126.712,0.0189920
1625,92.543,139.243,21.693,73.570,0.0106510
1625,49.857,11.343,93.718,468.899,0.0308780
1625,137.470,277.422,137.601,239.619,0.0081570
1625,598.778,40.282,110.281,358.732,0.1361330
1625,94.628,72.843,227.639,422.495,0.0611000
1650,109.239,155.180,23.206,57.912,0.1337530
1650,326.653,144.305,60.279,149.003,0.0134350
1650,292.420,252.634,59.313,134.125,0.0064630
1650,93.967,141.634,51.500,128.904,0.8528580
1650,632.291,155.679,72.961,266.068,0.0492930
1650,194.031,184.830,20.439,43.218,0.0367480
1650,100.513,154.677,24.456,63.749,0.0215260
1650,640.562,245.846,56.331,140.381,0.0071440
1650,192.525,136.250,40.566,105.801,0.0058130
1650,90.116,167.952,23.592,65.244,0.0052640
1650,272.744,105.642,132.679,227.013,0.8799730
1650,288.222,145.894,84.624,147.737,0.2028920
1650,605.046,28.447,104.928,386.355,0.0273180
1650,292.420,252.634,59.313,134.125,0.0059150
1650,351.480,291.187,21.857,44.699,0.0054700
1675,122.618,147.366,52.571,113.757,0.8794020
1675,187.733,177.964,24.739,48.636,0.0593000
1675,183.625,153.182,43.725,73.293,0.0532570
1675,621.396,67.943,80.497,310.442,0.0087820
1675,144.747,150.088,48.379,84.614,0.0087810
1675,653.823,227.131,42.778,116.129,0.0052200
1675,343.247,100.702,123.902,249.084,0.7264270
1675,363.967,157.107,76.262,140.870,0.4695920
1675,370.182,199.317,57.311,152.349,0.0143640
1675,110.059,144.202,60.269,117.586,0.0092060
1675,46.668,127.439,675.332,258.311,0.0063030
1700,152.608,129.922,57.476,126.930,0.6052980
1700,638.079,111.106,61.245,275.421,0.0203060
1700,658.368,221.578,37.189,135.537,0.0072110
1700,507.928,131.910,96.833,168.965,0.0063820
1700,86.719,145.522,41.099,77.064,0.0060380
1700,440.525,161.996,59.542,131.758,0.7892480
1700,152.016,133.709,59.053,132.512,0.3459900
1700,407.704,121.972,95.144,189.002,0.0118390
1700,2.000,89.698,720.000,337.850,0.0064320
1725,665.710,256.214,16.839,47.746,0.0051030
1725,348.605,5.121,373.395,505.508,0.0055430
1725,202.985,146.562,46.185,117.813,0.8244050
1725,214.406,163.904,23.087,50.631,0.0604800
1725,200.103,177.558,22.017,53.264,0.0206070
1725,166.064,181.722,24.194,48.844,0.0193840
1725,216.851,158.393,33.191,72.234,0.0109740
1725,232.746,185.133,22.594,50.416,0.0085570
1725,224.598,162.626,22.521,46.221,0.0050020
1725,657.206,186.182,35.262,127.222,0.0087320
1725,537.240,165.829,58.439,129.380,0.8777450
1725,633.761,85.378,59.283,266.525,0.0184050
1725,348.605,5.121,373.395,505.508,0.0078390
1725,193.385,149.928,58.587,121.319,0.0066450
1725,567.160,193.483,26.708,59.760,0.0061990
1750,258.893,156.603,40.712,110.503,0.8167450
1750,188.174,182.820,22.142,53.439,0.0127470
1750,280.414,184.918,20.487,49.156,0.0091710
1750,187.248,145.614,35.622,84.070,0.0090000
1750,400.623,2.000,152.736,280.634,0.0056020
1750,641.449,175.751,29.772,77.557,0.0777000
1775,317.706,151.945,43.702,103.066,0.8724720
1775,198.305,138.262,34.340,91.900,0.0541750
1775,318.820,179.555,22.709,51.349,0.0138620
1775,414.214,2.000,128.055,341.827,0.0129160
1775,328.965,172.555,21.935,39.993,0.0097250
1775,685.504,216.229,18.710,48.146,0.0050070
1800,355.436,146.576,45.951,112.711,0.8779000
1800,379.006,178.919,24.322,56.841,0.0085770
1800,206.606,146.358,33.573,73.067,0.0077840
1800,229.741,134.954,33.194,99.560,0.0055950
1825,385.040,150.756,41.531,106.945,0.8356640
1825,412.121,165.488,36.240,75.811,0.0205800
1825,393.297,175.343,22.558,59.812,0.0115530
1825,205.793,147.371,32.852,72.437,0.0061330
1850,621.234,120.743,14.141,37.303,0.0176000
1850,403.285,153.220,40.152,100.270,0.8210340
1850,200.324,132.954,39.380,85.710,0.1286940
1850,174.973,45.733,70.666,202.140,0.0159880
1875,621.293,120.537,15.226,35.768,0.0052260
1875,412.841,154.212,42.325,101.524,0.7763100
1875,191.597,139.407,36.589,83.725,0.0331280
1875,196.128,178.922,23.656,55.402,0.0144870
1900,431.354,161.762,47.282,90.559,0.5642830
1900,188.803,133.433,38.862,92.090,0.0302860
1900,165.190,19.661,81.164,256.049,0.0148430
1900,436.076,157.476,50.891,98.763,0.0283260
1925,451.403,158.255,52.284,113.024,0.2283060
1925,426.628,162.472,45.534,88.868,0.0277580
1925,185.577,129.249,40.085,95.188,0.0173580
1925,488.742,2.000,119.527,313.612,0.0065600
1925,165.434,139.423,42.030,83.813,0.0054780
1950,493.788,155.867,40.071,110.774,0.7409110
1950,144.139,125.893,50.172,98.258,0.0653130
1950,126.131,60.688,82.052,170.149,0.0256230
1950,101.941,48.994,75.284,190.968,0.0086490
1950,465.536,2.000,98.941,307.747,0.0063520
1950,515.913,2.000,67.097,285.843,0.0061170
1950,505.233,176.329,22.374,66.443,0.0051650
1950,583.749,20.203,13.286,13.903,0.0050810
1950,528.283,162.341,33.208,96.464,0.0050470
1975,542.853,168.049,46.114,105.238,0.8348670
1975,106.263,122.855,50.009,99.399,0.2693740
1975,86.958,77.025,79.763,142.703,0.0340220
1975,61.434,54.634,80.020,180.497,0.0124940
1975,79.457,92.805,49.843,109.711,0.0107050
1975,546.826,181.168,23.763,65.667,0.0084690
1975,553.093,157.151,43.766,125.694,0.0111050
2000,568.940,166.164,49.396,117.543,0.8244760
2000,30.987,57.069,74.266,172.919,0.1887800
2000,62.988,80.399,57.177,142.536,0.0128090
2000,577.900,187.799,20.304,55.946,0.0075650
2000,421.927,2.000,114.231,269.690,0.0052560
2025,543.669,167.874,49.352,107.440,0.8364930
2025,553.580,163.842,58.820,151.337,0.0179450
2025,548.918,187.384,21.925,59.800,0.0094580
2025,574.260,186.416,21.019,57.848,0.0062680
2025,554.275,172.598,58.030,108.520,0.0094150
2050,452.746,159.523,53.109,110.356,0.8205240
2050,461.553,183.190,25.128,54.641,0.0146480
2050,432.284,172.433,32.766,84.973,0.0067200
2050,378.521,23.279,44.754,93.192,0.0061630
2050,468.703,158.780,32.803,72.660,0.0054910
2050,277.599,2.000,104.033,191.449,0.0053500
2075,212.884,2.000,92.394,218.905,0.0050500
2075,351.512,162.865,52.182,129.972,0.8380600
2075,233.214,20.406,54.961,98.836,0.0127920
2075,382.823,188.951,26.589,62.665,0.0105620
2075,356.620,211.039,26.107,57.721,0.0051110
2075,606.611,189.506,19.327,33.157,0.3666810
2075,363.034,166.427,47.458,119.726,0.0343840
2075,609.658,175.244,18.943,34.900,0.0206160
2075,212.884,2.000,92.394,218.905,0.0108620
2075,257.771,19.706,47.729,100.641,0.0100410
2075,244.008,2.000,70.073,174.049,0.0095670
2075,609.362,179.445,29.897,59.721,0.0081810
2100,504.979,188.982,19.444,38.059,0.2284490
2100,498.407,173.853,34.121,70.778,0.0185880
2100,297.347,176.422,51.555,124.074,0.8615690
2100,54.294,2.000,85.334,299.803,0.0088920
2100,314.812,211.312,23.764,55.830,0.0066380
2100,622.851,2.000,61.590,383.574,0.0061430
2100,581.450,14.702,90.678,344.691,0.0056560
2100,506.041,176.490,17.659,37.389,0.0050810
2100,29.951,118.319,41.330,104.887,0.0138560
2100,4.905,119.517,42.660,114.510,0.0216730
2100,504.979,188.982,19.444,38.059,0.3041770
2100,498.407,173.853,34.121,70.778,0.0268760
2100,487.593,22.356,59.098,393.596,0.0053150
2125,202.949,115.820,16.321,42.130,0.0441570
2125,242.233,120.547,16.394,37.686,0.0195010
2125,459.166,191.082,22.313,43.446,0.2596840
2125,25.609,2.000,65.910,179.255,0.0072370
2125,454.337,184.230,35.349,62.211,0.0606550
2125,318.157,164.632,67.719,173.972,0.8530760
2125,579.430,20.326,86.981,339.215,0.0210890
2125,626.953,10.345,67.879,358.144,0.0194710
2125,535.664,2.000,97.816,399.724,0.0147500
2125,86.890,10.864,15.570,27.043,0.0084470
2125,453.658,46.484,122.717,344.067,0.0074820
2125,454.762,27.070,52.138,384.025,0.0073440
2125,249.073,165.883,77.136,166.816,0.0067220
2125,396.552,197.236,22.835,41.153,0.0061930
2125,430.191,190.084,30.374,62.606,0.0051250
2125,49.779,13.115,12.158,21.957,0.0050980
2125,459.166,191.082,22.313,43.446,0.0150870
2125,25.609,2.000,65.910,179.255,0.0086350
2125,454.337,184.230,35.349,62.211,0.0076980
2150,389.021,183.514,20.297,46.652,0.0317800
2150,389.056,117.567,91.397,222.375,0.7720450
2150,427.958,105.877,81.245,233.682,0.0387110
2150,639.176,35.246,50.008,289.508,0.0198100
2150,447.539,84.170,118.575,264.568,0.0195520
2150,2.000,2.000,44.636,185.287,0.0120390
2150,459.189,188.034,21.217,39.587,0.0088540
2150,587.063,31.019,78.252,299.534,0.0063170
2150,443.838,161.099,50.256,107.611,0.0062650
2150,390.842,171.230,33.464,97.103,0.0061790
2150,6.586,2.000,37.500,129.243,0.0269430
2150,7.461,2.000,41.086,63.011,0.0106950
2175,137.813,93.207,16.193,35.758,0.0568380
2175,545.372,131.191,65.072,160.423,0.7231740
2175,421.431,174.843,18.270,33.704,0.1047540
2175,477.257,82.118,95.657,260.764,0.0108130
2175,456.338,166.723,19.177,42.840,0.0072180
2200,202.543,97.128,15.516,31.629,0.0073060
2200,204.212,106.785,16.700,43.065,0.0079140
2200,441.099,173.335,20.206,34.420,0.0171010
2200,468.211,173.897,19.167,31.145,0.0841170
2200,498.576,28.151,104.493,312.431,0.0119600
2200,441.099,173.335,20.206,34.420,0.1291460
2200,468.211,173.897,19.167,31.145,0.1032570
2225,463.668,170.589,17.045,31.725,0.0550430
2225,441.175,168.700,17.758,34.506,0.0102170
2225,129.361,88.333,19.726,38.412,0.0406900
2225,123.101,70.601,42.165,75.613,0.0369720
2250,459.693,175.154,19.825,36.678,0.3574180
2250,441.755,181.707,17.632,36.130,0.2044460
2250,188.107,88.668,24.584,37.261,0.0115950
2250,589.669,93.659,74.643,253.730,0.0066620
2275,428.857,176.996,19.798,32.824,0.2115170
2275,465.812,176.575,19.806,32.431,0.0791700
2275,39.598,2.000,120.434,309.735,0.0050910
2275,431.771,180.310,18.990,35.491,0.3079910
2275,468.377,180.510,18.417,34.983,0.0457250
2275,53.650,2.000,93.916,242.313,0.0053380
2275,82.799,18.714,45.657,107.162,0.0052900
2300,196.421,60.908,17.066,23.825,0.0121020
2300,450.675,171.508,23.001,38.458,0.1643470
2300,500.592,174.338,19.168,31.189,0.0482400
2300,150.938,25.161,47.827,88.991,0.0057060
2300,118.014,11.407,102.697,187.260,0.0068970
2300,85.604,60.806,101.566,308.368,0.0139240
2300,129.891,73.610,84.485,276.695,0.0110290
2300,50.411,72.788,101.336,343.445,0.0087960
2300,161.941,89.670,90.272,250.817,0.0052130
2300,440.471,168.460,21.400,31.908,0.0332220
2300,196.421,60.908,17.066,23.825,0.0050030
2300,450.675,171.508,23.001,38.458,0.3615370
2300,500.592,174.338,19.168,31.189,0.0272410
2300,129.055,2.000,88.661,156.847,0.0114010
2300,150.938,25.161,47.827,88.991,0.0086130
2300,114.929,2.000,41.443,73.065,0.0064720
2325,5.446,125.307,39.752,88.375,0.0215430
2325,206.194,49.948,19.347,29.306,0.0073670
2325,542.556,178.617,17.860,27.275,0.1095090
2325,9.897,140.014,22.288,60.418,0.0062830
2325,192.355,21.129,54.539,89.400,0.0165970
2325,111.430,143.109,114.569,207.977,0.0084270
2325,153.145,2.000,47.025,68.492,0.0079780
2325,85.941,127.320,38.931,85.067,0.0071920
2325,166.907,78.328,86.889,266.280,0.0051910
2325,224.801,26.931,47.155,81.136,0.0050210
2325,5.446,125.307,39.752,88.375,0.0208520
2325,12.371,132.091,18.924,39.106,0.0185740
2325,479.732,177.202,20.578,29.158,0.2341510
2325,542.556,178.617,17.860,27.275,0.1319800
2325,9.897,140.014,22.288,60.418,0.0213470
2325,164.418,2.000,86.352,157.712,0.0105420
2325,205.460,2.000,81.998,159.799,0.0078920
2325,192.355,21.129,54.539,89.400,0.0076080
2350,207.215,54.014,18.593,25.645,0.0102050
2350,480.752,192.406,17.603,32.939,0.3366500
2350,550.265,189.016,18.345,34.729,0.3164510
2350,141.614,2.000,68.932,180.010,0.0058810
2375,533.060,202.531,17.708,33.618,0.0811410
2375,533.060,202.531,17.708,33.618,0.0684460
2400,506.245,203.553,18.977,31.912,0.0656930
2400,506.245,203.553,18.977,31.912,0.2076920
2425,443.282,185.609,19.706,32.210,0.4286790
2425,432.494,173.915,21.720,38.909,0.0095650
2450,351.013,198.475,19.555,38.701,0.5182200
2450,282.553,195.160,17.061,27.662,0.0766220
2450,351.011,188.571,27.932,59.040,0.0054070
2475,543.769,198.839,16.087,36.726,0.0119290
2475,365.866,17.838,85.232,246.981,0.0089060
2475,577.303,198.439,18.917,39.925,0.0061050
2475,260.126,197.578,19.983,37.973,0.3595770
2475,171.907,192.184,19.144,35.573,0.0342660
2500,195.036,203.483,17.880,37.635,0.1164640
2500,341.629,66.950,14.822,21.677,0.0061200
2500,195.036,203.483,17.880,37.635,0.0325790
2525,216.440,184.712,22.159,42.533,0.0099720
2525,216.440,184.712,22.159,42.533,0.0448200
2550,162.843,189.346,15.553,30.114,0.0061050
2550,428.752,21.018,13.221,23.040,0.0061180
2550,265.470,192.887,20.566,39.943,0.2858840
2575,185.233,200.492,22.533,41.740,0.0979060
2575,286.624,200.322,20.911,43.795,0.0277190
2575,185.233,200.492,22.533,41.740,0.4250340
2575,186.900,192.701,32.386,60.638,0.0111890
2575,286.624,200.322,20.911,43.795,0.4764410
2575,285.697,216.559,18.025,35.752,0.0088810
2575,471.212,14.310,11.741,18.423,0.0051380
2600,194.101,204.742,22.660,42.792,0.3228560
2600,290.246,200.370,23.411,42.466,0.5001440
2600,194.101,204.742,22.660,42.792,0.3814840
2625,319.341,194.461,25.448,42.908,0.0201150
2625,209.875,197.992,26.023,47.825,0.7548330
2625,319.341,194.461,25.448,42.908,0.0295040
2650,242.734,202.557,25.620,42.050,0.6871540
2650,548.895,21.431,85.602,321.136,0.0122520
2650,579.030,30.906,97.662,300.721,0.0063190
2650,514.586,2.000,78.584,397.024,0.0059040
2650,633.925,57.780,63.901,238.571,0.0050190
2650,346.864,193.340,25.464,47.249,0.0366070
2650,242.734,202.557,25.620,42.050,0.0050880
2675,262.581,203.592,28.741,43.837,0.0338190
2675,262.581,203.592,28.741,43.837,0.0199570
2675,357.592,197.158,29.569,49.077,0.0692670
2675,362.728,213.201,23.774,45.507,0.0089200
2700,375.569,205.088,22.695,42.253,0.0120910
2700,276.467,206.127,28.557,56.052,0.4257040
2700,158.608,213.658,19.145,48.099,0.0146650
2700,379.339,216.662,19.652,36.825,0.0282290
2700,104.508,30.266,120.157,238.649,0.0208150
2725,247.854,195.572,28.822,54.748,0.0111860
2725,260.196,192.207,27.920,52.969,0.0085000
2725,369.151,199.336,20.455,39.799,0.5167210
2725,354.727,186.731,35.458,57.439,0.0153510
2725,368.010,214.231,18.974,40.069,0.0061860
2725,83.688,69.638,56.788,141.201,0.0434650
2725,245.082,193.287,35.825,62.446,0.8342580
2725,54.518,21.771,100.958,251.961,0.0126990
2725,260.196,192.207,27.920,52.969,0.0080330
2750,84.853,48.749,40.712,110.913,0.0093430
2750,382.540,185.012,22.019,42.998,0.2715190
2750,270.001,181.735,25.502,54.118,0.0371550
2750,243.521,171.239,44.397,90.795,0.0287690
2750,87.691,87.558,20.721,46.801,0.0160800
2750,84.853,48.749,40.712,110.913,0.0573170
2750,270.001,181.735,25.502,54.118,0.0055100
2750,243.521,171.239,44.397,90.795,0.7780810
2750,33.967,31.101,125.229,221.971,0.0121760
2775,398.460,181.126,22.603,46.458,0.1769380
2775,194.635,139.891,48.370,110.414,0.0051100
2775,84.332,57.147,19.514,35.019,0.0060780
2775,384.392,175.558,33.393,61.702,0.0055450
2775,74.847,35.896,40.784,122.730,0.0680770
2775,52.111,2.000,87.993,237.098,0.0380800
2775,227.933,182.294,24.238,52.670,0.0157380
2775,24.819,38.581,80.498,203.337,0.0096440
2775,398.460,181.126,22.603,46.458,0.5509440
2775,182.486,137.841,73.668,140.140,0.5319490
2775,84.332,57.147,19.514,35.019,0.0206580
2775,384.392,175.558,33.393,61.702,0.0121230
2775,2.000,72.370,615.852,292.094,0.0063650
2800,7.939,108.545,32.958,135.582,0.2937360
2800,402.990,170.384,29.130,59.731,0.7363680
2800,2.000,2.000,61.906,312.559,0.0465830
2800,474.163,159.438,22.631,46.602,0.0151340
2800,8.891,139.594,20.094,67.779,0.0135900
2800,15.087,86.667,32.307,232.844,0.0113940
2800,92.598,18.816,92.913,324.405,0.0096300
2800,468.021,153.345,38.713,59.378,0.0062780
2800,131.534,2.000,76.673,398.369,0.0051850
2800,400.317,170.167,30.230,61.695,0.0566240
2825,167.151,58.130,16.462,22.092,0.0058490
2825,52.534,47.046,15.346,26.650,0.0070200
2825,397.224,158.905,36.687,60.394,0.2755970
2825,534.848,140.244,41.521,83.164,0.0078490
2825,32.839,24.559,45.950,85.513,0.0075450
2825,20.808,2.000,81.595,243.890,0.0055590
2825,4.926,2.000,55.309,268.470,0.0052770
2825,52.534,47.046,15.346,26.650,0.0057130
2825,402.388,171.975,29.375,53.244,0.1741990
2850,396.021,184.905,24.838,51.188,0.4556830
2850,77.344,204.131,34.046,73.698,0.2864470
2850,38.580,196.769,43.925,94.738,0.0215970
2850,582.969,155.523,32.707,107.273,0.0098100
2850,9.977,182.369,34.503,127.684,0.0092480
2850,611.387,151.692,34.968,120.818,0.0089830
2850,651.531,160.341,34.869,103.533,0.0072450
2850,533.437,148.893,39.703,71.528,0.0055650
2850,389.371,178.890,31.481,67.660,0.0124020
2850,9.030,43.820,17.388,28.688,0.0062860
2875,136.701,63.092,13.978,20.107,0.0067640
2875,380.896,187.183,31.481,81.485,0.8003560
2875,372.073,147.403,55.434,145.003,0.0065170
2875,35.982,211.400,39.867,67.571,0.0060450
2875,414.172,184.070,33.341,77.580,0.0058510
2875,569.212,152.040,33.362,70.600,0.0056800
2900,13.282,207.511,31.998,85.128,0.0063790
2900,369.563,178.972,33.154,78.207,0.8632860
2900,13.282,207.511,31.998,85.128,0.0152200
2900,11.704,216.887,24.056,57.101,0.0111270
2900,472.079,17.753,12.819,18.660,0.0057250
2925,349.130,176.563,38.176,83.237,0.8920810
2925,338.203,144.677,57.546,141.720,0.0070900
2950,332.693,160.024,43.946,91.474,0.8621200
2950,343.635,168.523,21.793,45.540,0.0307400
2950,348.734,173.650,24.974,60.910,0.0222800
2950,318.479,89.482,77.245,195.471,0.0063010
2975,325.520,153.514,46.897,101.962,0.8075610
3000,324.319,169.241,47.572,108.054,0.8317350
3000,348.507,256.502,18.850,38.279,0.0188850
3025,349.707,151.889,48.046,133.799,0.8498030
3025,377.149,256.203,20.896,40.436,0.0187270
3025,357.336,256.709,20.819,39.965,0.0109170
3050,397.525,146.393,50.650,138.612,0.7384830
3050,370.615,38.490,85.222,292.232,0.0129910
3075,481.262,132.157,59.795,184.362,0.8062460
3075,454.771,56.331,107.686,272.136,0.0102390
3075,7.425,38.309,18.905,31.354,0.0124790
3075,7.613,2.000,37.550,49.769,0.0090000
3100,591.472,110.541,72.656,211.804,0.6520140
3100,506.414,145.178,19.034,54.462,0.0060480
3100,374.839,2.000,62.037,301.282,0.0054990
3100,591.472,110.541,72.656,211.804,0.1038800
3100,2.723,2.000,48.828,54.865,0.0097650
3100,2.000,2.000,58.637,120.406,0.0089450
3150,367.606,221.673,14.573,32.216,0.4311030
3150,54.013,2.000,87.509,283.028,0.0271960
3150,88.114,36.468,84.664,215.793,0.0057270
3150,54.013,2.000,87.509,283.028,0.0067810
3175,191.161,18.842,41.297,102.444,0.0089190
3175,188.111,62.760,31.886,77.060,0.0059490
3175,179.242,2.000,63.110,199.741,0.0054270
3200,464.239,223.260,18.585,39.997,0.0540510
3200,452.083,218.904,31.197,64.880,0.0100460
3200,421.136,213.106,36.544,77.540,0.0055600
3200,125.365,81.243,83.777,196.132,0.0128540
3200,138.017,2.000,74.903,258.183,0.0059730
3200,100.953,60.340,80.019,240.069,0.0055950
3225,444.612,215.293,20.866,34.132,0.0246570
3225,209.139,2.000,75.654,181.879,0.0054990
3225,176.330,2.000,80.888,198.818,0.0050070
3225,444.820,213.421,20.427,42.032,0.0188200
3225,317.420,97.460,15.023,24.686,0.0090730
3250,280.092,211.222,36.056,62.952,0.0246340
3250,314.069,96.693,16.458,27.245,0.0120580
3275,427.180,206.330,19.274,34.805,0.7382950
3275,301.527,2.000,39.842,69.266,0.0082130
3300,410.640,218.986,20.604,39.348,0.8508350
3300,404.757,216.384,35.519,60.287,0.0092900
3300,222.820,17.645,45.505,103.741,0.0055670
3300,208.894,2.000,77.551,165.911,0.0052830
3300,341.678,2.000,44.473,75.865,0.0113910
3300,298.507,2.000,48.153,71.715,0.0067800
3325,373.171,222.017,20.876,35.052,0.0155690
3325,610.142,191.178,22.923,54.596,0.0068830
3325,605.828,174.936,32.171,96.303,0.0127990
3325,578.007,186.622,35.119,75.114,0.0068560
3325,15.354,160.844,80.542,191.386,0.0291480
3325,10.153,139.723,47.586,238.862,0.0060670
3350,358.860,217.735,17.829,39.127,0.7086620
3350,280.095,94.139,12.148,22.290,0.0074100
3350,317.325,93.432,12.536,19.512,0.0059910
3375,6.493,50.218,40.334,117.424,0.0123470
3375,370.833,218.196,24.547,47.154,0.7450310
3375,358.952,208.943,29.842,60.610,0.0427560
3375,663.096,219.386,20.579,48.907,0.0226810
3375,659.558,208.382,33.929,67.899,0.0110490
3375,684.971,218.774,17.292,46.766,0.0085820
3375,684.244,193.989,19.477,55.843,0.0062060
3375,6.493,50.218,40.334,117.424,0.0884860
3375,8.360,2.000,34.505,246.262,0.0055200
3400,371.488,220.217,24.022,50.500,0.8192100
3400,691.120,224.023,20.284,51.653,0.0056740
3400,359.719,212.718,28.224,60.511,0.0051630
3400,19.395,118.487,16.177,31.770,0.0050330
3400,430.658,99.358,14.595,20.522,0.0074850
3400,358.352,98.698,13.948,21.113,0.0060360
3425,293.854,214.447,27.201,44.852,0.8406440
3425,568.539,184.077,30.762,74.941,0.0155260
3425,278.596,206.282,33.936,47.453,0.0138040
3425,659.612,180.947,36.881,78.779,0.0128450
3425,684.482,159.576,24.659,119.172,0.0119860
3425,688.481,189.815,19.031,59.948,0.0100630
3425,659.516,216.688,23.690,50.887,0.0057300
3425,389.839,91.960,18.303,23.842,0.0209420
3450,201.472,88.071,18.849,31.314,0.0066490
3475,499.968,185.849,51.105,91.467,0.6218260
3475,222.003,187.774,36.038,65.414,0.0511060
3475,307.417,171.572,34.547,95.793,0.0055340
3475,499.588,188.405,49.490,93.712,0.7005830
3475,480.703,161.769,77.920,138.592,0.0073230
3500,241.640,190.794,30.427,68.927,0.0059820
3500,95.174,141.965,108.448,221.094,0.8571740
3500,130.389,168.570,60.664,163.300,0.4158520
3500,109.274,211.391,65.834,128.607,0.0509030
3500,2.000,215.848,419.770,93.396,0.0059960
3525,596.148,183.611,31.474,95.643,0.9019210
3550,674.200,182.433,32.206,115.163,0.7984490
3550,511.293,191.577,39.234,95.452,0.8947880
3550,682.715,170.238,33.704,164.600,0.0269830
3550,686.488,206.397,19.402,75.000,0.0211510
3550,526.270,201.833,25.038,56.552,0.0172790
3575,616.060,171.020,47.891,121.257,0.8853360
3575,425.778,167.828,39.742,126.154,0.8541770
3575,635.044,195.180,36.644,90.663,0.0090950
3600,475.392,219.391,21.229,44.032,0.0079570
3600,250.332,167.936,54.293,144.685,0.8859160
3600,497.454,170.952,52.739,140.292,0.8804070
3625,334.329,171.990,68.523,162.715,0.8895370
3625,6.724,122.654,58.680,254.221,0.8657850
3625,21.254,163.290,46.605,128.353,0.0178880
3625,16.434,197.745,32.792,149.565,0.0149760
3625,16.944,133.178,35.286,120.838,0.0092980
3625,324.478,227.882,22.075,41.165,0.0082710
3625,294.528,143.438,84.854,216.736,0.0056640
3650,147.221,138.864,78.176,206.904,0.8982270
3650,129.761,224.531,21.786,41.313,0.0106960
3650,113.791,145.601,72.316,193.120,0.0056890
3650,579.945,224.690,23.622,40.814,0.7443330
3650,313.451,64.453,11.789,12.927,0.0050110
3675,401.530,226.027,22.980,45.856,0.1866640
3675,401.530,226.027,22.980,45.856,0.5364810
3700,296.855,226.629,24.620,50.281,0.7920020
3700,290.215,225.512,22.978,43.889,0.0069380
3725,239.527,219.194,33.954,66.483,0.0726040
3725,247.734,221.531,27.318,52.356,0.7692060
3750,201.815,216.134,29.213,61.390,0.0126090
3750,201.672,214.820,33.921,66.420,0.8105120
3775,172.806,197.854,21.504,55.302,0.0067540
3775,168.215,186.101,41.608,90.533,0.8275750
3800,94.276,160.817,49.826,129.383,0.1416770
3800,80.904,166.203,60.290,123.895,0.8059000
