25,255.333725,196.245819,12.921524,28.203598,0.991340
25,253.441772,193.668549,16.080780,35.727768,0.991340
25,252.138947,187.909119,19.481842,42.834854,0.991340
25,556.390137,184.908340,23.550110,51.076370,0.990281
25,557.650940,194.413773,22.659119,48.071045,0.990281
25,495.611511,188.201355,18.523438,41.076187,0.984600
25,494.392578,189.494980,22.509277,48.475235,0.981381
25,496.996399,199.364685,17.711731,37.355804,0.981381
25,559.276489,186.605545,18.704529,42.977264,0.956816
25,635.540344,179.342514,25.738708,55.274002,0.872369
25,633.182190,183.857910,29.075989,63.555450,0.872369
25,636.665283,192.584518,22.310364,49.637283,0.783598
25,484.748077,186.071732,22.813446,45.565765,0.776985
25,526.643494,190.974411,17.568054,38.401596,0.763749
25,505.790100,179.805542,24.966248,56.895691,0.728952
25,523.048096,185.573700,24.055969,51.906204,0.695629
25,615.551086,179.210663,30.520142,64.559845,0.605570
25,193.741409,193.443802,10.567200,22.612457,0.527407
25,194.372665,200.255203,10.250427,22.925507,0.527407
25,191.276062,190.315704,13.369980,28.977158,0.527407
25,191.288025,195.470322,13.931732,30.250717,0.527407
25,254.640579,183.765839,14.682663,33.632690,0.522084
25,601.707520,179.803482,26.375000,55.994583,0.503848
25,645.688049,186.826981,23.014343,51.355576,0.479938
25,642.376526,179.018631,29.476196,63.285645,0.479938
25,512.053101,196.228821,15.701233,34.232407,0.444125
25,512.382507,191.370132,15.257385,32.573181,0.444125
25,631.275269,169.168365,30.977478,69.126678,0.434363
25,509.374695,196.452271,18.491943,42.290527,0.399588
25,592.851929,179.189774,29.808044,60.862015,0.390208
25,527.731873,199.091858,15.791931,36.344940,0.349119
25,603.995605,190.645096,25.380554,56.427902,0.308020
25,249.707123,199.847763,10.561096,23.339828,0.303839
25,250.372681,195.482697,10.932800,24.590775,0.303839
25,247.935394,195.134018,10.384277,22.683380,0.303839
25,248.801056,197.463562,13.595886,28.577316,0.303839
25,247.168884,193.275772,17.631104,37.822266,0.303839
25,564.894226,185.067093,24.936890,54.575912,0.271906
25,620.392334,182.376816,22.824707,51.069794,0.252691
25,618.321777,191.714340,24.759583,54.775253,0.252691
25,494.821320,202.459793,18.115448,41.822525,0.237896
25,257.835083,202.218658,10.343536,25.872269,0.159212
25,485.190887,189.385101,15.907379,33.708542,0.155405
25,483.960602,190.079620,13.724640,29.520523,0.155405
25,484.435364,195.618637,13.519653,29.777084,0.155405
25,649.510315,187.796570,19.094788,42.432800,0.149057
25,651.115723,196.539474,19.086853,42.973358,0.149057
25,654.754883,188.650177,14.346069,30.485870,0.135057
25,599.373291,180.128754,32.748413,69.991196,0.118728
25,561.617493,186.907242,17.172302,34.022644,0.108423
25,552.713928,178.646637,33.398010,71.541656,0.102412
25,637.710449,180.138611,19.344482,40.587875,0.092150
25,498.334991,188.025055,14.714447,30.706451,0.088760
25,607.075562,198.773544,20.355103,44.083435,0.079074
25,545.189880,187.890717,20.234436,47.490173,0.069106
25,545.940735,197.988403,17.745605,41.523499,0.069106
25,545.578430,193.028549,24.069031,50.563919,0.069106
50,257.292877,195.242874,13.612854,29.390457,0.992050
50,254.646271,188.176224,19.140320,41.783401,0.992050
50,522.887695,182.135117,24.902832,53.383240,0.989106
50,524.931396,194.609650,22.633484,47.126556,0.989106
50,604.140808,185.041443,28.799683,61.302292,0.988861
50,605.223694,174.026260,27.969971,63.371948,0.988861
50,525.199707,187.541855,18.503052,41.433151,0.970195
50,597.633118,171.848145,31.967590,72.068344,0.958471
50,248.909882,194.770065,10.309052,23.160828,0.948243
50,662.395447,174.739868,37.073914,79.116699,0.947380
50,670.950073,170.676208,35.692444,76.741318,0.936433
50,514.598572,186.501694,23.651489,48.673050,0.897586
50,658.650024,179.405991,32.583801,69.850769,0.882003
50,657.817261,181.962952,27.013550,58.030746,0.882003
50,556.878479,189.210419,24.429993,52.931091,0.878824
50,558.117615,193.591537,19.575928,42.460648,0.878824
50,608.485840,182.655716,23.165894,52.656464,0.832913
50,610.418152,183.661499,26.129150,59.405380,0.783984
50,533.616211,177.843262,27.654724,62.437073,0.694302
50,256.639099,184.258301,14.972931,33.762848,0.687501
50,593.521912,186.247513,25.638977,54.567459,0.620594
50,665.840881,184.357147,29.383423,66.545258,0.573589
50,525.820923,201.162735,18.025269,43.071732,0.551619
50,605.062744,194.026566,23.016174,53.989044,0.516199
50,567.993591,188.879990,23.059998,50.175018,0.452076
50,572.364807,194.480652,19.394775,39.862885,0.452076
50,675.325317,184.781784,30.166565,66.075104,0.381482
50,557.824585,184.414276,19.407593,41.898865,0.356988
50,557.320496,198.965271,19.466675,46.332520,0.349693
50,509.419647,183.467178,24.166351,53.120102,0.281782
50,259.028778,200.314560,10.615723,26.470459,0.267322
50,670.907349,189.584045,21.559753,47.408401,0.246249
50,657.276917,183.132950,21.701233,46.625229,0.226855
50,682.364929,170.698792,30.513062,86.179291,0.224826
50,600.874207,176.717224,36.869995,77.804199,0.195303
50,543.308289,191.176147,20.552734,44.974213,0.173867
50,546.080139,194.405121,16.601257,37.493378,0.173867
50,541.250610,186.077209,25.249084,54.764954,0.173867
50,571.898865,181.005737,26.166931,56.142929,0.170762
50,573.082031,181.292130,18.521667,42.264160,0.170762
50,195.015732,194.296616,10.264679,21.748825,0.160147
50,195.676331,201.064911,9.747269,21.490387,0.160147
50,193.284348,191.658386,12.699707,27.707840,0.160147
50,651.956726,182.299820,32.942139,72.192749,0.141329
50,665.761230,171.318695,30.017639,67.249054,0.119437
50,528.493896,186.649460,16.408997,32.937012,0.118369
50,609.627930,188.619064,30.317566,66.566605,0.090909
75,573.468018,174.434158,28.245483,60.472000,0.990194
75,579.591614,177.852142,27.394531,59.368958,0.990194
75,578.503479,172.034882,33.283630,71.488663,0.990194
75,271.890869,191.525101,13.494843,29.819183,0.989600
75,270.059601,186.704819,16.584900,36.084808,0.989600
75,271.849182,183.255554,14.623291,33.187363,0.849188
75,548.345947,181.767853,18.721008,40.319672,0.771877
75,545.681946,178.894150,23.561096,49.286041,0.771877
75,615.615601,172.929092,32.828552,71.899841,0.687161
75,619.173157,185.464188,24.717102,53.041809,0.665162
75,628.687805,181.316254,30.686951,65.999390,0.513668
75,679.518982,176.782120,30.408325,63.741898,0.493700
75,606.758606,185.334686,29.982300,62.470093,0.485126
75,274.914307,188.300140,11.434814,24.542816,0.434284
75,576.125000,177.628586,21.812012,46.539551,0.387932
75,270.297729,192.396149,17.690826,38.176880,0.355838
75,584.259216,180.103943,22.204834,45.133820,0.295059
75,605.366211,176.859436,29.267578,61.486221,0.266328
75,690.663513,178.796005,26.060364,66.921127,0.229517
75,672.283569,172.471527,28.661255,63.493774,0.208609
75,622.984375,196.490723,19.544067,44.518829,0.208168
75,642.829346,173.481537,31.679016,69.187592,0.187282
75,635.495056,180.638840,23.372864,51.437622,0.166301
75,687.813293,161.854431,26.377380,74.795166,0.160153
75,543.657288,186.894272,19.706482,46.617950,0.158516
75,679.257019,162.474075,30.525757,65.627686,0.148746
75,558.316711,173.663879,27.708618,57.442062,0.140519
75,556.668884,184.562546,16.699768,34.473389,0.127460
75,554.769592,178.891235,20.489502,45.159790,0.127460
75,633.545776,172.772995,30.898499,67.254211,0.115760
75,609.982727,187.057877,20.866821,45.448303,0.093414
75,610.372253,193.953934,21.212097,50.516098,0.093414
75,683.753845,186.282303,24.205750,49.182861,0.075184
75,670.007202,179.144104,28.251099,64.469177,0.063244
75,638.226257,193.696838,19.688843,40.940918,0.060103
75,209.829025,192.443420,10.462128,22.183334,0.052998
75,576.391113,184.772507,22.486755,53.430466,0.044207
75,578.311523,195.744324,17.613159,40.185562,0.044207
75,651.356934,185.124146,18.941772,38.696472,0.041688
75,654.639526,185.931259,15.124329,32.921768,0.041688
75,652.818420,195.635010,16.406982,36.298630,0.041688
75,645.990051,180.073273,25.906006,56.593109,0.041538
75,650.842163,194.279160,21.138306,50.218018,0.041538
75,600.155029,176.213608,30.159302,65.160019,0.039436
100,288.233734,197.719467,14.329834,31.249008,0.992371
100,286.373108,191.266342,18.279907,39.941681,0.992371
100,651.885681,171.716705,35.117676,75.935989,0.990516
100,650.593018,170.182480,30.501648,67.447678,0.990516
100,658.269287,175.470779,28.167114,64.687408,0.990516
100,652.186035,184.999786,28.018005,62.863495,0.872082
100,657.205017,183.065674,24.030334,51.998657,0.821787
100,607.767639,184.135483,22.728882,49.448441,0.691123
100,608.777832,185.998749,18.089417,38.811462,0.691123
100,607.758423,174.027313,21.845154,48.470505,0.691123
100,644.167725,172.763687,35.788513,77.210938,0.584119
100,646.076233,177.603195,27.537964,57.787430,0.584119
100,659.197449,162.405457,35.140137,75.587708,0.577981
100,602.350586,178.752701,27.326538,59.287872,0.574902
100,614.866882,178.851837,22.266541,50.554306,0.574902
100,287.379974,184.502670,18.296143,39.476486,0.464456
100,591.164490,172.479172,31.829041,65.819443,0.319179
100,596.203125,187.044647,24.178284,51.782364,0.319179
100,641.190674,168.449799,33.461243,72.362076,0.294856
100,613.999084,183.161804,19.180359,42.116058,0.131015
100,613.646973,174.128448,29.223022,63.329788,0.096943
100,212.086700,201.382919,10.678543,23.258423,0.084267
100,226.374954,202.078186,10.254883,22.082611,0.068014
100,593.748596,174.928635,24.686646,51.491653,0.040039
100,617.652588,182.310776,17.388245,37.135315,0.036829
100,621.541199,183.487305,14.756470,34.266312,0.036829
100,616.173828,189.764984,18.453735,40.199112,0.036829
100,619.413269,194.966461,15.756409,33.143860,0.036829
100,662.165588,178.868927,24.302612,50.527740,0.035527
100,620.733643,177.446014,15.674500,33.250824,0.034545
125,306.861938,194.445435,15.057617,32.596786,0.993826
125,303.973480,186.419907,20.602661,44.658295,0.993826
125,297.254944,200.779022,10.874084,22.668945,0.930271
125,307.319214,198.957520,11.712433,28.891220,0.866724
125,305.222168,184.204361,16.009247,35.444580,0.859896
125,307.150513,189.155304,12.995789,26.504105,0.132956
125,308.655609,185.461472,9.694061,23.769058,0.132956
125,678.590454,178.088974,24.177673,49.041397,0.082518
125,683.400024,180.828278,19.139099,40.852325,0.082518
125,295.052979,189.206223,17.625122,37.335220,0.071499
125,680.738708,181.008926,25.897766,56.128952,0.048845
125,670.998962,171.578232,29.319702,61.659531,0.048845
125,682.731262,172.374573,20.256042,41.341568,0.043979
150,324.855438,191.162247,15.031769,32.723465,0.992464
150,323.464172,189.946579,18.102600,39.462189,0.992464
150,322.600952,183.771866,17.744415,38.653671,0.897126
150,324.939331,188.225601,12.553192,26.438232,0.322485
150,324.792847,185.452881,10.518890,24.941162,0.322485
150,322.768890,196.432587,15.599060,33.190140,0.304186
150,324.076355,200.992050,11.329071,28.005722,0.304186
150,331.193634,191.993500,12.932281,28.111252,0.067471
150,334.046356,191.806931,11.732819,25.787552,0.067471
150,329.734863,194.940369,14.451874,31.511078,0.067471
150,334.102478,197.073715,11.925262,27.406036,0.067471
150,329.702698,180.371078,22.156708,47.953873,0.036695
175,341.258636,189.237427,16.500122,36.302582,0.992843
175,339.318024,188.519058,15.577545,34.147873,0.992843
175,337.631409,191.859085,18.409515,37.992874,0.859185
175,340.829407,187.776291,13.445496,28.302567,0.473655
175,340.592255,185.102386,11.392212,26.596710,0.473655
175,346.869354,190.842316,13.914124,30.063507,0.227629
175,345.648773,194.177994,15.112885,32.700989,0.227629
175,349.964111,196.361542,12.449402,28.488419,0.227629
175,341.829193,186.001999,19.806458,42.369919,0.227629
175,340.207581,200.345612,11.235657,27.978455,0.216742
175,346.039124,179.781570,22.062714,48.065506,0.075149
175,257.973328,193.107361,10.719818,23.290573,0.039591
175,258.763428,199.286407,10.598602,23.445190,0.039591
175,255.916916,189.598282,13.558029,29.328232,0.039591
175,255.810135,194.456268,14.445755,30.998932,0.039591
175,345.034210,177.491806,17.246613,38.281952,0.039347
200,346.315826,186.077148,17.811829,38.775421,0.993685
200,349.829529,189.749420,16.681915,35.463989,0.993685
200,347.626068,180.956711,19.587616,42.630219,0.983568
200,351.501709,186.650726,14.100891,30.283936,0.896168
200,183.746887,189.505371,11.625443,25.301483,0.763986
200,342.643646,186.032440,18.641998,37.084915,0.467897
200,183.715179,194.832291,9.568069,22.178696,0.465460
200,181.065201,185.201920,16.717361,37.376175,0.465460
200,339.762360,181.217133,21.839722,46.001938,0.401779
200,345.842560,188.272308,13.432739,29.564713,0.377018
200,345.203796,194.162674,12.998840,28.963760,0.377018
200,352.630096,199.609589,11.333160,28.620102,0.235003
200,183.851517,183.654404,11.212738,23.918030,0.185621
200,182.044769,182.577179,13.556366,30.841934,0.185621
200,182.504166,181.539612,9.604126,22.265381,0.185621
225,353.538849,191.246353,16.121887,34.973602,0.993102
225,351.217255,186.234818,19.810486,42.615067,0.993102
225,178.008545,188.707428,14.193512,30.628967,0.940928
225,176.761597,187.474854,17.030380,37.431030,0.940928
225,354.126343,196.937195,11.874023,30.360565,0.778821
225,176.680237,179.691055,17.888947,39.156647,0.769065
225,355.387390,189.800552,13.157318,28.117371,0.634172
225,355.725372,186.684021,11.183899,27.160507,0.634172
225,179.754379,185.045258,10.878525,25.399231,0.504626
225,170.749435,190.902023,10.165070,22.284760,0.344141
225,169.238342,191.563370,9.397888,20.939819,0.344141
225,176.429367,194.127487,13.982437,32.118118,0.331650
225,345.208801,192.894867,11.950226,25.164505,0.259149
225,345.347046,189.592346,17.988678,36.702179,0.163046
225,360.316711,180.952179,21.079071,46.034653,0.086334
225,340.826599,183.473846,22.244385,46.907135,0.050713
250,362.170013,189.402740,19.306702,42.335312,0.995214
250,365.514343,188.935806,17.305847,37.756485,0.995214
250,176.048920,190.571762,14.977768,32.729996,0.994278
250,173.835846,185.979980,18.981445,40.892044,0.994278
250,361.547058,187.588943,24.179535,51.204514,0.993100
250,366.266388,186.073944,15.007629,33.529480,0.971056
250,175.890137,182.425583,17.806458,38.491730,0.969351
250,366.665466,194.885727,14.312592,35.620605,0.953371
250,169.363770,197.681061,11.461151,24.436646,0.945588
250,168.927078,198.644928,9.613770,21.235870,0.945588
250,355.820587,191.926132,22.989563,48.296616,0.844133
250,364.901062,179.057159,22.682281,51.123016,0.844133
250,178.496109,189.354401,13.084290,28.492126,0.833256
250,171.126999,192.422806,10.253738,23.067429,0.698030
250,169.542740,192.824646,9.566742,21.570160,0.698030
250,178.831375,200.098404,10.354370,26.460556,0.511185
250,368.206818,186.961472,12.698456,26.401337,0.319956
250,363.342407,190.774612,14.047150,31.263870,0.209244
250,360.257812,197.020233,13.480835,28.308807,0.209244
250,359.995880,190.272217,13.479279,27.974960,0.209244
250,359.456635,197.452896,17.066895,39.790924,0.076799
250,352.857056,182.070908,22.977814,49.727203,0.065793
250,170.028488,190.305405,16.685455,34.877350,0.059302
250,371.998749,179.262894,23.123444,52.482941,0.055653
250,358.191589,177.447815,22.107605,46.400070,0.035535
275,388.267456,179.724289,19.856476,43.247345,0.995196
275,385.985962,179.715729,18.322235,40.244476,0.995196
275,383.273132,174.366043,25.484680,56.446472,0.995196
275,186.120804,181.342331,15.125763,33.211304,0.989216
275,184.685699,176.820755,19.537811,43.873749,0.989216
275,188.465012,182.736572,16.076614,34.830460,0.988404
275,190.760239,177.684494,14.282120,31.699402,0.988404
275,391.762177,173.398041,21.688690,46.887421,0.986349
275,179.039719,173.646332,24.278015,53.110764,0.963960
275,184.308975,185.253418,16.272888,36.692444,0.766222
275,183.044632,182.986008,21.810745,45.549988,0.766222
275,183.826096,183.698502,14.654434,31.225723,0.741904
275,184.787415,177.700439,13.952988,30.054092,0.741904
275,188.162552,173.386169,20.401611,45.406769,0.699565
275,183.877304,188.488068,12.578140,29.283066,0.152322
275,373.855560,171.422577,25.961945,53.661316,0.113363
275,396.339050,190.797150,14.054535,32.031601,0.112495
275,394.594635,178.546356,15.277344,32.709763,0.054029
275,397.860596,179.084305,12.923706,28.495407,0.054029
300,430.597015,179.153351,21.017883,43.923721,0.993924
300,427.534821,173.150757,26.663452,57.775314,0.993896
300,215.440170,182.847672,15.890671,34.903229,0.982324
300,212.677734,183.173340,15.156982,32.990417,0.982324
300,211.500870,178.624893,20.478363,43.535294,0.982324
300,206.513626,175.927322,23.623062,51.754593,0.950728
300,437.590485,182.758942,19.217529,41.972641,0.893186
300,425.680542,178.291122,19.228027,43.194458,0.800402
300,214.961502,172.601440,19.141373,43.173111,0.673337
300,436.401855,173.060440,22.612946,49.985275,0.518247
300,422.632446,177.264633,24.363861,49.854416,0.431610
300,220.182770,184.338577,14.304367,30.812439,0.257092
300,220.431931,178.375198,13.774521,29.840317,0.243088
300,217.945480,188.624374,15.694717,34.387497,0.233476
300,222.127502,193.346222,12.890594,28.999893,0.233476
300,210.010345,189.404938,16.101807,37.507812,0.169505
300,431.200500,190.532120,17.554321,37.652313,0.060938
300,433.890320,196.900833,12.579987,30.900513,0.060938
325,459.087280,184.539322,20.813477,45.032318,0.994387
325,458.500092,186.605377,25.130615,55.428055,0.994387
325,461.525604,194.706818,18.406555,38.258881,0.992894
325,226.102173,183.652237,17.784958,38.377640,0.991257
325,461.686615,175.406021,25.549683,56.382446,0.927958
325,453.410736,182.257492,25.082977,53.505188,0.927958
325,462.832916,180.323090,17.568909,40.308273,0.847048
325,223.363800,186.164185,19.076706,40.543991,0.835076
325,217.765701,187.405228,12.500412,26.757507,0.630196
325,467.403564,185.152893,20.453003,44.811874,0.605356
325,450.719666,177.909103,24.651489,53.575638,0.577248
325,217.452515,187.639496,18.084457,40.097092,0.287144
325,222.142532,170.495483,21.658630,44.791611,0.115532
325,236.481400,189.488998,12.582382,27.110153,0.085586
325,233.185989,186.273071,14.633392,32.422302,0.085586
325,235.675507,193.933319,13.304153,29.085648,0.085586
325,239.850861,196.548523,10.876907,25.542374,0.085586
325,221.293686,182.873581,23.104141,48.836105,0.082864
325,225.384796,196.114349,14.731857,31.449463,0.063683
325,450.001678,163.924255,37.654327,79.025314,0.055433
325,239.096603,190.037170,11.662231,25.536041,0.049861
325,213.719574,175.493408,23.872360,50.648453,0.047509
325,466.160889,178.585205,26.569366,60.117813,0.039415
325,454.184174,168.805862,24.053436,53.284836,0.033316
350,484.640259,178.527985,30.421387,67.605057,0.990459
350,488.504883,191.741486,25.097961,52.701782,0.990459
350,484.593170,185.523392,23.758759,52.196457,0.990219
350,487.970367,171.153046,31.750580,69.638885,0.987998
350,231.221832,187.562103,18.829315,41.134201,0.986066
350,227.991928,186.992096,17.201294,37.347458,0.986066
350,234.939285,189.272308,16.337936,36.303375,0.985298
350,238.613586,189.279465,14.791290,32.131012,0.985298
350,479.376129,180.926590,27.266815,59.566498,0.955086
350,229.053055,192.561569,16.271957,37.836578,0.929874
350,234.184586,194.606781,19.479599,40.701767,0.923064
350,234.574936,182.329254,19.348633,41.403473,0.882323
350,228.841415,198.734711,12.990967,30.864777,0.292717
350,233.055832,185.383484,22.376160,48.274200,0.240166
350,490.386139,184.431061,29.774811,63.009933,0.227549
350,494.715027,184.753876,24.545105,52.768265,0.205725
350,239.259964,201.230713,12.139771,29.107086,0.191769
350,225.826797,186.387436,22.248764,48.635971,0.188958
350,229.074448,184.799500,12.563477,28.237701,0.167728
350,240.039658,185.935120,12.630035,26.739532,0.145707
350,486.751556,192.818405,19.531158,42.568893,0.112974
350,486.780273,186.949188,17.887238,38.651306,0.112974
350,497.792664,175.898682,25.274658,58.908157,0.044448
375,523.680786,180.549530,29.436829,61.546188,0.990384
375,234.344559,188.829330,20.447479,44.300858,0.989196
375,238.436813,188.896606,17.342117,37.491943,0.989196
375,231.337982,190.351776,19.226791,41.560135,0.985615
375,518.314941,179.685593,32.870972,71.401947,0.977769
375,238.252701,199.970795,16.484909,35.447083,0.977104
375,228.101715,188.519043,17.497253,36.674179,0.963987
375,228.924637,192.595993,18.505127,43.296722,0.934255
375,529.465454,177.057388,29.375549,68.230164,0.929725
375,512.834167,173.626709,32.727905,71.749268,0.668698
375,510.003754,184.604141,33.500214,73.043015,0.668685
375,516.420410,181.227493,26.806458,60.570023,0.287268
375,229.069839,198.396240,14.219681,33.895126,0.245883
375,226.942856,184.273056,21.963074,47.911026,0.239888
375,521.662476,170.490341,29.956787,64.133514,0.174119
375,240.956146,187.616837,12.783203,26.403763,0.170356
400,226.182831,184.097641,21.302734,46.012756,0.996149
400,566.107544,171.850906,35.153931,76.414169,0.991696
400,570.375244,176.388580,35.582397,79.403534,0.990309
400,224.789352,188.042679,18.308777,39.992630,0.990211
400,226.888885,184.042740,16.127640,34.783798,0.990211
400,239.398026,187.863571,16.939194,37.857544,0.988628
400,236.109665,184.526459,21.163467,45.878433,0.988628
400,239.518661,184.792038,15.263260,33.597870,0.965391
400,573.713379,181.779083,28.363342,64.821274,0.934997
400,558.793518,169.854843,40.007080,87.154800,0.892028
400,218.003220,197.375565,12.316360,26.314880,0.807453
400,561.145874,176.802551,32.403870,70.396362,0.785174
400,572.730225,185.552094,24.877686,53.842987,0.644288
400,226.426758,194.023087,13.952316,33.870544,0.637401
400,568.138550,170.248749,29.214294,64.189072,0.557151
400,232.711456,179.948044,22.257736,47.862701,0.556417
400,238.827682,194.175156,15.824631,35.012589,0.340893
400,218.105881,187.219589,19.878967,43.626587,0.181524
400,214.844299,182.700836,25.570358,54.274368,0.120999
400,567.302612,183.278305,32.561768,75.892166,0.064271
400,252.113617,189.730759,13.091919,27.471436,0.063009
400,248.567078,186.189514,15.071869,33.261703,0.063009
400,251.134216,194.989136,13.451447,28.441742,0.063009
400,255.067841,196.637726,10.983490,26.000137,0.063009
400,579.052795,163.354446,31.785278,72.626358,0.049704
425,630.447693,161.683167,47.759216,103.988190,0.996434
425,240.314728,184.939819,17.105316,37.259445,0.991307
425,241.425705,191.101379,14.676620,32.979675,0.991307
425,218.307663,181.614563,21.740402,47.427856,0.989592
425,221.003983,178.321411,19.219269,40.944763,0.989592
425,216.498383,184.577179,18.784302,41.022491,0.988462
425,626.155945,158.945892,44.333252,94.544693,0.986231
425,212.573639,177.480942,24.312851,53.550262,0.973497
425,640.958618,167.274826,39.253235,90.999527,0.929993
425,630.384399,175.933014,36.898071,83.179077,0.929993
425,239.236069,178.797791,20.853806,45.619370,0.881926
425,215.388794,170.313797,24.455048,53.803528,0.775989
425,206.941650,183.910568,23.083115,49.899033,0.479300
425,634.582825,164.951126,34.664246,82.709122,0.265475
425,621.312744,169.621414,45.294250,95.242111,0.218062
425,214.310104,183.193619,24.643356,54.602173,0.200848
425,214.275467,190.639526,18.492554,42.545700,0.200848
425,231.223999,176.905762,24.008911,51.984833,0.197361
425,625.773010,175.724030,34.628723,79.114792,0.163138
425,219.511749,171.456406,26.091446,59.491989,0.103232
425,251.613083,188.786118,12.618698,26.588226,0.101198
425,215.064529,170.099319,34.141022,72.505203,0.095804
425,220.308990,170.158783,18.932373,41.017242,0.088820
425,215.290314,178.656006,17.890411,39.858215,0.085465
425,213.890717,177.450577,15.948502,34.165466,0.085465
425,247.660934,185.198502,14.417801,32.118500,0.080542
425,251.049332,194.746857,12.807297,27.677826,0.080542
425,248.174576,189.434433,15.461685,34.695572,0.080542
425,254.893845,196.695496,10.840286,25.442596,0.080542
425,208.666733,160.183441,34.766693,73.292587,0.045313
450,195.175034,184.690918,23.008957,49.340042,0.993965
450,199.226257,175.879059,27.184219,58.209549,0.992275
450,196.764145,177.278976,20.431992,46.873169,0.979996
450,236.693771,187.841187,15.934296,35.227142,0.964711
450,238.525894,193.847412,14.469955,31.874283,0.964711
450,235.086273,186.939148,19.183899,42.506668,0.964711
450,226.397430,184.996399,18.475891,39.903549,0.945107
450,226.196487,191.633774,15.443939,35.151718,0.945107
450,200.932648,183.475174,21.329590,46.175232,0.918418
450,192.070755,174.102722,30.312820,63.219635,0.910865
450,225.572952,182.285339,15.951309,35.377396,0.852264
450,240.542160,185.756363,12.686203,26.460327,0.501164
450,237.359329,194.706451,18.147217,37.051132,0.412104
450,222.983719,178.175400,23.119156,48.796295,0.380399
450,416.648773,201.105362,10.764374,23.555954,0.243354
450,416.711243,194.977737,10.611023,23.512222,0.243354
450,414.094757,198.429871,13.421936,28.873001,0.243354
450,188.538864,172.660919,26.768494,62.461304,0.214952
450,197.495560,170.221481,32.826569,70.864655,0.090567
450,196.940292,195.213760,16.382828,37.144501,0.084019
450,204.747849,181.233032,17.178391,36.710510,0.073659
475,163.722885,177.258881,28.672928,62.597290,0.996390
475,161.559738,179.127350,25.304611,55.633972,0.996390
475,157.802353,173.873734,32.241394,71.415405,0.996390
475,222.044144,190.614182,17.396133,38.053894,0.986419
475,209.713913,187.694214,18.945847,41.022675,0.940318
475,208.798721,187.930161,16.461823,35.383652,0.940318
475,163.336914,188.181763,24.597076,56.678345,0.937580
475,223.751221,185.847900,14.655411,31.457733,0.881844
475,209.192810,192.911926,15.455383,37.136963,0.592060
475,207.078506,191.693787,21.430847,44.453903,0.528905
475,224.490616,199.529877,12.408081,29.777618,0.390012
475,226.057388,185.582916,11.780045,25.033493,0.272473
475,195.842621,187.710037,15.492493,32.119110,0.107092
475,192.904419,185.382782,17.772781,38.837646,0.107092
475,195.165680,193.889816,16.377930,34.338104,0.107092
475,195.924561,197.133102,12.905487,29.455704,0.107092
475,405.238495,200.974152,11.158356,24.611786,0.099519
475,210.706314,200.001221,11.881409,29.180756,0.098428
475,217.632843,185.126114,21.379379,46.015839,0.087763
475,210.391312,185.154007,12.892456,27.735413,0.084441
475,177.279938,174.863449,27.845062,62.023300,0.054769
475,182.804306,180.377243,29.286926,61.145935,0.033890
500,128.843323,161.664108,33.704285,71.457474,0.995148
500,132.969284,166.674759,35.261368,76.723572,0.995148
500,127.106865,175.148376,31.700096,69.628494,0.991857
500,415.930573,190.317383,11.529846,25.271759,0.892540
500,417.277039,195.614838,11.121552,24.734161,0.892540
500,414.483582,190.631256,14.207825,30.720413,0.892540
500,194.276062,176.974228,21.872772,45.458725,0.814765
500,191.728989,173.623901,26.795364,55.334015,0.814765
500,198.458481,181.706360,16.634827,36.341949,0.793945
500,196.177826,174.496689,18.684555,40.477066,0.793945
500,223.070114,180.516632,17.144562,37.361679,0.778882
500,220.302750,174.772934,22.004608,48.552094,0.778882
500,206.150284,180.469604,18.471634,39.534012,0.777196
500,203.415604,173.945984,23.193207,50.242111,0.777196
500,136.709442,172.897064,25.433685,52.874557,0.741540
500,196.449158,185.401108,15.289154,34.478149,0.621637
500,195.376541,177.817459,15.430298,33.860367,0.616485
500,208.440338,177.586624,16.233444,35.650040,0.557045
500,224.042343,187.338318,15.129623,34.064941,0.538914
500,414.787964,181.042587,14.999512,33.503265,0.321582
500,124.275459,151.513733,40.633858,89.944275,0.245727
500,132.298981,152.305130,34.553238,75.587784,0.164964
500,131.891434,172.363144,25.894043,52.379471,0.149720
500,128.638550,159.249527,26.341385,58.229904,0.144666
500,417.962158,185.445694,11.237274,23.712296,0.095382
500,139.340240,155.576843,31.052155,76.302322,0.080479
500,237.355438,184.820251,12.932785,26.947754,0.066240
500,133.750702,175.413620,30.754669,60.581207,0.059548
500,143.933319,172.594177,21.604019,50.058441,0.052516
500,239.541733,179.205597,11.556183,25.071381,0.046703
500,234.937988,178.025909,14.709885,31.253510,0.046703
500,220.739380,169.429657,22.158722,43.078476,0.042373
525,96.363243,149.564682,47.978600,101.917236,0.996241
525,92.460854,151.252533,41.142967,89.180984,0.995870
525,100.044746,161.427994,37.866371,78.895630,0.967189
525,195.740692,181.508316,16.461197,34.569199,0.936384
525,197.529190,181.160919,18.389725,39.399719,0.913875
525,191.614151,173.648819,25.865570,54.717407,0.913875
525,224.696030,179.958084,17.514023,38.001724,0.880587
525,221.636810,173.872635,22.156067,48.895981,0.880587
525,205.462097,180.017181,18.797348,39.977371,0.840979
525,202.716492,173.981094,23.072586,50.098938,0.840979
525,431.170166,187.360428,12.651825,27.362549,0.624170
525,431.311340,190.584351,13.816467,29.920212,0.624170
525,93.917664,163.418976,32.667870,63.355560,0.512631
525,428.081604,185.387665,18.095673,39.335770,0.455207
525,429.618713,178.295670,16.221497,36.526886,0.455207
525,239.368622,184.867050,14.008667,30.276810,0.436678
525,238.842102,178.668686,14.061798,29.625412,0.436678
525,242.131546,179.249969,11.403442,24.754379,0.436678
525,185.813126,186.760269,11.106506,24.427719,0.363325
525,434.189148,181.645554,10.790283,24.734131,0.288558
525,85.614105,145.196686,50.221466,105.907990,0.286761
525,236.185562,180.407364,17.036423,37.400742,0.255209
525,234.111832,172.199081,20.409821,42.724152,0.255209
525,236.640808,181.970963,19.334930,44.661270,0.255209
525,191.678314,171.048401,22.881668,45.179184,0.142434
525,224.117722,172.179214,15.919220,33.676376,0.115736
525,238.506699,188.725677,13.782791,30.524551,0.113422
525,104.394218,154.658661,32.722969,71.663605,0.112181
525,100.594635,166.363480,33.108337,59.433914,0.093423
525,106.215248,172.427521,24.540840,52.597641,0.093423
525,100.351410,175.147018,35.167023,75.073212,0.083802
525,206.719757,173.331650,16.503647,34.458435,0.071238
550,37.403217,138.016418,52.952557,117.080856,0.997243
550,50.055164,144.780869,49.568981,108.683456,0.996855
550,36.653053,149.447784,43.805122,99.934174,0.960696
550,194.204865,176.581741,22.683701,48.553207,0.935112
550,193.630234,179.346054,18.615936,39.369690,0.935112
550,446.931274,185.980118,13.394348,28.812347,0.934868
550,448.477203,191.646774,12.355438,27.764313,0.934868
550,445.157166,188.527115,17.832062,37.761139,0.895346
550,445.098053,177.630249,17.718353,38.359406,0.895346
550,225.016998,178.337692,19.719376,42.630417,0.864905
550,222.496323,172.338776,23.863647,52.605881,0.864905
550,238.491562,180.419739,17.286453,37.657379,0.808854
550,233.953690,174.162567,22.769974,50.208847,0.808854
550,449.764984,182.761002,11.181183,25.567139,0.802298
550,202.326981,177.617050,21.461304,46.128143,0.736040
550,206.025833,182.737839,16.465805,34.241013,0.736040
550,192.513138,185.057083,17.890167,41.360352,0.330379
550,255.561844,186.469757,12.428787,26.101227,0.227775
550,252.425949,183.159897,14.667557,32.681580,0.227775
550,256.477570,178.124115,12.342194,26.709320,0.227775
550,252.378616,176.828888,15.578140,33.000534,0.227775
550,48.527180,143.453491,41.109531,88.331512,0.198315
550,47.150166,158.189240,37.657833,84.794128,0.072893
550,253.309692,186.913345,17.059937,37.961884,0.066375
550,237.035370,171.627304,21.902222,43.150848,0.051911
550,446.751770,195.629471,14.193207,32.566055,0.045675
550,203.591019,181.622940,21.893921,49.996063,0.038118
550,204.086639,188.789703,17.072250,39.088715,0.038118
550,255.148300,190.959595,12.875778,28.149506,0.033185
550,258.211121,194.235825,10.679047,24.830444,0.033185
575,253.467758,179.100983,18.062210,39.346191,0.984142
575,250.463898,175.029861,21.739990,47.828262,0.984142
575,247.804062,169.400269,28.625320,61.146576,0.984142
575,196.981003,173.377060,19.856400,44.655807,0.960299
575,201.987976,172.325104,25.509537,55.292358,0.960076
575,197.654495,172.354675,24.173355,52.450439,0.960076
575,195.165405,176.275528,22.583908,50.744553,0.960076
575,239.695343,175.814224,20.481506,44.875946,0.954025
575,205.157898,176.483170,21.346481,45.705200,0.951580
575,398.790009,186.146423,12.814606,27.990540,0.871355
575,236.060837,180.184952,23.819839,49.234436,0.812433
575,195.335831,183.463837,18.295013,38.936325,0.767299
575,472.363159,184.791367,13.284302,28.585007,0.668668
575,470.322449,180.755310,17.316345,36.664093,0.668668
575,468.302704,176.370636,20.925201,43.949646,0.668668
575,468.317780,185.463547,18.896179,40.413452,0.668668
575,469.470367,186.941391,13.979797,30.172928,0.636906
575,469.313568,177.868423,12.747711,28.335464,0.636906
575,205.670456,184.845551,18.263565,42.871796,0.538297
575,399.824646,192.302689,11.930023,25.718185,0.424917
575,396.417480,186.999207,15.129944,32.823288,0.424917
575,194.108490,168.798706,18.922348,41.431305,0.412361
575,254.624954,173.158585,15.448349,32.550308,0.338114
575,205.374985,172.468002,17.681488,39.966751,0.287558
575,400.746429,181.044724,12.169739,26.104218,0.268746
575,397.236572,179.428665,15.346375,33.490692,0.268746
575,224.450699,180.622009,16.475967,35.100464,0.266515
575,221.079697,175.002991,20.671432,46.971970,0.266515
575,394.908112,181.697922,18.876434,40.969879,0.242418
575,193.442917,185.536545,18.777328,43.349792,0.227917
575,189.735703,177.896042,24.720505,52.999893,0.188900
575,240.485168,173.950409,15.259552,32.277359,0.151426
575,223.181915,185.694397,17.104797,35.860352,0.090709
575,225.214859,189.364700,13.400650,30.874298,0.090709
575,195.447800,169.316910,31.585693,67.783264,0.090698
575,472.422913,172.395203,18.702454,42.698257,0.069527
575,271.558868,185.285065,12.249207,26.206940,0.064948
575,268.313599,182.492035,14.042267,31.518143,0.064948
575,272.610199,178.022812,11.721497,25.255920,0.064948
575,268.681885,176.213913,14.662048,31.075912,0.064948
575,262.516663,178.159363,24.349579,50.445450,0.049201
575,261.716583,168.022247,23.267853,51.205338,0.049201
600,190.789810,178.394577,25.382172,54.066635,0.993641
600,255.021835,181.482681,20.064835,43.551270,0.986414
600,199.273727,182.066589,27.117325,59.308182,0.976645
600,203.447327,178.084808,25.298782,54.158585,0.968146
600,207.575577,181.429871,20.539551,44.234604,0.968146
600,207.298401,176.857773,18.750992,40.740234,0.968146
600,257.211304,179.909271,16.340424,36.167664,0.954503
600,241.490479,182.857071,19.060547,41.304169,0.953308
600,241.831436,185.367813,16.032059,33.745407,0.953308
600,240.084534,178.135025,23.407806,51.175400,0.953308
600,242.534897,179.942856,15.144211,32.474915,0.818924
600,205.520523,184.284454,19.466476,45.765747,0.712816
600,190.280609,167.584671,21.633804,49.207352,0.686138
600,220.729218,184.907623,16.842300,36.074051,0.498239
600,216.004440,179.687637,21.148056,47.698120,0.498239
600,283.301025,5.884671,26.379791,38.563267,0.459114
600,287.168762,11.049796,17.291718,38.718853,0.459114
600,263.954254,181.328796,19.844696,43.502869,0.411252
600,261.622406,172.131500,22.693665,47.524078,0.411252
600,185.349899,175.844833,22.409988,51.531143,0.393214
600,290.549652,14.434082,12.757416,29.862144,0.347660
600,287.154175,7.351349,15.615631,33.467625,0.347660
600,291.541992,21.235447,11.125977,20.990009,0.347660
600,256.078278,176.284805,21.160858,41.924454,0.256331
600,284.288696,6.208271,21.093292,29.315018,0.226367
600,287.599854,5.280607,16.805298,23.915503,0.226367
600,206.541016,171.483307,17.623749,40.111237,0.165302
600,267.836365,181.478287,16.294098,34.852814,0.153299
600,266.568542,188.366089,15.924805,34.026779,0.153299
600,491.573029,185.827805,15.129913,32.077072,0.144395
600,492.978363,190.842224,14.528290,31.369781,0.144395
600,270.814087,178.558624,13.659943,29.321533,0.140050
600,489.209595,174.792099,19.909576,43.171844,0.106942
600,221.335098,179.462296,15.621582,31.799393,0.096902
600,223.559921,178.191757,12.930450,28.129623,0.096902
600,201.909180,171.201935,31.992706,70.337769,0.073138
600,488.798950,184.849426,13.997131,30.468307,0.056133
600,487.284485,190.465744,14.460480,31.228317,0.056133
600,486.523224,195.415680,11.531189,25.767441,0.056133
600,486.607239,187.374664,13.436493,28.721130,0.055719
600,192.433914,186.263474,20.547028,46.654877,0.036862
600,194.786835,195.486954,16.075531,36.020081,0.036862
625,493.052094,189.501785,16.086212,34.598419,0.995393
625,250.172104,183.735641,20.203293,43.183487,0.993297
625,158.719925,173.922623,31.158157,65.781967,0.992652
625,166.104233,174.509674,27.989716,62.333420,0.992652
625,492.156128,180.344482,19.814087,42.337753,0.982909
625,251.302277,176.859665,20.299622,42.190826,0.982254
625,193.519485,178.254852,26.000137,55.628845,0.980098
625,193.989380,182.095764,21.516266,45.502884,0.980098
625,194.334702,177.535812,19.548218,41.263763,0.980098
625,237.304962,180.359695,22.466156,49.017258,0.974858
625,238.408157,182.706284,18.812790,40.247772,0.974858
625,488.633392,190.982758,11.838745,25.794250,0.974457
625,199.373230,180.740250,22.597427,48.929688,0.967457
625,161.562012,188.195419,23.084579,53.541489,0.928653
625,290.891388,184.774521,12.768463,28.136032,0.922362
625,247.876740,168.780396,23.277222,54.056061,0.888408
625,496.209412,186.621170,14.005554,29.825836,0.876276
625,199.434036,177.097122,18.396652,40.952774,0.844293
625,187.469040,177.400360,25.907364,57.862091,0.817929
625,292.494202,183.134872,11.302063,24.627991,0.801556
625,490.313782,181.485138,22.917542,51.185989,0.672777
625,201.836319,188.571976,18.411972,39.515930,0.615928
625,494.239990,193.495941,16.487335,34.037262,0.464536
625,497.248810,199.209930,11.881256,29.044159,0.464536
625,288.564972,181.505478,17.203156,36.776474,0.323310
625,486.914032,186.652176,18.090485,37.706009,0.277402
625,168.864975,178.143646,22.880447,45.026077,0.263543
625,155.839691,176.709763,25.370834,55.836884,0.252094
625,229.134247,185.912811,16.758774,35.777802,0.237167
625,228.211441,181.178009,21.094482,47.017426,0.237167
625,483.668823,181.606812,21.838440,46.304581,0.217383
625,205.235855,180.479523,14.692505,29.974411,0.143551
625,152.601837,166.551956,31.460724,68.580032,0.142750
625,148.922760,179.236679,30.514816,64.052994,0.098408
625,479.872223,175.316666,24.133728,54.388992,0.072208
625,160.419556,174.922287,23.784943,49.382446,0.068851
625,222.216904,175.785034,27.862076,53.763458,0.068051
625,159.065521,162.248367,24.157120,54.553345,0.050471
625,191.892181,172.164215,31.201797,69.122879,0.041828
625,275.096741,186.658112,11.775604,25.735748,0.035243
625,192.803116,191.709808,16.649399,39.039810,0.034265
625,194.560074,198.244049,13.994751,31.807159,0.034265
650,235.661377,180.562943,23.210785,50.359787,0.997206
650,238.099991,183.814194,19.211533,39.876572,0.997206
650,498.347809,187.165192,17.821442,38.881836,0.997152
650,175.586792,178.080505,25.401077,55.942886,0.993598
650,176.198715,178.351868,21.100037,45.138916,0.993598
650,498.891754,185.557129,15.228973,33.805389,0.990008
650,495.698242,187.394135,21.418152,46.674835,0.990008
650,126.493469,169.418472,32.226868,71.276825,0.987210
650,132.873169,157.517975,34.487701,77.462585,0.987210
650,181.889725,179.066238,22.714569,51.480728,0.986322
650,218.937546,178.620422,23.784790,50.883865,0.983640
650,221.234940,181.332703,19.658401,40.637329,0.983640
650,135.903259,176.268188,29.217361,66.879410,0.981483
650,232.391876,185.424133,23.549530,52.856186,0.975958
650,231.785049,170.145523,24.917313,56.652908,0.960868
650,121.987839,158.788620,36.073227,71.512833,0.954683
650,221.823914,188.307571,19.499512,43.864639,0.933991
650,498.653839,196.864044,12.940735,31.575226,0.833476
650,141.266113,180.734619,23.698761,47.502228,0.795088
650,146.062012,173.603897,31.036621,64.250214,0.786637
650,139.292221,188.059601,22.727203,51.798218,0.745138
650,239.004974,175.372467,15.655319,33.413864,0.666487
650,126.902702,176.601181,27.184319,54.754715,0.626196
650,210.115646,176.442535,25.944244,51.277084,0.623617
650,172.415070,167.090775,25.513290,59.618286,0.460136
650,503.886475,178.401093,22.522156,49.612549,0.407068
650,215.428909,183.123245,17.808365,38.621323,0.322205
650,180.622101,172.959457,21.451279,49.412231,0.309581
650,121.866432,180.082123,31.859734,68.536423,0.289695
650,120.713226,168.681320,29.269897,65.366608,0.187375
650,151.210327,176.203751,24.232895,53.881638,0.168150
650,156.618500,182.715134,18.567352,38.845398,0.168150
650,113.831917,174.628128,33.905266,70.939133,0.131076
650,124.500221,156.366333,27.860649,63.562332,0.121942
650,214.171356,190.228958,14.201019,33.787537,0.117796
650,137.711823,169.722427,30.563477,60.957962,0.115534
650,138.685898,162.723419,23.550705,55.589828,0.115230
650,184.369232,171.104858,23.157608,55.806534,0.104410
650,237.587311,190.452469,16.555817,37.529892,0.095183
650,484.730011,178.540970,24.512726,51.278229,0.082281
650,176.556259,189.702881,17.490326,41.060074,0.071778
650,178.402969,197.516388,14.490234,32.534515,0.071778
650,177.051346,171.583878,30.280899,66.989532,0.070078
650,272.661438,185.175583,11.863586,26.395905,0.067447
650,494.399567,172.182236,21.066681,44.172745,0.057312
650,183.882492,186.733490,17.892319,39.233917,0.052649
650,188.811462,192.355637,14.219223,33.332870,0.052649
650,127.623917,171.941422,22.904816,48.165512,0.043356
650,213.657364,184.096008,16.165802,34.012634,0.042974
650,500.892670,186.041611,25.375092,53.877075,0.034561
675,40.835022,152.215302,46.202454,100.648865,0.996672
675,190.289276,176.756454,27.238297,58.735031,0.992859
675,192.424271,177.596359,20.623825,46.379684,0.992859
675,85.790009,164.611420,38.214172,79.473801,0.992323
675,135.841537,175.488785,25.899628,57.395554,0.990876
675,150.269287,180.917770,18.614243,43.413223,0.990876
675,501.801849,185.003265,19.553680,41.937027,0.989739
675,499.680603,176.959274,20.936157,45.130692,0.989739
675,127.099190,169.035187,32.993279,68.272491,0.985780
675,138.163818,177.675156,28.746002,64.634140,0.985780
675,96.254013,168.519211,29.745842,67.305634,0.984490
675,507.097717,184.626160,17.393311,37.144409,0.983541
675,505.418854,188.707153,18.949615,41.578079,0.983541
675,208.220901,180.806152,22.335709,48.388428,0.977135
675,505.882141,179.646744,17.007996,37.606827,0.974433
675,200.168823,168.212967,28.433563,64.985291,0.964190
675,135.325104,160.981522,31.406189,71.815720,0.963631
675,125.406593,175.397171,27.055931,58.533905,0.954210
675,238.655701,187.666718,13.594162,30.031113,0.951667
675,240.633209,181.996033,12.500031,26.927902,0.951667
675,237.219772,181.809586,15.156204,32.579788,0.951667
675,205.126724,178.702545,27.555542,58.865952,0.934490
675,507.759979,180.297043,21.417633,46.368973,0.913969
675,234.215927,180.337143,19.168915,42.546249,0.901407
675,92.068130,164.380325,31.284821,61.580185,0.900339
675,94.483208,175.815887,25.307480,54.640594,0.900339
675,92.775101,181.559967,25.846916,61.858261,0.890860
675,129.898926,176.703766,33.859772,67.606552,0.865916
675,99.720222,164.849503,32.335381,73.585159,0.843180
675,220.405212,181.469910,20.206146,43.431503,0.807815
675,69.735428,165.643692,36.799614,79.483185,0.781602
675,49.478367,164.926971,40.182774,84.954422,0.749816
675,215.459579,181.023087,22.258362,48.936035,0.664794
675,142.502579,177.665070,22.515488,51.435730,0.583821
675,208.771622,180.646378,18.413162,39.953842,0.538475
675,146.181717,178.422714,23.278275,53.182449,0.537739
675,219.207642,186.683624,18.193954,41.171204,0.536140
675,133.078735,179.896042,19.666641,42.644272,0.442640
675,186.102325,178.272537,19.752258,45.784714,0.429197
675,503.155365,183.395096,16.311798,33.750961,0.410495
675,501.748718,180.747452,14.190491,30.874130,0.410495
700,19.321377,161.749374,36.450054,78.630280,0.994758
700,502.797638,181.616302,19.082550,41.819550,0.994552
700,500.383148,182.634613,17.326019,37.725021,0.994552
700,500.168213,174.424973,21.276428,46.080811,0.994552
700,494.909698,175.627884,24.931000,54.481552,0.994203
700,156.219772,171.708771,26.244110,57.837662,0.991349
700,171.077545,166.857101,24.858749,55.991547,0.989401
700,173.816681,179.299591,21.686630,43.094955,0.989401
700,78.798683,163.471771,34.863907,77.790787,0.989334
700,158.439758,175.800308,22.217651,47.017990,0.989052
700,157.960403,163.001816,27.380219,57.074127,0.988169
700,166.573273,169.516983,29.911972,63.662521,0.987796
700,84.997192,167.848999,34.012077,74.660522,0.987335
700,87.959068,175.169739,27.038643,58.658768,0.987335
700,86.960609,158.572159,30.068962,66.461884,0.985376
700,80.434814,165.271484,27.402061,62.135925,0.983500
700,9.895338,153.573822,44.306313,94.165604,0.982715
700,13.930107,168.952377,35.373268,77.047668,0.982715
700,14.626264,161.588470,31.035660,65.676437,0.979222
700,212.811813,178.264816,15.601685,34.158417,0.978835
700,217.545151,178.238541,18.439362,40.039352,0.975496
700,209.841705,174.948212,22.903656,48.001785,0.974852
700,212.033783,173.553818,18.701385,41.431854,0.974852
700,211.257431,184.277802,17.089783,38.587646,0.974852
700,221.298477,178.358017,14.848740,32.878510,0.972617
700,157.735947,165.290665,31.031525,68.804565,0.956475
700,171.640823,182.103989,22.312225,51.324203,0.921998
700,222.278946,188.504608,14.780014,32.336777,0.906292
700,506.900513,172.682861,23.526245,50.302780,0.889012
700,20.013033,156.277954,42.643608,94.116913,0.857356
700,499.002594,186.581009,17.620331,41.892380,0.612869
700,25.502556,165.562729,29.213299,64.428558,0.578968
700,151.705704,172.693726,23.465790,51.982834,0.528501
700,507.104523,181.021729,16.715363,35.854935,0.455738
700,26.077585,158.540466,34.909851,77.829880,0.361725
700,84.633347,155.770432,25.949875,66.009995,0.274816
700,31.204901,167.905121,26.885298,61.467499,0.244711
700,8.815598,146.018921,36.216797,80.697296,0.236987
725,497.427704,178.202240,21.557587,47.068863,0.996711
725,193.331848,177.543716,18.169510,38.834702,0.995810
725,12.692555,157.858505,35.614418,78.438828,0.993589
725,112.925171,164.814178,30.845108,67.395645,0.988307
725,118.872963,162.370300,32.824135,71.382904,0.988307
725,502.091492,177.794952,22.842590,50.306015,0.986316
725,7.350589,163.217377,38.062717,83.244431,0.982655
725,20.687155,174.418701,28.046080,60.789307,0.982655
725,19.671185,170.304794,32.992485,75.875214,0.982655
725,130.470795,167.794556,29.560913,64.315033,0.978450
725,190.470352,179.617844,21.213806,46.181808,0.968140
725,105.432114,165.115036,36.462799,77.863632,0.965471
725,122.381348,165.082275,25.950790,57.340500,0.956630
725,136.247467,172.459793,23.680679,47.600815,0.932512
725,193.848709,171.873413,16.504242,36.015671,0.930660
725,110.540703,157.555893,29.253487,65.221832,0.851559
725,121.465019,170.016922,32.209602,73.211975,0.783788
725,493.930023,169.763550,24.455719,52.021896,0.779903
725,126.622688,175.932541,20.606514,43.304443,0.751885
725,134.325775,160.918335,24.733810,53.987381,0.747370
725,19.702076,155.841949,26.031910,64.292007,0.521809
725,200.810165,174.798630,24.605698,51.898132,0.471524
725,204.893906,180.453049,14.525070,31.538452,0.469367
725,206.388351,176.241821,13.262131,29.093933,0.469367
725,505.527313,183.893417,16.463654,34.542313,0.358495
725,500.938477,169.915390,21.819458,48.742065,0.358495
725,112.245956,179.272919,24.361099,55.892731,0.352559
725,16.905106,170.269073,25.684471,55.614578,0.343187
725,18.355906,145.750854,36.338974,84.164047,0.331136
725,6.622602,156.040344,31.366537,71.990540,0.329114
725,135.726929,181.122803,22.210571,51.582291,0.290542
725,105.302643,167.022125,28.836395,63.778778,0.257206
725,12.935266,154.465744,29.212849,65.443039,0.250438
725,190.973862,188.549591,16.998886,39.038513,0.228099
725,176.676270,176.041229,25.870621,51.297791,0.151717
725,189.694382,169.523605,21.389175,47.109207,0.142645
725,11.611619,146.810349,38.371422,121.716049,0.139685
725,100.425690,155.028366,29.773102,69.147949,0.128837
725,194.901367,174.125534,13.160019,27.217499,0.122188
725,196.071976,171.544724,10.710861,23.591629,0.122188
725,5.324257,158.157089,28.230007,87.772202,0.112822
725,24.270681,176.010391,22.982557,47.099274,0.111370
725,504.420074,166.413330,24.727997,55.140060,0.091849
725,201.263718,174.024628,18.253845,40.295929,0.075188
750,498.344543,180.877014,19.677734,42.656891,0.994210
750,502.911682,176.274078,25.336975,54.735870,0.993436
750,61.141266,156.968719,34.894508,76.219101,0.990902
750,65.632797,155.207245,37.129112,80.890747,0.990902
750,58.158745,164.217743,32.822525,72.349350,0.983460
750,169.192276,177.876602,17.510483,38.043121,0.983283
750,172.702240,177.310120,14.646851,32.375839,0.983283
750,85.394630,159.371689,33.893723,74.553925,0.983001
750,56.256721,150.019119,43.989334,92.416489,0.980772
750,164.592407,179.864487,15.748535,34.193817,0.963387
750,165.092621,172.724747,20.991623,44.370575,0.932083
750,161.546997,169.880554,26.114304,56.216187,0.932083
750,164.394547,180.528030,18.183167,41.852097,0.932083
750,71.533493,166.174744,34.903641,79.362015,0.919117
750,497.444794,177.885254,24.849701,55.030014,0.914369
750,506.221558,182.985809,17.520813,37.613007,0.848773
750,500.756317,168.711884,24.093109,54.367294,0.848773
750,88.891228,167.658203,27.245247,55.228256,0.833575
750,171.179184,178.854813,22.329102,46.618713,0.727493
750,172.760895,184.700516,14.011337,32.222580,0.664476
750,172.845474,169.484238,15.716736,35.185730,0.607842
750,495.613861,169.214767,24.679352,51.893814,0.597642
750,61.231461,155.261429,28.148643,62.486282,0.530781
750,62.098095,167.013138,28.741695,56.402100,0.530781
750,70.890457,169.649490,27.952484,64.288635,0.472379
750,501.696442,183.620590,21.871307,46.822601,0.399924
750,507.297546,190.405807,16.751831,36.760895,0.399924
750,164.037262,170.394501,16.119034,33.763885,0.317687
750,52.034443,149.158142,36.937244,82.377548,0.286323
750,505.643890,167.094009,24.835602,55.948135,0.239240
750,92.046669,157.906586,31.019180,73.361496,0.216076
750,68.566803,154.180420,29.724846,65.793579,0.141491
750,86.516342,171.755417,29.440140,67.595947,0.141218
750,504.093262,192.539841,18.757690,42.372803,0.140764
750,78.101738,176.021591,19.884148,45.387390,0.119478
750,507.499847,175.665222,17.502350,36.979431,0.088622
750,95.305367,167.937027,24.324760,56.430099,0.057407
750,211.276657,183.760208,10.640091,23.944183,0.051325
750,211.157867,176.905991,11.373856,24.545975,0.051325
750,209.151840,179.102219,13.331619,30.465363,0.051325
775,23.849314,151.954498,41.636009,88.809280,0.995804
775,513.551819,173.078873,20.780457,46.399292,0.995391
775,32.790207,153.950974,40.867378,89.122314,0.994289
775,165.009659,177.341980,20.433929,44.496796,0.991659
775,511.981232,178.172577,23.917572,52.604462,0.991096
775,42.391224,154.002731,43.167988,91.784500,0.988409
775,163.928177,183.335846,18.263718,39.451050,0.974225
775,519.378784,177.439987,21.636414,47.504440,0.956607
775,49.025837,146.413727,42.225246,91.376068,0.936106
775,160.804153,171.716537,22.709381,49.239975,0.928199
775,169.849167,176.896103,19.491425,41.850555,0.924185
775,164.955322,171.722809,24.690521,53.905807,0.924185
775,191.328918,181.696808,13.518539,29.945236,0.873415
775,192.873337,177.188187,11.981979,26.121689,0.873415
775,189.877136,175.595154,15.087296,32.847366,0.873415
775,12.848760,159.240616,42.924519,91.868057,0.771778
775,18.140793,152.178177,34.117599,77.336548,0.709423
775,161.944046,185.574371,18.609695,42.678894,0.606919
775,51.419048,152.893570,34.616756,75.515503,0.581230
775,172.190720,175.706985,23.184723,48.043762,0.459718
775,55.107819,164.352127,28.350563,55.625275,0.414922
775,519.008301,181.440933,25.947021,57.727753,0.371476
775,26.120941,166.083542,32.753544,61.217194,0.298073
775,30.465092,172.127258,24.396069,54.035889,0.298073
775,188.628830,181.491745,18.580170,40.990097,0.245794
775,40.028259,166.890518,29.014603,68.870407,0.240071
775,54.269463,162.341629,34.054222,76.137329,0.174055
775,227.480911,175.511398,11.287918,24.388153,0.161094
775,227.628860,181.925461,11.429291,24.633209,0.161094
775,224.848282,173.215698,13.762131,29.752777,0.161094
775,224.945724,178.469543,14.179291,31.842270,0.161094
775,191.550339,165.742828,17.620468,37.927917,0.155117
775,519.768616,163.763290,26.353638,59.440125,0.117694
775,179.591446,174.604721,26.331802,54.033798,0.099846
775,513.131287,189.824905,19.866394,43.433090,0.086253
775,515.189514,198.033005,14.937256,34.153595,0.086253
775,38.349636,152.525955,32.072941,71.615799,0.086164
775,509.218018,167.365372,25.668945,56.726761,0.083167
775,22.757803,168.669968,37.081871,80.320023,0.067016
775,160.579865,178.301300,23.865967,52.237000,0.065904
775,510.817810,167.139420,34.143860,74.321350,0.054132
775,40.720943,141.516464,56.447643,115.871231,0.051891
775,170.374146,190.084183,17.932388,40.009064,0.046101
775,44.261501,161.388412,27.437771,54.614685,0.043677
775,45.375679,168.397278,22.120468,42.131546,0.043677
775,42.956951,170.163010,27.016811,51.754715,0.041517
775,47.727299,176.062912,20.183102,46.891388,0.041517
800,86.402824,151.662674,46.960854,103.064728,0.996777
800,628.102783,180.149185,24.375610,53.054123,0.996055
800,625.100342,171.876755,25.438171,55.702698,0.996055
800,258.713043,183.028061,23.219452,50.436905,0.995933
800,258.128418,185.590500,18.690826,39.488831,0.995933
800,112.650536,151.774307,47.294991,101.900726,0.995822
800,630.553528,176.394547,28.936646,61.096527,0.994441
800,622.829102,179.771622,28.085999,60.814301,0.989986
800,628.314270,182.001236,28.100220,63.548172,0.987365
800,626.612488,169.350433,28.998779,65.450333,0.979286
800,288.938934,187.465195,13.305237,29.323761,0.965022
800,290.133972,180.923401,12.810394,27.738754,0.965022
800,287.518585,179.503601,15.493439,33.836685,0.965022
800,93.820847,155.961395,48.874252,100.239502,0.962808
800,80.948364,166.515686,41.211143,88.143906,0.935268
800,254.161743,177.581207,24.260742,51.632614,0.931773
800,287.244080,186.318924,17.598877,38.751373,0.914718
800,258.442017,179.263214,16.778412,37.515121,0.905437
800,632.665527,184.673477,22.249329,47.583130,0.856164
800,122.904701,168.601974,36.381721,86.030991,0.855088
800,105.595490,144.135468,59.229218,120.604675,0.735552
800,628.618347,177.073730,18.233337,39.744171,0.450519
800,634.249512,176.645203,19.403442,42.005936,0.430722
800,85.998863,146.582504,39.649849,88.458313,0.381101
800,256.647461,192.509842,19.750824,42.683029,0.368491
800,258.981506,198.996643,14.699951,34.482986,0.368491
800,264.644684,181.328064,26.203339,53.860092,0.339679
800,75.933159,142.325439,51.262711,113.038040,0.303327
800,117.445107,147.337769,36.968025,80.505783,0.260732
800,267.007233,183.485901,17.263977,37.646515,0.201354
800,264.190063,179.167068,21.567932,47.389099,0.201354
800,265.859741,171.018845,20.251892,47.577927,0.201354
800,79.699196,152.112457,36.469963,83.091354,0.200528
800,117.995110,160.971436,36.220055,83.752594,0.078988
800,121.076454,173.705872,31.181862,54.590271,0.078988
800,125.517082,177.236313,22.840614,52.096649,0.078988
800,119.299675,174.288971,31.225288,79.249100,0.072515
800,131.280243,142.835434,34.589828,78.611603,0.068722
800,270.356476,185.124908,14.799255,32.480011,0.063207
800,268.246521,190.883240,16.517609,35.323425,0.062680
800,126.680305,159.210083,31.679604,72.716141,0.057880
800,101.132874,173.189957,30.225586,71.954086,0.057353
800,124.069069,167.897171,24.972542,49.578934,0.055579
825,178.358078,144.419830,54.676788,119.453033,0.995387
825,341.712524,178.998459,24.673676,53.920013,0.994010
825,337.322174,174.544373,30.034821,65.492813,0.994010
825,345.200195,185.253937,25.498932,57.919067,0.994010
825,141.433105,139.424744,57.739380,125.543182,0.993791
825,151.657593,144.460938,56.124863,125.671143,0.991068
825,334.893219,180.497330,26.118927,55.646271,0.968756
825,164.772781,140.996826,64.944839,136.296722,0.966859
825,181.361557,164.156662,45.490082,103.509689,0.878823
825,137.405411,156.753159,43.714661,100.163742,0.697974
825,149.075928,154.412613,43.038071,96.960800,0.600061
825,346.572662,179.647934,19.522888,40.724548,0.392264
825,387.869843,186.003845,13.248718,28.831223,0.368026
825,342.767639,168.908279,28.501251,62.913742,0.314242
825,333.987457,168.081696,26.655212,54.714355,0.208867
825,184.567520,157.254974,40.238007,92.950882,0.206111
825,170.023315,131.009262,74.566360,157.105118,0.147202
825,156.892166,140.777832,48.595108,104.784210,0.140672
825,189.295654,141.283127,44.533981,98.043640,0.126906
825,188.730377,167.669830,44.455963,103.928436,0.121246
825,134.654861,158.699539,56.494858,115.637802,0.115535
825,347.598083,195.211670,19.122253,40.918289,0.091649
825,340.600739,177.454803,21.207550,47.770950,0.074901
825,341.338867,178.613220,17.610413,38.165253,0.074901
825,387.455780,180.256882,13.396210,29.831284,0.058030
825,388.285706,179.977448,10.541107,23.223938,0.058030
825,387.793823,189.767303,14.047882,31.195572,0.057994
825,387.176758,183.693054,16.237122,34.445908,0.048302
825,384.571442,181.002075,19.600037,41.612991,0.048302
825,385.056641,173.961884,17.777130,38.677673,0.048302
850,133.247177,128.331284,79.813065,164.111252,0.995359
850,140.465958,135.347717,63.594864,139.851990,0.994812
850,88.599831,121.840141,79.240242,168.749969,0.993918
850,82.571503,128.996704,70.724762,151.467316,0.993520
850,121.717590,122.619377,77.548386,161.370331,0.993377
850,343.369904,176.523071,29.769165,65.022736,0.991351
850,340.239685,174.983780,27.199524,59.183884,0.991351
850,339.042664,184.687363,24.757416,54.854645,0.991351
850,343.802612,188.463303,26.864777,58.229599,0.986571
850,344.733459,172.761887,25.591980,55.022858,0.984240
850,336.426666,181.388962,30.836456,66.128357,0.982082
850,401.384979,185.150330,12.915680,27.977310,0.959115
850,401.972412,180.019562,12.979370,28.124207,0.959115
850,447.249359,183.058548,12.645477,27.258987,0.799285
850,352.350922,184.556061,25.131775,54.806274,0.780940
850,448.904663,180.858780,11.745331,25.509583,0.748212
850,91.610878,128.849564,57.132545,128.883316,0.668087
850,399.939972,185.473541,16.415131,35.818069,0.583681
850,143.309448,145.641495,51.603241,116.185532,0.416738
850,348.472778,181.498260,30.275848,66.031036,0.398330
850,94.222939,155.370834,56.878304,122.788101,0.354394
850,444.686981,176.654984,17.462891,37.853836,0.221022
850,445.861389,186.508377,16.348053,36.579529,0.221022
850,276.969818,183.852188,12.692474,27.513809,0.164345
850,101.531090,199.714493,42.079735,88.309219,0.134233
850,347.505463,197.917236,20.814575,47.891663,0.131759
850,275.418793,185.241180,14.875244,31.671783,0.120251
850,273.676971,176.249100,18.399567,38.961609,0.120251
850,128.279205,109.719261,94.119553,200.320618,0.107862
850,135.900192,156.369614,52.335678,115.602890,0.086294
850,448.392578,187.014328,12.867737,28.057037,0.080016
850,450.499023,191.415710,10.055511,24.024597,0.080016
875,1.000000,86.239998,68.075172,217.501831,0.996478
875,292.527405,164.052490,33.795624,72.932816,0.996034
875,286.950562,163.698517,33.834961,76.246704,0.993455
875,414.910370,176.063187,12.650818,27.446167,0.955634
875,416.496002,180.225388,12.128296,26.648071,0.955634
875,412.003387,170.277939,17.259003,37.349075,0.955634
875,368.907715,174.911362,11.467163,24.990173,0.896935
875,369.777435,179.581543,11.295013,25.067749,0.896935
875,366.451752,174.540421,14.732666,30.911972,0.896935
875,365.643707,172.222107,17.560272,39.243866,0.896935
875,297.622986,174.005585,24.546234,51.944031,0.872587
875,294.389404,154.765717,28.712128,67.907913,0.640871
875,413.989227,164.234222,15.772339,35.519608,0.606345
875,299.509399,169.280457,29.500610,65.905502,0.446889
875,367.448944,164.017578,14.764282,33.511032,0.330044
875,226.217529,174.447617,12.086975,25.917206,0.329524
875,224.384186,170.793625,15.062180,32.190140,0.329524
875,224.723099,176.518723,16.441711,35.675888,0.329524
875,226.750031,180.657669,12.949448,29.129471,0.329524
875,301.895630,155.675873,31.242828,72.188416,0.230874
875,408.492493,175.500504,11.373047,24.916687,0.222069
875,408.291870,181.173889,10.802582,24.294571,0.222069
875,408.274841,173.035751,13.822479,29.957611,0.222069
875,407.449280,177.281540,14.488007,31.325195,0.222069
875,358.473724,176.382736,11.232117,24.076324,0.199901
875,1.000000,128.369934,63.434441,161.874420,0.176171
875,370.794861,169.362106,10.576996,22.366440,0.097542
875,366.755188,169.539215,13.574341,29.042389,0.097542
875,414.437714,181.071777,14.377594,32.345016,0.091715
875,222.124023,170.319443,20.829498,45.708496,0.089612
875,228.208542,170.601746,11.143250,23.666977,0.089317
875,417.660583,169.203766,11.584900,25.001648,0.088368
875,292.657074,176.491745,22.774231,48.244553,0.084525
875,356.954102,172.333328,14.015839,29.315643,0.079557
875,354.840607,175.995331,15.128723,32.111450,0.079557
875,354.230347,171.704285,19.497833,42.037979,0.079557
875,406.315613,169.710480,18.560150,39.503159,0.038289
875,287.451385,156.541946,45.922333,96.206375,0.033661
900,217.253220,160.462738,42.802505,92.682907,0.996690
900,369.119537,182.567108,13.773041,29.817200,0.978642
900,368.977051,175.847305,15.057526,32.492035,0.978642
900,365.930359,170.218201,20.200500,44.064728,0.978642
900,224.903381,174.692291,35.450562,74.228775,0.960917
900,213.862152,175.020706,38.742508,85.739609,0.842993
900,212.079208,153.346451,42.190231,92.765884,0.462222
900,220.521423,164.018448,31.367615,71.940994,0.364867
900,370.399597,187.442368,12.359070,29.313736,0.311697
900,211.501038,175.313049,31.075241,70.046524,0.157147
900,367.269440,179.124908,17.786682,39.263199,0.088811
900,228.067688,162.935654,33.296448,73.021042,0.070938
900,209.790054,168.916794,37.959839,85.005219,0.039961
900,229.281921,174.756195,27.486328,54.719742,0.034020
925,130.110092,153.643066,54.579254,118.351715,0.997709
925,227.199356,175.756790,11.869217,25.813080,0.982945
925,227.174805,179.780869,13.110367,28.290024,0.982945
925,225.338226,172.866333,14.899887,31.646545,0.982945
925,224.635315,177.410004,15.960602,34.281372,0.982945
925,335.116516,186.498825,14.084747,30.566452,0.957612
925,335.683411,179.297775,14.238831,30.996017,0.957612
925,332.337250,176.456192,19.605438,43.037994,0.943923
925,333.814392,185.664001,17.794739,39.307465,0.943923
925,216.860825,176.759476,10.174240,22.547379,0.830564
925,225.183228,165.018478,15.353165,34.982361,0.764549
925,138.991974,161.429840,39.886307,94.338287,0.743819
925,125.114449,168.669617,47.563271,104.646393,0.678215
925,119.027557,143.033157,60.381180,129.115891,0.649272
925,139.517075,171.899063,43.874039,102.127914,0.643784
925,310.882599,184.057556,13.998810,30.786331,0.558858
925,309.935211,179.036835,11.583710,26.167969,0.317832
925,307.818359,174.803513,19.353546,43.126312,0.317832
925,125.825706,132.678406,70.975151,147.537781,0.272360
925,227.663452,169.786728,11.704300,23.363083,0.237455
925,229.106613,167.616425,8.581955,20.820663,0.237455
925,308.284454,187.013397,16.971558,38.387787,0.191435
925,321.393402,185.052109,13.042084,28.543640,0.143379
925,145.715088,164.169708,42.981171,98.331909,0.128736
925,309.801636,192.007690,11.751160,25.829178,0.118711
925,323.318756,179.183594,12.692596,27.943893,0.083177
925,124.140465,154.201447,42.193611,95.347443,0.076013
925,226.063263,187.303787,14.032227,30.286728,0.070142
925,227.794113,191.353928,10.518280,24.957062,0.070142
925,223.951874,180.490723,18.442169,38.863663,0.069597
925,319.316223,181.180740,16.906372,36.353821,0.068389
925,317.098541,175.504898,20.535126,44.841553,0.068389
925,318.990784,186.567627,18.300781,40.691147,0.068389
925,122.640533,169.744278,40.239380,91.266495,0.059455
925,133.513947,144.946854,41.660004,92.731918,0.051319
925,127.750633,177.794662,22.008141,45.610916,0.036338
925,124.714256,173.897400,27.158409,62.042679,0.036338
950,91.184662,179.909576,14.328697,31.367096,0.991243
950,94.095459,176.731476,13.650726,29.580872,0.991243
950,88.543495,174.270157,17.875641,39.139450,0.991243
950,91.135841,177.257339,17.834869,40.435944,0.929809
950,295.167358,182.890594,13.764221,29.800095,0.889593
950,295.842926,177.870071,14.489685,32.044876,0.889593
950,293.948059,177.261856,12.863068,28.347534,0.889593
950,87.783356,176.043457,13.185341,28.192810,0.883476
950,304.313782,181.675461,14.561096,31.618790,0.883276
950,305.069489,177.318069,13.896210,29.769196,0.883276
950,91.098335,165.851135,17.568550,38.172638,0.702110
950,672.186951,171.204758,19.025757,41.411514,0.701418
950,672.884094,179.518677,17.239319,37.636856,0.701418
950,197.958679,172.886856,13.241165,28.815109,0.586005
950,197.944962,179.118286,13.436707,29.202194,0.586005
950,197.227036,183.287231,11.535202,24.771011,0.586005
950,302.898407,177.538620,20.863342,46.285385,0.572756
950,95.524849,186.108017,11.484329,27.727127,0.433170
950,292.672455,173.620117,19.006012,39.571732,0.396932
950,292.919952,184.555359,14.479858,32.795731,0.396932
950,291.744751,181.802963,18.050751,39.428253,0.396932
950,86.826820,184.429214,14.425415,33.303467,0.267448
950,86.318169,181.248764,18.493668,40.176376,0.267448
950,196.156631,174.646179,16.896164,34.655548,0.201035
950,194.074280,163.135178,17.401947,38.043884,0.201035
950,92.333427,172.837585,19.262833,41.453247,0.182745
950,84.454781,172.559082,19.684067,42.935699,0.182745
950,670.940796,175.320404,21.055786,45.075790,0.175174
950,453.440521,72.743553,11.304932,24.473839,0.152046
950,455.073761,71.426239,9.906982,20.651505,0.152046
950,450.452148,69.767776,13.723083,31.241104,0.152046
950,84.917427,163.492508,19.481079,41.448563,0.136962
950,679.470886,176.762985,21.658142,48.088181,0.130700
950,303.518341,174.220032,18.155670,39.244736,0.103423
950,301.429474,167.435654,22.970642,50.769638,0.103423
950,306.277832,188.382248,12.166687,28.430176,0.098716
950,194.360672,167.760086,20.244965,43.322067,0.084629
950,316.900116,182.792862,13.376526,29.675262,0.070969
950,317.297516,175.584869,13.255768,28.962463,0.070969
950,313.921753,179.811615,16.486603,35.167999,0.070969
950,313.589630,172.370819,16.567657,35.506042,0.070969
950,293.519226,186.972549,11.609924,27.881836,0.067890
950,196.584351,166.886810,12.959564,26.612320,0.067631
950,197.095535,165.155869,9.824585,23.078049,0.067631
950,679.772644,174.903671,18.793457,41.286392,0.066515
950,682.551758,181.037994,17.583008,36.896255,0.060521
950,682.580444,172.130142,16.990479,35.569672,0.060521
950,686.214783,183.578094,14.319641,31.100357,0.060521
950,686.308167,173.514801,13.941040,30.014374,0.060521
950,484.014679,77.610786,9.486420,20.661896,0.057164
950,481.845184,75.387611,11.947693,26.332848,0.057164
975,54.524040,174.252472,16.484360,36.093994,0.993509
975,51.855339,172.988525,15.853363,34.633377,0.993509
975,51.248547,169.734207,20.536419,43.303131,0.993509
975,658.154724,170.885574,20.516785,44.882019,0.962883
975,656.692322,170.519455,25.196533,54.587555,0.961901
975,52.199272,178.777145,14.526825,33.388336,0.940847
975,53.364819,169.472153,14.457607,32.446198,0.918376
975,440.789001,63.310917,9.606995,20.397350,0.827990
975,660.904541,169.150696,22.667969,49.588470,0.790983
975,665.536316,175.075531,18.730652,40.158554,0.790983
975,662.631653,176.927322,22.578552,50.684235,0.790983
975,58.203838,176.044632,13.427753,28.596069,0.744483
975,61.481834,175.749969,12.136368,26.377151,0.744483
975,61.483711,181.420685,12.340096,27.537231,0.744483
975,52.520821,184.083847,11.707870,28.319611,0.572657
975,664.093933,164.629715,25.448303,53.250992,0.487962
975,450.895508,65.013756,8.458923,19.733856,0.411484
975,447.563110,66.083527,10.208954,21.255119,0.411484
975,272.423035,180.489639,15.496002,33.895966,0.408656
975,273.907104,176.520752,13.692017,30.275543,0.408656
975,441.771851,64.444931,10.652008,23.466553,0.367900
975,57.661076,167.351715,20.255672,45.209396,0.306864
975,466.945038,64.005737,10.284637,23.449303,0.224176
975,52.608978,169.094742,12.031120,27.107834,0.218487
975,659.305969,167.074463,15.902161,33.298401,0.157899
975,658.974609,181.055298,17.116211,39.858505,0.148234
975,56.003098,162.680145,16.691498,38.402069,0.145073
975,56.834373,183.163391,15.291550,33.160385,0.137173
975,56.793133,176.720047,18.686749,44.602615,0.137173
975,271.586151,181.387924,19.174591,41.685501,0.109183
975,445.890289,63.051376,10.894043,23.953835,0.052468
975,285.282715,182.385345,14.195160,31.237091,0.049407
975,285.983215,175.164383,13.912750,30.106354,0.049407
975,282.712341,172.624969,17.114319,36.904800,0.049407
1000,12.906878,165.125854,16.975212,36.949265,0.992928
1000,9.801682,159.294205,22.983932,49.561279,0.992928
1000,14.987768,169.828354,16.531952,35.493515,0.976779
1000,649.331543,161.046310,30.071960,65.870331,0.968601
1000,642.633545,163.054489,30.500488,64.816299,0.968601
1000,642.665710,162.359940,24.048950,52.883713,0.968601
1000,639.378052,153.306671,31.103149,67.688156,0.928715
1000,650.970154,167.087799,23.144470,48.126816,0.898091
1000,647.635132,153.512558,27.822937,58.497910,0.898091
1000,241.392181,166.754669,16.751099,36.539871,0.720068
1000,240.229828,163.522034,20.284821,44.087936,0.720068
1000,655.201416,165.404129,28.593689,63.628845,0.719420
1000,251.513672,166.980942,17.377502,38.191284,0.593282
1000,248.412552,163.661346,22.331619,48.022888,0.593282
1000,242.798264,161.659790,13.844406,30.484909,0.489862
1000,12.954882,175.017365,17.383312,40.239380,0.457318
1000,653.509399,148.281433,30.616211,68.813766,0.422448
1000,4.298190,164.776520,16.610342,37.616425,0.327012
1000,4.959879,155.010406,20.143362,56.204269,0.327012
1000,640.160217,150.744736,37.040649,80.012833,0.325494
1000,229.921310,162.372681,15.351852,34.019562,0.289744
1000,229.234528,161.969482,12.991028,29.026855,0.289744
1000,20.916067,161.849457,18.962297,41.068817,0.261224
1000,231.048782,169.319016,14.453293,31.113480,0.251580
1000,229.434921,165.348068,17.960480,38.565903,0.251580
1000,228.332947,155.842865,18.785980,41.734985,0.251580
1000,226.891327,166.262833,21.746658,45.473602,0.251580
1000,253.604385,164.947952,16.408768,35.006531,0.157847
1000,254.649384,174.344238,15.418823,34.319168,0.157847
1000,249.089493,158.121872,20.236954,44.780289,0.134381
1000,646.088623,168.095764,31.538391,68.508560,0.126057
1000,228.525833,173.427353,14.012024,30.628906,0.102026
1000,651.046570,158.146866,22.519287,47.160934,0.083725
1000,252.040970,177.610153,19.033005,42.861633,0.072138
1000,4.096149,156.625061,13.364950,30.234955,0.061539
1000,224.598831,154.769409,24.419296,50.450974,0.054051
1000,643.494568,164.556000,19.458374,42.013855,0.054000
1000,643.823425,175.097977,19.693848,42.877594,0.054000
1000,10.067189,145.819809,25.104000,56.340881,0.041948
1000,4.908531,149.995056,16.717031,48.983932,0.039408
1000,239.608902,175.274887,18.535233,42.329742,0.036428
1025,637.259460,166.619202,30.204163,65.811523,0.955632
1025,643.345398,168.842224,28.609558,62.283905,0.955632
1025,641.277039,172.281876,22.069153,46.726044,0.838491
1025,647.277832,164.431046,27.817627,60.389191,0.685083
1025,194.921158,172.593628,16.260193,35.437592,0.648490
1025,192.512985,164.051361,22.482422,48.159378,0.642836
1025,208.975632,168.868439,18.080353,39.519531,0.632773
1025,208.252731,159.643555,18.566452,40.457184,0.632773
1025,639.952942,161.759445,23.021912,51.917160,0.602580
1025,649.277649,175.402695,21.407349,43.573227,0.560504
1025,214.994827,162.331039,28.196945,60.438110,0.417084
1025,216.306366,168.028717,19.844299,43.523575,0.361828
1025,194.189667,163.887863,17.508041,38.110611,0.227844
1025,195.478607,163.376511,13.899826,30.983551,0.227844
1025,219.569580,165.816315,17.957092,38.204544,0.158262
1025,207.923615,174.864838,19.577835,45.348358,0.118041
1025,207.420654,161.258881,22.475235,48.146255,0.115386
1025,639.846252,178.954346,22.527222,49.045059,0.108959
1025,217.264999,174.798355,21.680573,49.114151,0.091260
1025,629.569641,161.784439,27.510925,59.368286,0.089848
1025,190.650711,154.374496,27.398666,59.086685,0.080016
1025,192.926880,176.647369,17.403687,40.515060,0.075307
1025,648.405884,184.544769,23.394470,53.000717,0.063846
1025,216.178711,159.999619,23.728714,50.305344,0.054173
1050,177.749191,174.286469,19.517029,42.669571,0.911867
1050,154.566666,169.004471,19.517441,43.068054,0.892811
1050,177.000610,164.632965,19.229492,41.637177,0.875806
1050,176.152008,162.674698,25.640320,55.319595,0.875806
1050,149.846619,170.847321,16.237122,34.827332,0.847748
1050,170.012024,167.297836,27.806946,59.344208,0.733292
1050,183.332611,174.590530,21.684616,49.330185,0.733292
1050,155.687744,165.718903,17.182190,37.119385,0.706156
1050,644.487671,166.582809,30.044617,64.984100,0.592383
1050,640.308044,168.362183,27.492004,61.181656,0.592383
1050,156.949188,174.900421,17.832275,41.722458,0.537356
1050,150.565842,164.629623,16.889938,35.943756,0.535049
1050,647.644836,179.352539,26.069824,54.453262,0.419168
1050,649.781616,177.991043,21.795715,47.097717,0.350034
1050,146.739014,171.463562,21.124710,45.972260,0.345716
1050,177.478821,181.909653,16.595703,38.387405,0.269731
1050,642.653259,180.478607,19.200439,40.854065,0.266585
1050,636.073303,172.867737,29.967041,64.653015,0.223225
1050,181.646011,163.865128,27.345963,57.968597,0.211831
1050,147.911301,166.729156,19.733459,41.855896,0.088234
1050,152.397858,162.664841,26.017715,54.585922,0.082945
1050,641.170959,184.259842,22.080322,47.805466,0.057207
1050,177.683990,165.374847,15.276871,32.277939,0.057153
1050,160.344193,183.865341,13.493927,30.941544,0.054909
1050,648.935303,170.294144,23.610474,47.955475,0.050641
1050,653.146667,173.442841,17.621338,38.557190,0.050641
1050,641.519836,162.325012,36.335510,78.477982,0.050417
1050,642.615479,171.759445,19.454895,41.674866,0.048825
1050,160.097580,167.000031,13.537903,29.723892,0.036755
1050,185.313156,170.420547,17.842300,37.317764,0.033311
1050,188.074799,179.905197,15.754074,34.463745,0.033311
1075,124.855934,153.822845,30.212303,65.623230,0.966063
1075,125.942589,152.247116,25.496574,55.540085,0.966063
1075,92.458763,150.111557,20.138741,43.570572,0.955330
1075,131.814316,153.974823,23.858124,51.538223,0.934309
1075,654.217529,153.351349,35.432922,76.862778,0.925649
1075,652.517700,148.630417,32.324158,68.443024,0.925649
1075,120.321564,148.217285,29.890442,62.937149,0.917215
1075,124.453331,142.991867,24.939293,57.214767,0.858387
1075,662.170288,147.012543,34.476685,76.312698,0.841471
1075,89.911301,148.036850,24.390030,52.190659,0.839563
1075,109.186134,144.868790,21.040642,46.962692,0.766164
1075,123.465561,139.911682,35.838318,79.352356,0.675559
1075,107.423965,147.942810,26.647339,58.216339,0.669633
1075,111.091713,158.445755,18.309563,39.926910,0.669633
1075,109.484863,158.086365,22.820267,52.086670,0.669633
1075,129.544525,141.649979,29.928528,65.544113,0.651306
1075,129.405182,153.143173,33.158051,75.121780,0.575403
1075,656.783936,170.158127,21.337708,46.923996,0.461016
1075,86.667305,152.008835,20.762825,45.838226,0.382542
1075,668.545410,155.370956,30.720459,67.883362,0.321699
1075,126.304314,166.247437,24.650566,56.336456,0.238991
1075,95.496254,165.030228,17.133209,37.874710,0.203150
1075,96.042557,148.227127,15.118561,35.552124,0.169990
1075,665.355042,169.507202,26.685852,60.419189,0.129148
1075,648.331177,162.365372,35.851624,77.954224,0.123263
1075,669.418274,171.018433,21.135254,45.745758,0.091566
1075,104.137978,151.169708,32.341835,71.563004,0.059297
1075,664.570068,148.690475,39.946472,83.442352,0.054646
1075,112.420502,168.441711,16.558426,37.116486,0.047101
1075,82.317047,148.853241,25.752655,53.536270,0.046941
1075,672.752991,138.216919,33.965637,74.671082,0.046896
1075,672.082581,158.844070,34.119934,72.907455,0.039317
1100,54.900154,152.442474,40.599510,88.952393,0.965275
1100,15.586100,158.413544,28.646933,63.587997,0.933500
1100,22.447514,157.595169,30.427868,66.002838,0.933500
1100,57.828766,164.951309,32.611259,74.041153,0.888632
1100,14.666825,164.724640,24.472412,52.387726,0.863449
1100,45.707088,153.354721,38.991116,86.105942,0.860101
1100,28.574415,164.520416,25.372885,54.935562,0.671119
1100,63.010063,157.676498,33.304588,75.988876,0.524941
1100,64.419312,175.474487,28.568298,63.135788,0.444506
1100,42.299351,167.049438,28.408237,61.466568,0.211295
1100,60.654896,171.374146,24.608227,53.213272,0.189918
1100,55.403183,153.547882,30.838753,70.244019,0.161550
1100,53.170082,172.402786,37.281082,82.929565,0.143602
1100,13.908260,170.731094,26.508564,57.559952,0.140059
1100,16.618017,181.162125,20.377394,44.353714,0.140059
1100,22.147015,166.826492,34.226654,74.057739,0.099796
1100,9.845296,169.126465,32.481186,73.135834,0.090428
1100,37.254944,154.530548,45.862976,97.917953,0.086263
1100,60.430431,182.738388,25.995365,61.554321,0.071400
1100,64.223763,164.049164,25.070549,59.187637,0.067127
1100,27.217348,173.518677,24.313158,54.912003,0.059970
1100,29.886002,185.049911,20.538074,40.754715,0.059970
1100,16.045332,158.704620,21.159754,45.716522,0.056747
1100,6.521873,154.881790,24.966404,77.015533,0.049935
1100,67.364128,167.244751,33.115143,78.664352,0.049010
1100,68.765297,161.122665,27.118172,61.743256,0.046726
1100,45.308796,169.311859,23.335613,50.864075,0.036906
1100,28.067230,157.178955,24.413029,52.714798,0.034007
1100,31.373531,158.888428,18.975098,40.710922,0.034007
