25,654.655273,152.610199,38.213196,82.417328,0.990788
25,644.619751,149.303955,40.228394,87.050964,0.988884
25,618.196045,164.213181,30.923645,67.342499,0.988082
25,625.083130,156.617325,35.520752,77.907684,0.988082
25,615.256470,160.857391,38.452148,84.462708,0.988082
25,465.447479,175.268906,23.237518,48.947906,0.971395
25,471.616425,180.680313,17.788269,38.350464,0.962292
25,648.476746,142.852722,35.600342,75.392746,0.940915
25,623.169373,170.106903,25.844971,53.460892,0.933071
25,652.813171,156.193054,29.475769,62.516861,0.899493
25,602.073975,181.194138,19.958984,44.139786,0.885552
25,605.389343,185.931183,15.188354,32.879608,0.885552
25,607.353577,166.533752,30.307739,64.296707,0.883380
25,620.716125,170.679214,30.850586,69.637451,0.883380
25,652.825684,166.164948,28.938904,66.082870,0.879370
25,469.124298,189.490494,15.621246,34.161026,0.866390
25,472.938477,178.229370,20.906281,45.409866,0.851705
25,470.234650,174.383575,25.246185,55.026871,0.851705
25,476.878601,183.301300,16.105988,34.852325,0.851705
25,468.859314,177.705170,15.090454,33.441620,0.828879
25,655.726929,167.450134,23.924377,51.997025,0.766015
25,659.012268,140.248413,44.440979,93.252304,0.544574
25,603.776062,177.231583,17.924133,37.269150,0.507298
25,607.376404,178.474899,13.235046,29.759583,0.507298
25,621.950806,175.968796,24.253845,57.937195,0.493925
25,605.352051,177.219116,19.924500,43.417847,0.423590
25,474.995605,184.735931,20.172058,44.269836,0.422097
25,477.319794,190.854156,16.665985,36.113724,0.422097
25,478.024261,176.469193,15.496704,33.746796,0.365718
25,609.382629,157.109482,32.395142,66.058060,0.335566
25,628.756531,164.028870,28.428223,67.452881,0.264666
25,660.130432,155.368668,29.155212,63.621429,0.243253
25,663.317139,161.007675,24.622498,52.024307,0.243253
25,598.911133,182.405563,19.154114,41.011642,0.231894
25,597.740173,183.766617,16.430054,34.602432,0.231894
25,598.505371,191.491302,16.101379,34.550385,0.231894
25,632.811218,172.801147,22.681152,46.770432,0.229632
25,530.334534,173.790909,12.509827,26.428802,0.223380
25,604.622498,186.214188,21.404846,46.422241,0.146072
25,606.871338,190.838547,16.935852,39.895309,0.146072
25,658.927856,165.127426,28.335999,64.433792,0.134219
25,466.951691,167.584198,21.648071,45.336029,0.094456
25,654.393372,143.835464,25.974976,58.093704,0.080757
25,611.057373,148.594864,47.157104,101.657043,0.079144
25,627.092834,152.444824,27.730957,60.234909,0.076837
25,670.151978,161.374100,29.980713,63.033539,0.053167
25,513.770264,173.380600,13.377380,28.295517,0.038484
25,511.712372,169.635681,15.965363,35.401184,0.038484
25,496.496033,172.823196,16.334229,34.348404,0.036247
25,493.623169,170.962387,20.191467,44.549454,0.036247
50,632.130859,185.316772,22.310364,49.879288,0.991950
50,627.918396,187.632965,21.961731,47.946411,0.990322
50,624.616272,177.599655,24.008423,51.270615,0.990322
50,626.077576,181.856461,27.507812,60.497009,0.977413
50,486.431061,179.490311,18.713989,40.678070,0.975665
50,490.195190,171.611542,26.314453,57.099564,0.975665
50,483.441101,175.912277,23.188507,48.018295,0.975665
50,486.929199,174.621719,24.132660,52.158997,0.947931
50,490.621948,178.675964,19.742035,41.984802,0.947931
50,634.291992,186.362732,18.522522,38.564392,0.839485
50,484.764130,176.600006,16.499664,35.276993,0.813379
50,485.522644,184.659653,17.063080,39.090149,0.668823
50,493.086456,175.691116,17.449280,37.619156,0.651757
50,558.787537,168.692474,15.962219,34.444382,0.478740
50,561.399475,169.416000,12.999512,27.525833,0.478740
50,558.198486,163.009659,19.234436,41.682434,0.421325
50,627.221252,194.100388,19.221802,43.796555,0.332245
50,558.936157,175.797882,16.549988,36.706833,0.327969
50,528.498169,172.677872,13.995667,30.279251,0.220974
50,525.384094,169.233047,17.923523,38.795639,0.220974
50,528.040466,179.861969,15.375977,34.099106,0.220974
50,634.462280,198.800323,17.231567,37.972366,0.151837
50,483.479797,168.529785,21.967773,45.264053,0.122041
50,482.430573,190.906204,19.426849,43.970993,0.101756
50,491.899719,168.845322,21.901184,46.356110,0.092783
50,527.867676,165.677368,16.617126,35.313812,0.080600
50,628.472473,181.721893,16.893738,35.837692,0.071142
50,514.013611,174.478806,13.815063,29.530838,0.056015
50,512.477173,181.396530,16.190063,35.455444,0.056015
50,511.726135,171.943771,18.173462,39.997116,0.056015
50,503.559631,174.428497,29.285339,63.031998,0.054363
50,476.606598,166.650864,24.241669,54.559357,0.038512
50,529.177429,170.520248,12.822205,25.581726,0.034567
50,531.338074,168.938599,11.794006,24.092361,0.034567
75,656.747864,181.130173,25.255371,52.720856,0.993739
75,662.514282,173.099289,27.868225,61.161179,0.992326
75,653.594910,185.124908,28.236633,61.024902,0.992326
75,504.179718,171.043442,24.572357,53.409790,0.967193
75,508.859497,177.633469,18.044434,39.194656,0.967193
75,664.639160,181.871521,20.843994,45.102921,0.840267
75,658.609131,178.002472,27.923279,60.409088,0.823891
75,508.310089,181.073593,20.379242,45.582748,0.698002
75,508.698425,168.398758,18.091919,39.757767,0.519740
75,502.539398,176.085800,18.935638,39.733215,0.391302
75,652.542969,163.652893,35.276550,76.360977,0.311477
75,495.297882,173.162003,25.671478,52.907898,0.242198
75,660.089966,176.294128,19.751892,41.282959,0.221940
75,647.986511,179.492233,24.990784,54.006500,0.203842
75,683.330933,145.222748,23.290222,51.590424,0.189101
75,686.194092,148.339188,19.504944,41.196289,0.189101
75,500.724457,181.871719,16.123810,35.418396,0.180602
75,500.691345,174.176025,15.655945,34.186264,0.180602
75,144.442719,102.443832,13.577667,28.940720,0.072747
75,144.755844,94.806061,13.300156,29.224335,0.072747
75,141.078888,98.934395,16.763687,36.466423,0.072747
75,562.850098,172.556458,12.881348,27.257614,0.065972
75,687.366516,141.048874,18.917419,39.090561,0.056915
75,658.514954,195.896042,20.817322,44.760071,0.053573
75,662.858459,170.176025,24.154358,50.233978,0.050501
75,667.976196,172.364655,18.042236,38.566528,0.050501
75,527.547852,169.254227,18.093140,39.616409,0.046789
75,529.320862,172.266830,15.021790,32.295303,0.046789
75,660.613708,156.403198,35.412170,76.284698,0.045439
75,499.646606,182.199890,20.459167,43.323578,0.039398
75,500.976593,188.425079,15.383942,35.288391,0.039398
75,664.059509,171.137833,35.971558,74.194702,0.039359
75,669.490967,175.328903,27.809998,63.384293,0.039359
100,609.871887,164.609253,15.639954,33.834015,0.907570
100,609.892029,159.299026,14.688721,31.396698,0.907570
100,607.816589,156.496124,17.727173,38.411530,0.907570
100,529.807190,173.057343,19.444397,42.148880,0.371623
100,529.225159,171.105209,25.002747,53.692200,0.335602
100,523.507935,163.867447,28.413452,60.050888,0.294149
100,574.377563,170.326233,14.751587,31.605042,0.281203
100,575.655762,161.401001,14.317871,29.069168,0.281203
100,571.437744,159.389511,17.948303,39.095947,0.281203
100,528.580872,161.633789,22.062622,48.228134,0.195339
100,537.346741,176.156387,22.724792,50.571152,0.166897
100,570.366028,165.069519,17.552734,38.595215,0.150303
100,569.080933,161.776825,21.110962,48.045853,0.150303
100,535.611511,165.839127,29.005737,62.876373,0.139079
100,538.101562,167.896973,22.426331,49.330536,0.117785
100,536.379700,159.408524,23.303223,50.273087,0.117785
100,608.073547,152.598877,15.852783,35.742218,0.111967
100,609.635437,153.214645,13.487671,27.352814,0.111967
100,612.079956,151.556580,9.916931,23.988419,0.111967
100,607.327820,166.706314,20.963562,46.684525,0.069779
100,616.132080,159.280487,20.052368,44.580536,0.048256
100,558.528442,159.801605,19.968567,42.418518,0.046957
100,562.213440,160.489059,15.428589,31.449295,0.046957
100,511.740143,175.766159,26.049774,54.189667,0.036367
100,561.190735,167.826492,17.031738,36.435486,0.035042
100,558.996338,165.353058,20.862793,45.442368,0.035042
125,621.034363,159.454163,16.879395,36.868576,0.909394
125,617.135071,156.912674,23.346680,49.836487,0.408649
125,621.667664,152.023636,16.973755,36.515808,0.406337
125,544.008179,170.282684,16.893555,35.787003,0.312503
125,544.188232,178.510910,16.215454,36.106659,0.312503
125,540.593506,169.854507,23.407471,51.012527,0.200396
125,541.884399,158.779419,22.352905,49.700073,0.200396
125,571.380554,161.711533,18.966736,41.477112,0.154451
125,575.491089,162.651199,15.150513,30.720139,0.154451
125,529.110962,170.847702,20.867676,43.341125,0.137683
125,529.915100,179.859375,17.833923,37.773895,0.137683
125,525.732971,163.369659,28.406189,59.719894,0.128123
125,568.090393,164.180038,23.879211,53.904984,0.096782
125,542.048035,181.041183,18.764465,42.682236,0.074373
125,525.493042,174.130615,25.853210,52.866898,0.061209
125,610.018372,159.426193,40.824585,85.482559,0.059839
125,624.269531,155.396774,13.441162,26.483948,0.051710
125,626.188965,153.864334,10.733459,23.204971,0.051710
125,612.893982,157.065506,20.511475,46.871796,0.048128
150,623.463196,152.093781,13.840820,29.886520,0.820699
150,621.236389,157.976334,17.335144,36.236816,0.820699
150,623.949280,162.280243,13.349060,29.932953,0.820699
150,621.734131,155.221054,14.940186,32.247131,0.800638
150,621.722046,145.014374,17.575623,37.805008,0.800638
150,625.980103,148.977661,11.664551,26.453903,0.755552
150,575.131165,165.750900,17.619629,38.470291,0.049893
150,576.252686,158.802139,15.810852,32.855789,0.049893
150,573.101318,157.494492,19.530334,43.231400,0.049893
150,567.649231,153.238800,28.620361,60.664459,0.037061
150,338.284363,49.272606,12.442261,25.495064,0.036104
200,18.926552,156.327835,17.455502,37.080322,0.047264
200,18.988697,157.506241,13.855717,30.630447,0.047264
225,496.501984,171.969116,14.360626,31.603271,0.033414
225,495.550476,176.993668,16.087433,34.459091,0.033414
250,399.500122,166.562500,15.983978,35.101395,0.912278
250,400.593506,160.445251,14.949890,33.591934,0.912278
250,395.245575,155.834351,22.189392,48.620544,0.890971
250,395.370758,165.339340,19.464722,43.126740,0.890971
250,383.481140,162.447418,17.150848,36.623367,0.545526
250,381.377686,160.534607,20.560852,44.410187,0.545526
250,65.682114,160.148407,10.081383,22.372192,0.303315
250,66.330185,165.549774,10.698006,23.384979,0.303315
250,63.199089,157.535004,13.563148,28.605759,0.303315
250,62.468956,162.966034,14.319740,30.374283,0.303315
250,398.303284,154.384323,21.431641,44.479980,0.246903
250,63.110306,145.921432,16.940514,39.590942,0.065961
250,384.429840,168.194687,15.969147,37.507278,0.065549
250,425.367645,142.920334,22.112396,47.797607,0.038474
250,393.218872,158.801682,27.559814,55.304153,0.037627
250,52.535606,159.428528,11.183483,24.220749,0.034779
250,52.439877,166.196304,11.473789,25.183502,0.034779
250,51.570534,168.702560,9.824451,22.957672,0.034779
250,49.031334,156.412003,14.429375,31.775314,0.034779
250,47.875698,162.073944,15.397411,34.632584,0.034779
275,399.331726,160.705872,16.806732,36.318680,0.985955
275,401.646393,158.938187,14.179382,31.919678,0.985955
275,397.002533,163.739685,21.532257,45.162094,0.969701
275,383.858337,161.803375,16.093018,34.238358,0.964347
275,379.823944,162.531052,21.928406,46.493240,0.946075
275,535.340759,142.514404,29.836121,64.533997,0.884266
275,535.383606,150.312729,23.653564,51.086395,0.881614
275,522.562622,142.592484,31.350769,67.101501,0.881614
275,670.444336,163.039948,17.466187,37.052994,0.879524
275,669.630676,153.362183,17.960205,37.834747,0.879524
275,398.571808,152.587875,21.818573,47.093140,0.862068
275,401.780731,169.636612,12.504517,30.470993,0.830810
275,381.623840,164.572006,18.113525,37.575577,0.721731
275,385.286194,168.701080,13.009460,32.222961,0.721731
275,380.821320,153.673141,22.390594,46.511826,0.658636
275,613.375854,154.431808,34.431519,75.119064,0.521395
275,533.617493,153.051163,30.413757,67.704010,0.516436
275,53.312260,153.294891,15.429012,34.310303,0.359103
275,51.248035,160.467865,18.069172,36.251434,0.359103
275,53.411438,162.284943,14.268120,31.545242,0.359103
275,605.316589,167.515564,29.893433,68.081696,0.346429
275,383.102753,152.398392,17.023224,37.173737,0.331882
275,665.325562,150.362289,22.620300,47.781601,0.325642
275,410.122620,148.474670,24.325592,52.369217,0.265781
275,665.650757,153.236206,27.032715,59.522141,0.247371
275,668.751770,160.169708,21.078979,47.798920,0.247371
275,615.934082,157.313263,27.385803,61.781998,0.194251
275,48.913837,146.147507,19.973705,42.061218,0.185652
275,62.378933,157.327118,13.329723,28.850296,0.171143
275,62.613682,164.410553,13.852009,30.766861,0.171143
275,58.819901,154.178848,16.628075,35.494995,0.171143
275,57.926113,160.287338,18.000645,38.375931,0.171143
275,366.097900,150.535355,25.969849,53.644867,0.158385
275,528.463074,152.368271,25.699951,55.813370,0.147943
275,373.496490,159.496353,13.478088,29.464371,0.144226
275,373.984039,165.571594,12.845612,28.874695,0.144226
275,371.701019,156.297485,16.966400,36.440063,0.144226
275,415.871490,159.972427,12.634216,27.306473,0.129649
275,414.635254,163.417877,13.888855,29.613815,0.129649
275,412.778168,157.091324,15.476013,33.603363,0.129649
275,524.452637,133.947174,40.261963,84.399200,0.128700
275,407.028717,151.741730,26.569153,59.161957,0.121831
275,618.204773,168.352829,22.792664,46.120850,0.116975
275,672.379944,171.929504,15.270630,35.361038,0.116152
275,529.400879,142.214752,22.745544,50.227814,0.112939
275,529.487488,157.142868,18.830383,41.098602,0.100987
275,614.125122,165.533585,27.959595,65.201614,0.083336
275,616.931458,174.318527,25.166321,49.617294,0.083336
275,659.061035,146.650635,23.928894,51.461655,0.081005
275,658.912048,158.932999,23.586731,50.551804,0.081005
275,524.630920,154.486557,31.184998,67.785080,0.080871
275,369.453949,156.689407,20.136261,43.982422,0.067212
275,652.423218,132.501434,31.525330,68.985092,0.054489
275,400.715424,155.626022,14.514923,28.387009,0.051686
275,402.970215,154.147110,11.423401,24.639236,0.051686
275,431.274811,158.697220,12.422241,27.187546,0.047731
275,429.911163,162.968445,14.332947,30.622116,0.047731
275,427.839081,155.774704,15.070068,33.298370,0.047731
275,433.083893,166.037491,11.574799,25.589600,0.047731
275,604.615967,156.792206,27.674255,61.763275,0.043384
275,665.760437,139.928894,24.911438,54.386047,0.041105
275,409.653687,168.588409,17.248871,36.995392,0.041019
275,538.871460,145.928467,21.246521,42.785248,0.036218
275,541.887756,145.987289,16.590820,37.709351,0.036218
275,669.944214,143.382996,16.852600,37.072876,0.034312
275,50.616253,150.516281,15.148846,30.753067,0.034300
300,431.859680,157.849731,14.959167,33.339371,0.993240
300,428.490814,152.491318,20.474731,45.128983,0.989943
300,578.880249,133.183685,29.254578,63.379730,0.960516
300,573.548340,140.868698,26.953247,58.090256,0.952162
300,583.906311,138.519516,21.796326,48.886322,0.952162
300,432.339905,152.826157,15.040436,31.769730,0.941864
300,412.968292,154.645676,17.299469,38.011810,0.936405
300,479.367767,157.988602,13.532928,29.493210,0.932403
300,480.466583,161.694946,13.394989,29.706619,0.932403
300,476.802704,153.207687,17.725983,38.486847,0.932403
300,406.575653,156.781097,14.594238,32.739960,0.848049
300,404.579865,160.091293,16.977325,36.217102,0.848049
300,405.208649,162.695068,13.265320,30.606918,0.848049
300,415.095764,152.130142,14.971497,31.777649,0.731915
300,414.028503,148.507355,17.655243,40.028992,0.731915
300,578.525513,143.389725,20.241760,43.360321,0.725382
300,479.191101,150.807495,15.679169,35.129654,0.632036
300,585.366821,131.915878,25.423462,55.526596,0.441432
300,409.134491,159.154587,21.696960,44.784592,0.353469
300,478.347321,157.019638,21.376129,45.084335,0.321498
300,479.318024,163.882782,15.838715,35.400681,0.321498
300,573.312500,127.437134,29.761841,66.275711,0.308140
300,404.610474,156.186935,21.832977,44.875580,0.265630
300,402.446136,148.095688,18.239838,39.533279,0.265630
300,402.098846,164.664413,17.833099,42.834473,0.260080
300,411.108002,149.617493,21.996521,44.524643,0.180478
300,482.243256,154.221191,11.816132,25.458282,0.168857
300,421.683105,145.150345,26.458740,57.949753,0.146743
300,400.307953,150.114441,23.487976,47.584000,0.146054
300,570.566406,120.695045,42.805847,91.918648,0.126935
300,577.916504,150.944962,19.510803,44.291870,0.121543
300,577.631409,132.065155,20.279114,45.387802,0.081469
300,586.138000,152.472977,19.467407,43.921753,0.047154
300,305.179657,107.164009,13.302734,28.077278,0.039440
300,305.812958,119.850533,12.390808,27.049782,0.039440
325,456.150299,158.941956,18.874908,41.755478,0.946351
325,452.751434,155.043869,23.757660,52.278748,0.946351
325,625.538025,139.220795,34.570801,74.571960,0.884008
325,618.715454,139.898422,34.254028,73.192001,0.884008
325,630.897217,143.211838,27.626831,59.336243,0.884008
325,458.891998,163.969193,18.245605,38.256317,0.854519
325,460.785034,159.041290,16.185364,35.801346,0.854519
325,433.528534,167.689377,17.336304,37.115280,0.749086
325,430.227142,163.623154,23.093964,48.288361,0.749086
325,450.173218,162.766434,17.724701,38.803238,0.710172
325,448.930206,156.457214,22.985229,50.775894,0.710172
325,433.901947,163.012482,15.317749,36.307907,0.377355
325,457.814301,152.450851,21.989014,46.763794,0.334306
325,492.472473,155.129883,18.676392,41.557922,0.331333
325,490.196838,149.666031,23.994934,51.230087,0.331333
325,492.675201,164.107193,19.783661,43.761353,0.331333
325,494.665039,162.476959,16.853912,36.739136,0.271390
325,450.552185,170.063385,14.727814,34.290817,0.261077
325,489.083374,155.430557,26.572510,56.172562,0.173244
325,683.374451,156.927917,18.319946,38.565079,0.135483
325,686.635681,158.424789,14.933716,31.472000,0.135483
325,684.121948,164.551651,17.029968,36.218323,0.119436
325,497.686066,172.847672,13.337219,31.597870,0.077601
325,681.642822,161.426544,20.527588,43.578766,0.067500
325,674.935486,155.809677,24.555847,53.634720,0.067500
325,608.762207,135.223419,49.070312,106.681274,0.060728
325,430.700195,155.500778,24.678711,49.783554,0.056569
325,608.414551,167.655243,15.720398,35.140350,0.055634
325,607.891113,159.388733,17.603394,37.475128,0.055634
325,605.979736,162.444534,23.180359,50.765427,0.045071
325,626.112793,147.773941,24.866882,53.741714,0.044128
325,447.860779,152.809830,19.915253,41.095306,0.034472
350,442.786499,169.337830,19.514374,43.080231,0.979535
350,666.083496,141.138763,34.947388,74.992615,0.936756
350,671.817078,148.959534,34.111023,76.346710,0.936756
350,446.003418,169.638565,16.225098,33.747528,0.844857
350,466.228333,166.652756,20.022583,42.860321,0.817122
350,467.237549,169.584946,16.284210,35.242249,0.817122
350,664.273132,150.953506,34.438477,76.459534,0.639494
350,439.783905,167.143173,24.308258,51.817368,0.407763
350,670.047852,149.549255,29.716431,60.914841,0.286226
350,673.519470,141.033981,31.014465,67.461670,0.282540
350,442.886200,180.001511,18.970001,37.701584,0.275226
350,447.666687,184.044083,13.426605,32.641739,0.275226
350,472.870575,164.605621,20.865845,45.539948,0.271823
350,476.629852,168.137390,16.795959,35.227905,0.271823
350,666.826294,134.215149,40.844910,89.648529,0.271454
350,662.072876,130.503677,48.615295,111.581009,0.263161
350,462.743195,174.563324,18.667053,43.116821,0.135908
350,438.148743,173.205383,14.487549,31.849167,0.117725
350,436.388947,169.394821,18.200562,39.201996,0.117725
350,436.657867,172.814392,13.239807,29.782318,0.117725
350,436.555359,177.093826,17.028351,36.082291,0.117725
350,438.655151,178.760742,13.527557,30.694595,0.117725
350,675.093750,128.259613,34.091064,73.531006,0.113706
350,478.348969,173.676163,15.469177,35.501282,0.106015
350,673.255737,119.121338,36.903320,129.291840,0.096719
350,430.272308,167.088593,26.257812,52.148438,0.086766
350,467.042145,164.744339,14.804108,31.499054,0.083603
350,452.822693,159.895767,30.628571,64.963425,0.050722
375,451.641235,172.679916,17.122498,37.688934,0.985184
375,480.702301,157.504028,24.180176,53.541565,0.981528
375,481.586304,163.800888,18.756439,39.451736,0.981528
375,451.625366,165.470688,18.638245,39.732681,0.958990
375,451.920105,161.531876,23.649353,51.779755,0.958990
375,448.693512,166.631744,22.305939,49.160156,0.950631
375,461.020569,173.517075,16.303864,36.465561,0.937296
375,457.227783,167.435776,20.375580,44.346390,0.896912
375,474.007812,153.734711,26.311005,58.588287,0.768754
375,443.678864,163.292557,25.892639,55.301468,0.557320
375,478.355774,165.275406,20.391968,49.561768,0.456163
375,1.408342,153.215073,16.411312,37.950439,0.428249
375,2.439669,155.651306,13.400966,31.257721,0.428249
375,457.031281,168.340759,24.128082,52.996002,0.412476
375,435.431854,177.456314,14.154724,29.242844,0.405045
375,433.939545,171.730316,16.640991,38.589020,0.405045
375,438.464203,178.564438,12.459625,26.893005,0.405045
375,436.519897,180.720001,10.679718,24.879196,0.405045
375,552.377258,159.975449,21.182556,46.532623,0.387397
375,553.228088,169.193665,17.162842,36.921158,0.346412
375,556.266907,170.092285,15.686279,33.080795,0.346412
375,556.667542,177.484360,15.677979,33.191299,0.346412
375,436.825134,172.364487,11.499451,25.173248,0.326502
375,551.950317,162.662643,25.936096,54.729187,0.306400
375,540.504761,162.630814,27.632812,57.645340,0.306400
375,435.306305,160.383286,26.330658,51.776840,0.303089
375,485.823792,161.938690,25.349670,53.468460,0.280888
375,2.322313,166.001572,14.953959,33.121536,0.269105
375,1.896802,160.918198,17.535353,41.238297,0.269105
375,2.063969,152.148743,20.990406,59.117172,0.269105
375,550.524902,167.887299,20.565613,44.626266,0.221397
375,553.479126,179.901962,19.102173,42.951736,0.221397
375,472.604462,164.241791,25.147797,57.874329,0.136921
375,460.846008,165.490250,16.888062,35.211487,0.121846
375,463.331238,165.692444,13.315918,29.518021,0.121846
375,433.240631,161.071671,16.490448,37.650208,0.113948
375,488.778839,163.524826,18.042664,40.119797,0.106424
375,2.552899,163.892197,20.149385,58.071182,0.066020
375,658.583435,165.319962,14.334229,31.021362,0.055604
375,658.858765,161.057129,13.251587,28.914505,0.055604
375,453.674377,155.980484,36.693970,77.192886,0.049910
375,545.698792,158.112381,22.173889,47.841904,0.047433
375,549.041016,168.501205,17.796570,38.727478,0.040325
375,548.653503,171.052704,14.525330,30.903076,0.040325
375,548.381165,171.712662,20.402405,45.113495,0.040325
375,549.938538,176.170349,16.638794,36.080353,0.040325
375,549.215881,179.785675,14.155884,30.581009,0.040325
375,446.594055,147.819916,37.702240,78.357544,0.038390
400,461.927673,167.799072,19.322571,42.549240,0.995056
400,463.898315,181.380157,17.458008,36.968369,0.993236
400,460.740906,175.650467,20.272125,45.245605,0.987675
400,476.115265,157.683334,28.406677,60.186752,0.906930
400,490.962006,161.403137,23.386139,49.556442,0.889501
400,453.628601,174.391724,19.521027,39.097961,0.723077
400,451.026276,166.235336,23.388672,48.137650,0.723077
400,482.457123,168.851837,16.539795,35.288605,0.720789
400,480.758392,172.940689,19.238434,42.400452,0.720789
400,481.497467,166.406754,23.704498,51.574524,0.666386
400,481.804138,160.973923,19.776276,42.219955,0.666386
400,17.457436,166.562607,18.496956,39.823318,0.493259
400,16.037577,160.774353,17.779116,38.616150,0.493259
400,493.834229,158.793915,19.921387,44.557495,0.477533
400,19.720226,173.843369,14.317451,32.058670,0.447752
400,497.508423,158.864166,25.833801,56.531769,0.422724
400,49.477821,168.459000,14.095383,30.555344,0.414785
400,48.847008,172.889450,15.806313,34.144073,0.414785
400,50.601540,177.635986,12.820976,28.147812,0.414785
400,485.755371,159.850449,29.317627,61.810165,0.326518
400,491.563080,152.115265,27.954926,60.150482,0.302386
400,454.885834,170.571228,15.789093,34.552887,0.294198
400,453.316681,172.454803,13.573700,29.250580,0.294198
400,456.365662,176.154892,15.290009,33.256973,0.294198
400,454.095886,179.001373,13.010681,28.616943,0.294198
400,474.544647,167.705261,24.581909,53.658127,0.216687
400,486.313293,151.396088,34.660095,76.922974,0.213456
400,18.481848,168.215210,14.770311,31.234497,0.199171
400,19.612322,164.700455,12.235289,28.557388,0.199171
400,52.088898,168.255569,10.255489,24.339081,0.139457
400,33.144028,169.164642,13.837196,30.217987,0.119658
400,31.850941,172.928284,15.965481,34.313278,0.119658
400,33.997074,178.081802,12.575832,28.030441,0.119658
400,671.596680,162.877579,19.144592,41.056122,0.114858
400,682.314819,161.000534,19.532471,41.345703,0.098760
400,28.635361,162.719070,21.276741,46.166412,0.093550
400,474.203094,156.989075,36.751099,78.503494,0.080230
400,673.837219,168.403931,15.686890,34.449341,0.072374
400,673.247559,161.275818,14.031311,30.682968,0.072374
400,15.358252,178.421371,16.605511,38.928909,0.069995
400,684.057190,167.769623,16.096252,34.848145,0.069431
400,687.336487,169.523422,14.226501,30.434753,0.069431
400,685.418091,159.629456,16.223938,34.450241,0.069431
400,451.949310,163.153320,18.450562,39.454132,0.051086
400,678.299438,150.849915,26.468140,57.000916,0.039229
400,666.418335,153.073639,27.050781,58.695190,0.039229
400,544.572449,176.861130,19.167725,39.605087,0.037040
400,546.671143,169.837189,15.878113,33.887863,0.037040
400,546.213806,180.874832,14.667664,33.910278,0.037040
425,459.995300,183.748978,22.077454,47.275803,0.995134
425,462.225708,188.603012,21.112396,49.384140,0.995134
425,480.975800,184.839111,23.556610,50.556702,0.950970
425,481.896698,196.339951,20.679016,45.773163,0.950970
425,499.804932,170.276398,29.863403,65.172943,0.918519
425,484.730713,171.404800,31.596313,68.282593,0.918519
425,482.155365,186.080276,19.183105,41.433060,0.868023
425,476.440186,180.868362,29.818024,63.507233,0.865946
425,506.418976,178.398895,22.513092,46.998535,0.824206
425,446.686249,188.400742,24.719208,52.426407,0.785259
425,488.591858,182.061066,26.580566,55.937775,0.542971
425,502.647583,162.535202,32.554688,69.245773,0.380270
425,439.870483,191.011581,11.991852,25.965302,0.220960
425,440.800293,193.688736,13.338043,28.766098,0.220960
425,439.351776,196.792374,11.005890,24.700073,0.220960
425,450.286560,189.474197,15.988251,34.882187,0.183824
425,449.227692,186.772903,19.274261,43.204926,0.183824
425,461.091217,183.925079,18.263367,38.867996,0.164969
425,464.131195,184.669312,14.532318,32.172943,0.164969
425,445.379730,179.457855,24.058502,53.208145,0.123563
425,491.255524,162.525345,31.037750,65.421448,0.119441
425,473.142731,189.419952,27.414673,59.029770,0.118401
425,337.971588,187.933975,10.992493,24.524567,0.117071
425,515.532349,173.836517,25.006348,54.756866,0.094931
425,511.012421,167.584442,31.407745,67.247223,0.094931
425,492.142578,179.487442,21.418640,44.402756,0.076606
425,455.146698,170.747742,36.292450,75.362961,0.073162
450,461.227448,189.517303,23.586792,50.938919,0.996052
450,459.976257,185.583298,28.890564,63.459305,0.996052
450,492.715240,183.476562,30.892548,68.746796,0.978592
450,464.344788,199.109741,18.941254,45.974457,0.964265
450,518.897217,165.007324,35.396729,79.530060,0.960649
450,500.562378,186.954712,29.879028,66.390930,0.950211
450,499.370728,169.463196,36.830017,80.658386,0.948966
450,490.862610,172.515488,31.677979,66.649582,0.878754
450,463.133942,188.004501,17.735229,38.991776,0.868453
450,494.551636,193.863129,25.268982,52.541397,0.830540
450,508.011505,171.652847,31.799347,66.727219,0.789947
450,520.892944,175.757858,29.172546,59.257889,0.781366
450,529.844849,181.088974,24.116577,54.059662,0.667984
450,335.570282,185.618240,12.049683,26.306015,0.509920
450,520.593018,185.389786,27.698303,61.100113,0.506925
450,495.205597,184.959717,22.812836,51.018677,0.453212
450,473.766113,191.685394,27.182800,57.649841,0.408762
450,440.821381,198.019943,13.199219,28.995575,0.375259
450,438.866302,199.480118,12.252563,26.598190,0.375259
450,438.366577,193.597626,12.280365,26.878723,0.375259
450,438.183594,193.804855,18.748566,39.394989,0.375259
450,501.963531,158.196503,42.611725,92.561172,0.342805
450,449.030060,192.375549,23.720428,48.777710,0.306091
450,337.312347,180.576462,11.497101,24.918411,0.246493
450,333.940674,179.312805,14.277130,30.923386,0.246493
450,459.884521,198.600601,24.234283,52.949173,0.220374
450,458.735535,176.330841,35.554810,76.534790,0.137958
450,530.867371,160.611053,31.658325,71.456680,0.129605
450,437.390533,201.333939,14.002991,33.063202,0.110209
450,436.544647,199.757309,17.985596,39.456116,0.110209
450,523.051880,172.483887,24.396851,49.861771,0.100625
450,466.240448,174.773758,42.137573,87.595016,0.075338
450,448.949951,192.621994,17.635620,39.163101,0.071481
450,450.503204,199.867584,16.402435,37.695389,0.071481
450,336.193970,189.187378,12.596405,28.716797,0.070424
450,331.848572,184.068161,16.893127,35.454285,0.070424
450,465.517212,209.873444,16.486389,37.004440,0.059557
450,479.591583,177.162827,27.224060,57.651337,0.058345
450,475.087616,197.233475,17.374237,36.411179,0.042136
450,470.057678,188.332047,23.531036,54.968445,0.042136
450,473.833496,198.338715,19.997986,48.935898,0.042136
450,466.670227,187.638962,14.343842,28.649979,0.040558
450,450.212830,194.912415,12.638428,28.019699,0.039797
475,486.173157,196.562088,23.304565,49.939011,0.995066
475,480.594177,191.266479,25.329620,54.638321,0.993120
475,481.688446,195.910049,28.558350,67.524094,0.933968
475,454.829590,203.104401,14.539581,31.600006,0.915648
475,453.792450,198.773239,14.206360,31.611084,0.915648
475,452.798248,196.034302,12.982056,28.874847,0.915648
475,533.346252,178.477997,34.956665,77.047043,0.882956
475,562.952759,167.082504,38.559998,83.919678,0.881378
475,452.250214,197.203354,18.078186,37.997269,0.854208
475,567.672363,163.852432,42.640137,93.018906,0.829803
475,548.099060,171.917587,43.356873,95.046127,0.695970
475,481.762939,192.163391,20.303711,45.405045,0.591851
475,556.426697,161.841980,50.648560,108.826019,0.565351
475,539.030884,189.597137,33.694763,75.255615,0.543456
475,526.121521,180.576965,39.824219,88.770874,0.543456
475,528.410522,190.893372,33.570496,72.351318,0.543456
475,532.053162,187.066238,38.608765,85.743393,0.455610
475,486.386078,184.694901,27.256744,58.798126,0.356055
475,448.396210,194.252625,22.535065,47.241470,0.353314
475,466.209656,189.222168,29.350555,59.243958,0.346861
475,477.268585,185.282990,26.187073,56.182159,0.336283
475,551.261719,161.857254,40.398865,85.038696,0.302982
475,482.528564,186.953918,32.350281,71.259064,0.167195
475,486.315369,190.830643,21.462433,42.991806,0.137716
475,490.922211,192.010498,17.009521,36.947632,0.137716
475,574.663452,176.515610,32.268921,74.574615,0.126011
475,567.450562,167.491150,30.508545,65.786148,0.104758
475,545.599792,178.923370,35.756653,77.839142,0.097820
475,542.475098,186.560165,41.340088,91.465561,0.088818
475,538.355408,190.217728,27.375366,55.399170,0.063353
475,542.095459,201.413834,21.913879,49.117859,0.056108
475,567.198975,182.191010,29.906067,66.345764,0.055817
475,450.512543,184.236786,20.086914,41.752335,0.042657
475,572.545044,178.884262,23.050293,51.341263,0.035702
500,513.828369,190.781021,29.970764,64.796707,0.996213
500,511.216125,189.144836,26.959656,59.899582,0.996213
500,509.670319,196.777435,27.149261,62.828156,0.996213
500,593.863159,171.317169,57.633301,126.067444,0.993854
500,473.229614,199.913834,15.637085,33.068954,0.966906
500,470.490356,196.402863,19.136719,39.411758,0.966906
500,471.468262,204.260086,14.645111,31.716171,0.966393
500,470.580566,208.431854,12.199615,26.545624,0.966393
500,474.528076,192.859360,24.132141,50.519302,0.961572
500,464.002716,193.313126,22.987244,49.153381,0.961572
500,602.583008,180.072342,47.396851,102.230759,0.946205
500,470.416595,196.843933,12.689331,28.025192,0.920369
500,514.820801,203.856354,23.868347,56.853333,0.897131
500,648.453125,152.873840,55.640869,121.039459,0.857066
500,515.684509,190.578827,25.450684,52.569107,0.812283
500,518.156250,186.978333,30.237427,65.402420,0.796019
500,638.833618,159.418884,61.898926,129.371368,0.765444
500,477.879547,207.527390,13.346710,29.576126,0.710586
500,516.723083,199.230255,29.379578,64.989532,0.689653
500,476.463348,203.169235,13.652679,30.844574,0.668422
500,474.902618,195.488968,14.613831,31.318069,0.668422
500,596.877502,195.414017,44.849548,99.912399,0.526678
500,616.089722,155.705200,63.383606,136.704071,0.488298
500,593.795593,182.389557,45.468628,97.726562,0.318477
500,502.546875,185.334915,34.506775,71.179398,0.106850
500,597.950867,156.771591,67.348022,145.264389,0.082146
500,609.914307,204.045624,36.684143,80.848785,0.079497
500,653.751221,171.086105,45.882019,105.816330,0.059641
500,641.927551,160.331284,47.957764,103.049088,0.049578
500,657.969849,71.393707,37.805542,83.303024,0.043580
500,625.825867,111.437523,83.520996,181.150635,0.042919
500,514.048584,192.380630,22.148987,45.959961,0.042541
500,656.955505,114.901688,51.471375,175.974228,0.038642
500,467.229065,185.022751,20.500549,42.388428,0.038462
500,655.430115,157.799103,42.555786,93.149582,0.037041
500,589.918518,194.533936,37.566589,87.132385,0.035141
525,554.458740,176.671753,36.711609,79.108566,0.994699
525,491.688354,185.361618,18.351227,39.417618,0.985875
525,494.167847,192.702484,15.604889,34.104568,0.985875
525,493.437531,180.225250,16.351318,36.442123,0.960763
525,490.431122,176.755096,22.112457,47.415924,0.960763
525,563.380981,179.651093,31.982300,74.620422,0.507033
525,490.597534,188.282150,13.591766,30.009979,0.476705
525,489.206696,197.460434,12.411133,27.332306,0.476705
525,488.868439,184.669968,17.283417,38.234406,0.476705
525,488.236603,192.732513,17.282135,37.959656,0.476705
525,557.433472,184.656769,31.452271,62.588577,0.339951
525,484.426941,186.037369,19.623138,40.651230,0.296889
525,494.168945,180.413422,22.192322,47.503586,0.223323
525,481.285217,178.448456,24.650879,51.587555,0.223323
525,551.601624,184.025635,32.136963,67.970230,0.219150
525,544.981873,185.128464,37.031067,79.051773,0.210109
525,558.042236,198.681549,26.168518,63.612976,0.162041
525,545.389221,172.492599,33.795471,75.285507,0.137161
525,552.787598,193.918777,33.997864,74.187912,0.118622
525,565.279053,189.565903,25.218750,51.639542,0.092549
525,487.648865,190.019470,12.889374,26.708023,0.084452
525,555.004700,169.320541,31.831299,69.031128,0.066242
525,564.328003,165.284821,32.618652,72.893646,0.043530
525,550.662109,169.140991,48.656372,102.600067,0.040810
525,497.110992,202.640472,11.298523,27.544632,0.038715
550,617.125977,170.587372,45.032959,98.135498,0.996521
550,516.890564,186.595154,17.862122,39.353241,0.995833
550,515.288391,187.196976,16.143188,35.151672,0.995833
550,514.157349,192.360382,18.871338,39.490967,0.965246
550,611.877686,179.763779,39.482239,88.801132,0.963919
550,520.465637,186.922241,17.172363,37.426407,0.880713
550,524.429199,188.312759,14.782593,31.936859,0.880713
550,517.546326,184.079514,21.389709,45.737015,0.880713
550,522.342041,193.971710,15.888672,34.149521,0.880713
550,522.674866,181.019135,22.083252,48.072327,0.802538
550,520.679382,178.371735,18.646667,41.574158,0.682044
550,516.317749,200.077484,12.223694,29.702866,0.522732
550,516.144897,183.824493,12.622498,28.907593,0.499723
550,519.195129,196.533234,20.297852,41.990662,0.370231
550,614.272644,158.861664,42.689453,93.914825,0.359419
550,433.357605,184.423401,11.469757,24.795685,0.306734
550,625.523499,188.114151,33.366028,75.539505,0.284693
550,418.004639,185.589966,11.586029,25.553329,0.279260
550,418.139496,178.046829,12.238281,26.495972,0.279260
550,414.847351,181.725403,15.437317,32.669357,0.279260
550,608.783752,185.422333,34.244141,76.943634,0.179531
550,433.681549,179.373581,11.276367,24.273682,0.146919
550,430.705078,182.667862,14.075378,30.130203,0.146919
550,430.400787,176.785553,14.173676,30.255096,0.146919
550,614.472900,155.785446,57.542480,120.909012,0.094510
550,625.818542,164.295914,31.580750,77.817673,0.067241
550,509.457062,188.081116,23.107208,48.475983,0.058906
550,519.627075,186.503922,24.169434,51.351974,0.058906
550,619.404419,190.782761,30.801392,76.639999,0.058624
550,617.531921,188.874466,38.854126,87.536057,0.058624
550,413.840607,174.048233,19.509460,42.219604,0.034470
575,544.355530,169.038010,18.995239,42.691437,0.996110
575,543.441345,170.253647,23.603394,52.204926,0.993883
575,545.919189,182.091034,18.137573,38.940475,0.993883
575,551.099182,171.890442,21.353821,48.076996,0.983734
575,548.674988,174.189163,18.962830,42.075439,0.724377
575,549.649414,181.219879,19.194275,42.687607,0.724377
575,547.808411,173.104233,23.978149,56.292068,0.724377
575,536.077759,168.785034,22.661926,46.617142,0.660019
575,551.666931,177.957306,18.257446,38.597076,0.659079
575,551.179565,172.275101,17.814087,38.025299,0.659079
575,555.845337,172.513824,14.942993,32.226791,0.659079
575,360.418091,168.311401,10.774017,24.231583,0.332542
575,360.756348,164.250061,10.521698,22.846725,0.332542
575,545.464905,169.801178,15.443420,32.484268,0.306767
575,549.408630,161.107468,20.449158,46.059937,0.286753
575,358.536743,163.883408,10.136993,22.525604,0.154893
575,529.228577,166.719788,27.434998,57.710098,0.098350
575,358.279907,168.309998,10.516937,22.845306,0.054461
575,356.091248,153.141769,17.340179,36.824371,0.045442
575,555.625671,188.557434,13.793274,31.130432,0.039040
575,359.120605,165.783401,14.184082,29.046524,0.034301
575,355.023132,159.110870,20.040314,45.079987,0.034301
600,569.846802,180.385086,24.460754,53.451859,0.995389
600,571.799072,176.141327,22.075500,47.296829,0.995389
600,574.074341,193.327087,17.956787,37.920547,0.983522
600,560.783142,177.021530,26.506531,53.439987,0.948240
600,564.269104,184.188644,21.375977,44.104309,0.948240
600,579.636841,182.805008,20.404053,44.959290,0.693842
600,576.271667,172.531036,25.107117,55.016159,0.470531
600,565.032471,183.434433,17.248596,37.588821,0.133440
600,566.300232,167.241577,33.151184,69.403595,0.070395
600,548.661499,187.001923,13.752075,29.740692,0.051391
600,546.855347,179.234589,14.059570,31.042099,0.051391
600,358.942017,178.557465,10.060730,21.930237,0.037328
600,547.519897,181.519165,17.057129,36.433960,0.035614
600,545.790039,177.542389,20.942078,44.892181,0.035614
625,605.688477,172.737732,29.656250,63.262070,0.993101
625,612.034485,175.184143,27.125305,59.975983,0.993101
625,603.378723,179.841980,29.892639,65.221268,0.993101
625,608.296265,188.374435,23.820618,54.578094,0.946176
625,608.779785,180.591019,24.250366,50.692947,0.933398
625,615.801575,182.327362,22.256897,45.145248,0.729916
625,614.034302,166.930969,31.029358,67.165497,0.581977
625,604.990784,160.166855,39.938660,87.003113,0.267331
625,598.500366,170.144287,32.545715,66.378159,0.154856
625,599.579834,179.894730,26.359253,55.544708,0.154856
625,611.451477,184.997147,32.119202,69.326309,0.147523
625,609.025391,175.118713,21.176575,46.504150,0.114187
625,617.298889,175.620102,20.321350,42.120926,0.035656
650,673.635620,168.047577,39.801086,85.941711,0.735974
650,562.858459,186.043121,13.364380,29.286789,0.312225
650,563.792786,194.093796,13.366272,28.858368,0.312225
650,561.279602,189.653717,16.697449,36.647339,0.312225
650,558.205078,175.386841,18.341370,39.829285,0.218671
650,668.856812,177.695709,36.258484,78.451538,0.173090
650,682.468323,167.200104,34.015259,97.389740,0.141033
650,561.565186,180.352509,12.768005,27.192947,0.102254
650,680.834717,196.109390,28.953857,61.756393,0.054052
650,669.304382,191.232605,32.022644,70.474030,0.054052
650,690.315125,172.280853,28.023987,74.035324,0.038747
675,578.984131,202.995453,13.157166,28.756226,0.881712
675,576.571838,201.899887,16.472473,36.254059,0.729422
675,574.976562,193.221619,20.491150,43.953979,0.627541
675,578.919861,195.160919,13.259094,28.776581,0.422151
675,575.959656,192.998596,16.700928,36.726868,0.422151
675,319.056671,180.943802,16.203827,34.586945,0.227845
675,318.043640,186.883102,18.490509,39.828888,0.227845
675,315.237915,174.580338,23.981873,50.680283,0.227845
675,322.451141,179.374527,11.665619,25.424423,0.220416
675,313.519562,188.025513,11.016418,23.352158,0.111227
675,322.293610,191.995026,11.504059,27.120987,0.076204
675,318.586060,167.585541,20.118225,40.825256,0.038613
700,593.542603,202.163132,13.740479,29.356277,0.565453
700,595.048096,207.104843,12.809082,26.964722,0.319946
700,591.967224,200.963745,16.235657,36.261673,0.319946
700,590.244873,197.640533,20.019104,43.942093,0.319946
700,590.013123,189.962799,17.841553,39.833160,0.089094
700,593.626465,192.081482,14.464600,31.412048,0.089094
725,632.623962,194.991562,19.812805,42.641357,0.211410
725,628.746887,197.707321,16.293396,35.781158,0.144231
725,626.250366,193.052185,21.174011,44.962875,0.144231
725,636.033020,198.481293,15.714722,33.656998,0.134815
725,636.066772,204.853836,16.449341,35.715988,0.134815
725,639.745056,210.135666,13.070862,29.306442,0.134815
725,562.354980,181.417374,14.297729,31.341599,0.079697
725,562.469116,174.766266,13.898376,30.046616,0.079697
725,558.983459,170.568176,19.435181,41.050354,0.079697
725,325.745880,181.882385,11.707214,25.532227,0.073495
725,322.846893,178.937622,14.647949,32.871872,0.073495
725,634.123840,183.880325,22.517883,48.654495,0.054536
725,627.619141,205.183914,15.946228,34.868973,0.047737
725,628.749573,209.478043,12.892456,28.866623,0.047737
725,626.100159,199.937332,19.099304,42.770065,0.047737
725,628.168640,201.616592,13.775024,29.789688,0.045033
725,637.268982,189.340836,16.423523,36.497742,0.043151
725,326.975586,175.697266,11.105530,24.280884,0.035431
725,325.538971,176.870911,9.737274,21.343994,0.035431
800,326.579468,177.023468,10.569519,22.931122,0.141622
800,325.713959,183.842407,10.112488,21.556534,0.062080
800,323.800262,176.625946,14.628998,30.985474,0.062080
800,324.319214,170.024155,16.407471,34.356766,0.062080
900,421.185394,185.692459,12.030884,26.619797,0.669381
900,420.184753,180.058685,12.202911,26.257416,0.348517
900,416.612701,177.588654,15.250580,33.610199,0.348517
900,415.307770,172.880875,19.784119,43.747330,0.348517
900,419.310638,181.462448,15.359558,31.889618,0.054646
925,435.162018,185.625671,14.227631,30.874832,0.981362
925,435.595917,192.188812,13.177460,28.017380,0.981362
925,433.479156,188.856674,17.657990,37.052780,0.947173
925,435.484161,182.834839,11.642151,26.595978,0.935231
925,430.545502,175.799881,22.047913,49.071548,0.289675
925,432.974152,194.152969,14.439484,33.558487,0.095939
950,451.097900,183.144409,15.410614,33.623230,0.995138
950,449.446381,180.902054,18.854340,42.239655,0.777640
950,448.726562,187.955627,14.860840,35.421387,0.411746
950,448.252502,172.289780,18.788116,39.030273,0.230620
950,456.972961,183.096252,21.544708,44.561035,0.051694
950,431.336578,171.160461,23.119873,51.298630,0.037437
975,463.847778,188.165756,17.199554,37.306793,0.994764
975,553.121216,92.695297,111.231445,246.622513,0.994540
975,536.516418,102.913353,106.099426,229.897583,0.980173
975,465.971924,186.599106,14.193146,31.721359,0.974914
975,579.108398,109.815628,97.767944,211.327896,0.957041
975,461.881958,184.141251,21.500641,47.715240,0.359953
975,603.948792,141.207748,81.235413,172.823074,0.339164
975,621.123352,193.853714,52.771423,111.809402,0.336924
975,465.835815,198.144852,11.824249,29.906174,0.307918
975,537.742065,153.764267,76.846252,166.254837,0.213724
975,608.674866,181.984360,56.763794,120.153549,0.109061
975,629.980286,205.159134,38.690918,88.251083,0.079871
975,616.603638,206.171906,44.085632,99.601501,0.078020
975,548.861572,142.824661,94.049377,202.763046,0.057511
1000,475.338226,144.341125,72.854401,156.915924,0.969942
1000,490.506287,138.719009,71.740784,152.261856,0.935585
1000,455.324799,135.226990,77.814911,168.295776,0.934004
1000,452.515930,151.826706,63.345276,138.130173,0.838767
1000,445.066772,100.594254,98.609985,214.242020,0.411793
1000,501.350861,176.254761,53.082855,114.359314,0.295602
1000,508.799927,200.451370,44.289856,98.976181,0.177229
1000,495.257324,153.947083,57.304382,128.519257,0.107525
1000,463.929230,151.232803,51.490997,118.071640,0.104064
1000,432.321838,172.769196,14.349640,30.606720,0.077083
1000,455.978180,169.170410,51.377960,115.478424,0.076871
1025,490.457520,192.131836,20.555176,43.763321,0.993905
1025,414.739197,153.781189,57.701202,125.014160,0.993398
1025,488.251434,188.178497,20.249054,43.335037,0.993311
1025,487.310089,186.411850,24.383911,53.366623,0.993311
1025,483.464569,188.150543,21.358002,46.133469,0.990167
1025,479.653717,189.877563,26.172150,52.708160,0.978382
1025,402.448425,147.350266,65.678223,143.616318,0.977436
1025,491.513275,184.619415,17.729492,40.158707,0.968396
1025,485.173218,196.315628,16.019592,34.732101,0.893174
1025,485.004211,187.893417,15.384186,33.793182,0.893174
1025,402.254028,146.734131,53.737061,123.325836,0.613973
1025,480.331879,185.677155,21.848541,44.738098,0.535248
1025,375.514160,182.633240,13.220673,29.270218,0.521822
1025,374.277435,180.205231,11.435425,25.860001,0.521822
1025,428.269257,166.053131,50.162506,109.840454,0.418588
1025,374.419006,178.120529,17.119537,36.343826,0.350668
1025,395.210083,158.586380,52.078522,120.247787,0.337580
1025,432.684113,162.013809,40.219849,93.747131,0.263557
1025,388.888519,139.317612,64.568481,139.865738,0.249506
1025,388.645020,122.443718,77.603302,167.189362,0.235626
1025,488.621002,193.164154,25.922028,58.596878,0.230129
1025,397.561340,117.942627,85.927490,184.263000,0.192608
1025,481.006653,178.724899,26.360840,56.268860,0.156344
1025,495.106567,184.869110,14.229340,29.803635,0.136964
1025,406.300903,163.765762,44.302643,99.487381,0.131512
1025,435.784424,170.543549,46.037659,95.001526,0.130820
1025,375.734955,185.188660,16.208710,35.458023,0.118689
1025,375.260345,190.503723,13.150085,29.387955,0.118689
1025,373.640259,181.144547,20.779083,42.813934,0.118689
1025,482.984009,196.980362,20.296234,42.604599,0.099939
1025,485.046875,201.828903,14.860321,34.645889,0.099939
1025,474.894836,173.079910,41.786926,85.708511,0.087528
1025,496.623016,178.390823,24.579498,54.479050,0.086820
1025,392.634247,157.315140,46.593994,101.809402,0.076733
1025,382.649384,179.020035,13.556274,28.913849,0.076710
1025,379.454376,177.765152,16.841888,38.022552,0.076710
1025,419.150391,158.088135,43.948700,97.965485,0.075155
1025,378.364960,183.994629,18.224213,39.819672,0.073872
1025,475.474060,190.454758,28.839050,63.453979,0.053365
1025,381.073883,151.289627,58.344635,124.057724,0.051940
1025,290.307373,189.082840,12.849976,28.325089,0.042949
1025,287.689758,186.439224,16.017609,33.714020,0.042949
1025,289.948608,195.197449,12.696442,28.938889,0.042949
1025,286.891876,191.231476,15.978119,35.007477,0.042949
1025,413.558777,137.022552,71.764404,150.390900,0.039651
1025,480.703613,169.911987,35.002930,74.267181,0.036701
1050,487.276489,168.539154,28.328308,61.444092,0.990578
1050,492.353912,176.621414,20.914337,44.603592,0.990578
1050,490.622070,181.481339,24.119751,52.068787,0.990578
1050,352.351349,133.495026,52.998016,115.960464,0.955170
1050,484.322693,178.058533,21.419312,46.063507,0.940683
1050,493.181915,170.823761,26.486847,57.808441,0.938958
1050,345.236023,149.957855,50.866486,110.073578,0.937307
1050,362.485321,148.048187,45.553680,99.597519,0.895231
1050,492.605316,166.459290,20.986420,48.108948,0.861824
1050,485.112701,174.455475,25.085907,53.362457,0.799774
1050,356.370941,153.116180,44.528503,97.835617,0.514731
1050,479.532471,162.956451,26.970184,60.271133,0.454855
1050,340.624390,128.201416,60.066803,127.392151,0.450178
1050,488.822449,175.612289,20.126129,43.900894,0.392763
1050,371.325897,152.990952,43.433960,93.724747,0.247741
1050,499.702454,176.655151,23.861572,53.219147,0.240212
1050,337.444366,148.900421,45.364868,102.210190,0.220787
1050,270.959595,182.204315,14.867126,32.517578,0.159868
1050,272.509521,177.796005,13.887848,29.892197,0.159868
1050,268.981323,175.410370,17.348114,36.452576,0.159868
1050,485.854004,157.295853,34.340576,74.720001,0.150984
1050,487.072876,171.467285,18.929596,42.157654,0.129232
1050,487.399841,181.502838,17.204132,37.901932,0.129232
1050,486.901001,173.126450,15.760803,34.909439,0.129232
1050,479.950775,180.365372,25.129547,55.465240,0.121647
1050,480.882629,167.971603,23.588593,47.556854,0.082512
1050,486.769073,187.559540,16.419495,37.476669,0.046684
1075,503.533142,171.241058,28.580383,62.123596,0.981921
1075,498.246979,172.688614,27.317352,59.500610,0.981921
1075,296.621216,156.734039,39.040924,87.808624,0.960683
1075,306.046173,165.620132,36.436462,81.074768,0.827858
1075,503.687500,187.386124,25.195679,55.677795,0.804478
1075,500.245422,178.938766,22.222595,48.273209,0.599235
1075,504.946411,173.498535,23.597168,49.978333,0.421515
1075,309.360687,156.518539,44.353302,95.117432,0.391555
1075,291.952637,166.568024,40.980957,87.580795,0.303036
1075,500.737000,178.166962,34.500061,74.288055,0.266017
1075,289.467743,154.235657,37.157471,85.261581,0.263378
1075,500.084747,187.040375,20.131866,44.380569,0.212689
1075,319.123962,167.180450,34.962097,72.563156,0.190375
1075,504.246918,169.144608,34.517365,73.757370,0.148407
1075,348.171906,180.257217,15.583069,34.470673,0.142445
1075,350.348938,176.360931,12.934357,28.479004,0.142445
1075,510.349854,175.453674,26.135681,57.112457,0.109854
1075,492.124603,167.876282,28.080780,56.657944,0.107990
1075,499.179718,173.905991,19.264923,41.635269,0.079598
1075,282.283997,175.171600,38.178284,84.427155,0.071291
1075,345.329956,176.578476,19.696533,41.500412,0.041390
1100,262.728485,159.763962,36.063293,79.699356,0.988220
1100,267.115021,165.787598,36.350891,79.511414,0.986063
1100,262.242004,158.619781,44.441650,93.952499,0.986063
1100,548.513794,171.497849,36.982056,79.133804,0.929572
1100,274.333496,165.967667,27.994507,64.601776,0.694667
1100,257.489105,165.507309,39.947327,87.416504,0.563959
1100,250.999329,159.056015,40.566772,88.054504,0.525028
1100,541.841064,159.360931,41.475220,93.854233,0.442117
1100,554.527222,164.882721,36.227112,81.970795,0.373535
1100,271.492767,158.367172,37.305267,81.785965,0.195080
1100,545.200806,174.363678,30.401001,66.903320,0.163394
1100,557.192993,181.384995,22.450012,49.490387,0.118892
1100,562.191772,184.987869,33.195801,75.407822,0.091745
1100,267.615448,174.385880,28.037292,54.492920,0.090856
1100,270.144623,172.461838,38.419800,87.573166,0.089743
1100,251.160599,174.370895,35.820969,77.859863,0.078280
1100,276.359375,156.907944,31.874695,69.000397,0.073649
1100,550.367737,157.906494,51.685120,108.952789,0.061233
1100,227.662109,191.314713,12.367111,26.533600,0.050811
1100,227.864166,197.988098,12.235580,26.868607,0.050811
1100,225.884476,188.542282,14.960709,33.606796,0.050811
1100,225.805496,195.269241,14.137619,33.436829,0.050811
1100,224.896286,187.589584,18.877914,41.362503,0.050811
1100,252.516327,150.169128,52.154083,109.865173,0.040389
1125,648.951355,135.714539,61.449585,133.110474,0.992944
1125,647.557556,148.949219,51.582764,111.735535,0.992944
1125,221.605103,162.094727,32.638519,71.381638,0.978840
1125,232.228546,154.434845,32.137024,70.348450,0.978639
1125,225.699097,153.363266,34.275909,74.504089,0.978639
1125,234.809311,150.830124,38.232956,81.751709,0.964714
1125,234.077637,164.727890,26.576752,54.687607,0.837510
1125,241.556198,167.642181,23.689346,52.100983,0.473751
1125,653.159180,113.001617,52.475342,173.030029,0.262018
1125,662.294128,125.911942,47.637817,173.582138,0.196402
1125,225.215347,172.607086,20.761108,45.688690,0.179062
1125,659.455505,149.546219,40.101685,93.420517,0.169563
1125,216.123932,147.462891,35.348160,78.792496,0.114011
1125,213.956772,139.167648,46.890976,100.212234,0.111423
1125,656.153503,172.278687,43.862122,100.515564,0.071838
1125,222.560989,146.942032,45.787125,97.552261,0.062773
1125,223.161072,163.712509,24.753006,48.805679,0.062269
1125,191.255646,183.524902,18.332993,40.054977,0.053939
1125,191.246002,171.691666,20.053925,43.538239,0.053939
1125,188.075165,174.106339,26.207214,55.819519,0.053939
1125,236.237793,158.692062,21.943787,45.513931,0.041971
1125,641.590332,143.877869,49.497925,107.704086,0.038113
1150,256.091125,178.983353,15.195038,32.776642,0.993664
1150,252.657272,177.639938,20.832748,44.440552,0.991191
1150,266.369141,183.976089,13.700836,29.167313,0.969258
1150,229.455597,175.077469,28.376709,59.202927,0.954003
1150,222.627350,175.518784,27.447205,58.549088,0.948504
1150,235.342621,178.253952,20.101044,42.212906,0.879754
1150,216.286514,164.929016,33.169846,74.677826,0.867344
1150,255.138474,168.747864,20.595596,42.706696,0.845493
1150,232.598267,180.685867,21.966064,46.800095,0.744518
1150,214.716492,170.409439,26.328522,56.698257,0.697797
1150,221.235474,163.941589,26.038605,59.819885,0.680495
1150,226.782761,165.095184,34.151352,76.707474,0.403350
1150,208.657822,168.217514,33.055527,71.170624,0.374036
1150,253.769867,185.830688,16.968323,40.276703,0.328488
1150,221.954681,186.453461,22.735687,52.175644,0.326471
1150,247.809677,176.418427,24.937088,54.888901,0.253500
1150,212.101425,178.266174,23.693527,49.199966,0.208588
1150,212.601166,181.285507,19.329651,39.849411,0.208588
1150,262.483490,179.318481,22.346100,46.023376,0.199511
1150,221.034409,162.046906,22.983948,49.778992,0.172818
1150,223.420822,171.064728,21.987625,46.597519,0.159885
1150,211.799026,189.242157,17.729538,39.296860,0.127286
1150,231.236740,164.606766,26.827408,55.009399,0.093748
1150,211.096390,173.783493,19.906281,44.036453,0.086482
1150,211.814606,175.601913,16.647507,35.087860,0.086482
1150,269.743256,179.821869,10.276764,22.330124,0.064238
1150,264.460449,177.389557,13.232025,28.397156,0.064238
1150,262.944580,175.120102,17.192322,39.040573,0.064238
1150,224.061005,149.768570,42.942261,90.043671,0.050710
1150,270.163727,185.670654,10.306122,23.364761,0.043082
1150,208.390121,162.968109,28.255432,58.402267,0.038504
1175,235.218185,173.841187,19.409866,41.007889,0.994308
1175,238.276901,173.274857,15.956818,34.985779,0.994308
1175,237.212082,165.206940,21.133682,44.353470,0.974240
1175,238.446594,182.460159,16.115829,33.729065,0.972258
1175,204.647919,165.642532,28.330811,60.753372,0.873285
1175,215.060699,162.618378,29.545609,61.326859,0.873285
1175,232.113708,170.450943,23.070023,50.511124,0.850670
1175,241.871307,170.602722,13.480255,28.119583,0.768174
1175,202.339981,159.651031,34.347275,73.719727,0.593307
1175,219.624741,168.587509,21.667709,46.650665,0.435966
1175,221.287384,171.206726,18.002502,37.756165,0.435966
1175,220.734573,177.867065,19.414673,41.291672,0.435966
1175,210.176270,158.294754,34.961533,77.088425,0.337750
1175,213.446854,171.440887,26.584671,55.962662,0.296977
1175,217.107849,161.280365,20.825333,45.390381,0.280492
1175,204.287506,162.771576,24.909775,53.834412,0.260202
1175,206.144135,178.684418,26.101028,62.402725,0.074976
1175,244.644012,171.228531,24.011658,50.110947,0.057966
1175,228.502518,171.603333,28.903732,64.885071,0.056506
1175,199.329239,165.738968,30.339325,66.535797,0.054589
1200,285.752563,172.578323,18.331299,39.636627,0.992473
1200,285.611450,181.566315,18.464325,38.526260,0.989381
1200,201.179718,169.674881,29.738541,64.840881,0.980604
1200,209.723175,165.739258,28.969055,63.893402,0.979127
1200,283.703094,164.073669,22.408508,47.962311,0.963272
1200,280.934845,177.063919,13.176819,28.519455,0.943629
1200,208.378387,171.353531,23.518326,50.200180,0.922757
1200,282.646637,175.873825,17.786621,37.849838,0.898974
1200,278.486664,170.997314,25.285248,52.875656,0.898974
1200,278.151154,180.081299,20.767212,43.681442,0.898974
1200,204.915054,158.935898,26.980026,59.689728,0.816970
1200,215.144196,173.463165,22.046112,46.563339,0.621465
1200,290.733887,173.812851,13.389404,27.851135,0.547698
1200,291.473236,170.799545,10.846649,26.562927,0.547698
1200,293.446930,173.715088,19.395355,42.184219,0.543797
1200,216.539963,166.787338,25.070709,54.797104,0.542531
1200,195.480682,147.280624,43.910706,88.858032,0.403203
1200,292.839966,163.616425,24.394867,52.995209,0.239877
1200,199.716537,167.528900,24.235870,51.978455,0.192439
1200,282.641174,181.798019,13.633484,29.578262,0.156511
1200,280.617798,182.681671,12.726715,27.415726,0.156511
1200,215.014893,183.216812,22.924286,52.813095,0.082043
1200,276.198730,152.031525,38.258362,77.667419,0.075678
1200,591.262817,172.832413,16.759216,36.312668,0.053024
1200,593.440125,178.829819,13.438110,29.500641,0.053024
1200,591.033691,170.427673,13.877747,29.909027,0.046648
1200,588.462402,165.398529,18.620667,40.313141,0.046648
1200,614.503357,151.939377,37.265564,83.307693,0.034773
1225,430.284912,173.928955,26.107513,59.231079,0.995946
1225,436.453094,173.501266,20.788025,48.243835,0.989425
1225,219.477814,162.546097,28.167252,62.342102,0.987879
1225,222.384567,169.199707,22.072510,47.049973,0.972073
1225,432.649414,168.566528,21.369659,48.243881,0.950704
1225,225.558670,169.135406,24.016357,53.795761,0.948134
1225,438.454651,164.777267,23.696991,54.930710,0.871740
1225,215.951401,168.068100,23.733017,52.188705,0.802804
1225,226.689804,154.089951,27.376144,61.998398,0.700481
1225,427.074493,176.130951,25.014313,54.147644,0.691727
1225,435.997772,178.273376,26.530701,59.699951,0.691727
1225,231.372299,161.934433,23.533066,51.075150,0.648196
1225,209.546326,155.112137,29.318665,60.900452,0.353915
1225,222.073486,160.377274,21.394943,44.821518,0.340407
1225,422.192139,170.755646,25.666260,54.631409,0.128151
1225,434.311310,167.465561,14.916107,34.103622,0.062051
1225,221.649750,176.101547,22.610641,49.842575,0.060623
1225,427.700317,156.498184,36.705902,78.925537,0.044932
1250,497.097412,161.433701,32.184509,69.466507,0.995939
1250,498.012787,162.350052,25.701935,57.233627,0.995939
1250,503.831818,162.219879,25.947540,58.117233,0.995939
1250,494.883636,166.559708,27.432770,63.978378,0.995867
1250,416.162781,159.158371,25.813080,55.815353,0.995057
1250,419.696533,165.092865,25.420837,54.257217,0.995057
1250,414.711151,164.350937,28.775024,62.964172,0.995054
1250,234.477875,161.968658,26.607330,57.859528,0.992700
1250,236.662750,157.096619,22.523346,48.851349,0.992700
1250,237.871735,174.513245,20.728241,43.798477,0.960778
1250,417.872253,173.663834,21.939362,50.157959,0.955899
1250,243.015579,164.363205,23.044357,49.716721,0.951928
1250,231.575775,161.612610,23.832245,51.338593,0.912262
1250,421.763214,150.490143,27.984009,62.114120,0.798489
1250,246.711792,161.225006,21.684326,45.786575,0.777185
1250,225.152664,154.508865,29.670441,62.441345,0.718830
1250,227.906937,157.786636,23.424454,51.110001,0.718830
1250,498.676422,172.457840,27.225616,63.424683,0.669670
1250,414.647980,149.209045,21.618225,48.517563,0.630798
1250,241.529236,165.027893,27.598785,61.811356,0.416172
1250,503.077362,173.474792,25.572723,52.722610,0.383258
1250,229.924698,149.791138,37.630722,78.361435,0.313760
1250,419.944733,167.006744,31.475708,69.122559,0.150101
1250,502.772644,159.141296,34.581116,75.117645,0.119078
1250,509.507874,167.499283,26.118164,59.324387,0.119078
1250,244.581467,148.379288,26.277695,58.112091,0.063386
1250,499.590393,162.534622,19.445679,41.694565,0.057599
1250,422.636292,159.308121,21.459534,43.033325,0.041276
1250,427.486633,159.861389,16.541901,37.154404,0.041276
1250,507.905304,161.025223,18.139862,39.896713,0.038097
1275,575.283325,166.521042,42.484070,91.503281,0.997959
1275,493.201599,167.430176,36.491821,78.066544,0.994933
1275,502.310303,163.573685,30.010620,66.473846,0.986826
1275,571.673645,169.160812,37.993103,83.897568,0.937031
1275,580.867004,155.785934,38.831848,86.051636,0.893009
1275,262.270111,174.379456,20.587646,45.418274,0.656543
1275,262.773499,180.293259,16.512634,35.940857,0.656543
1275,578.331238,165.212799,33.912476,74.149200,0.636872
1275,261.167633,170.868713,18.642822,42.329529,0.597287
1275,261.702667,173.690048,15.234253,33.170624,0.597287
1275,491.196533,150.507446,43.690125,91.712540,0.541691
1275,575.899902,173.519150,30.900574,58.228500,0.524582
1275,505.201050,176.058823,24.671204,51.095154,0.490304
1275,503.315491,179.981110,27.340515,64.159775,0.343692
1275,500.721344,176.336487,35.426178,80.281921,0.343692
1275,498.284546,172.645172,26.758545,53.826981,0.268974
1275,500.856079,158.467911,26.814697,64.053131,0.155115
1275,266.923798,179.462723,17.852966,38.099457,0.139808
1275,263.059906,166.479935,27.882050,58.908051,0.133710
1275,266.453186,182.137268,19.955444,45.564575,0.133710
1275,257.932251,177.844711,23.049866,51.050247,0.133710
1275,494.745941,154.015411,34.239471,76.053818,0.114468
1275,267.019470,172.025009,17.923187,38.459549,0.112498
1275,583.585083,161.885910,25.600342,60.743591,0.112336
1275,583.052612,172.150543,40.850464,92.164703,0.093177
1275,500.998688,160.894363,40.889313,89.174698,0.086110
1275,496.842987,159.406601,25.354279,57.143326,0.084939
1275,261.565613,189.406143,16.711853,37.282333,0.071578
1275,505.734711,172.024246,32.915863,69.703964,0.065189
1275,582.148621,179.719925,33.387634,61.366241,0.059225
1275,587.998413,185.592270,23.913818,53.346191,0.059225
1275,587.019775,181.984207,33.361816,70.774689,0.057799
1275,507.857574,153.623276,34.440277,80.799637,0.037660
1300,586.787415,134.560089,49.434631,108.355499,0.997183
1300,597.944946,140.259201,42.617981,98.743729,0.979287
1300,598.467773,126.598846,52.467834,109.531921,0.799874
1300,595.170166,131.178146,40.759460,90.281158,0.773495
1300,586.452148,144.456665,40.139038,88.831299,0.523798
1300,585.111450,126.893539,39.827026,91.139282,0.194229
1300,606.356873,125.350388,38.306885,89.451492,0.080410
1300,606.574646,153.856812,40.388550,90.888290,0.059683
1300,577.720764,103.299881,73.124573,155.857864,0.047147
1325,67.192062,175.936630,11.839554,25.957840,0.987947
1325,65.462112,170.778488,15.738029,33.137589,0.987947
1325,65.098396,176.252029,14.883041,31.969299,0.869637
1325,68.618385,169.607071,9.245369,22.458389,0.511743
1325,64.186005,181.099045,13.576851,30.707153,0.264884
1325,63.231030,177.998718,17.983715,36.441116,0.264884
1325,61.983658,167.040955,20.687294,46.285004,0.036478
1350,59.818722,170.250137,13.519962,29.053604,0.901213
1350,55.877136,169.218567,13.948441,30.499817,0.897536
1350,56.754417,165.048309,17.733223,39.725616,0.849837
1350,59.148052,163.197983,15.051991,34.043701,0.849837
1350,65.071419,165.533035,10.365227,24.360779,0.838284
1350,55.094082,164.223709,11.369572,25.816071,0.703063
1350,53.596889,164.438858,18.243389,38.562805,0.681653
1350,51.415371,159.875015,23.278736,49.906906,0.681653
1350,59.583229,156.664215,21.881203,46.986252,0.037118
1375,51.207684,180.669647,15.994167,33.998016,0.969540
1375,52.064056,177.769272,14.061974,30.960999,0.969540
1375,48.381321,165.882889,19.007740,40.760025,0.417480
1375,50.785671,186.275589,13.836414,31.810638,0.282384
1375,47.411888,178.446686,19.973122,41.950607,0.185044
1400,590.843628,173.193390,12.709167,28.034760,0.053199
1400,591.264709,179.080383,13.077271,28.656387,0.053199
1425,45.082241,184.776093,13.240341,28.843567,0.966047
1425,41.917530,182.021805,15.428501,33.344086,0.966047
1425,46.210823,181.219269,12.476261,27.386566,0.966047
1425,47.781303,188.953094,11.657776,27.792206,0.682260
1425,44.599251,166.127991,17.695034,38.254807,0.089962
1425,39.725983,185.584869,12.516144,27.428009,0.065655
1425,39.777119,176.359131,13.269398,29.043121,0.065655
1425,38.559460,176.284149,11.621605,25.932358,0.065655
1425,37.901009,174.773270,16.602139,36.137115,0.065655
1425,42.887390,180.947037,21.873024,46.681839,0.042098
1425,590.693542,175.929672,13.157166,28.640121,0.041102
1425,590.780518,181.098297,13.489441,29.802734,0.041102
1450,44.230988,183.024506,13.366081,28.825851,0.987624
1450,41.514320,181.267029,14.176456,31.080750,0.987624
1450,47.453758,178.956955,12.444244,28.255814,0.987624
1450,42.403805,177.310562,16.740314,37.685272,0.987624
1450,47.392712,188.300980,11.987671,27.257416,0.820535
1450,38.997139,184.015930,12.911499,28.727081,0.683539
1450,39.265907,178.304611,14.429317,31.140533,0.683539
1450,38.238636,177.229126,12.133663,27.384583,0.683539
1450,36.265186,175.622391,20.459366,42.421646,0.513255
1450,34.737831,185.002304,16.243599,36.434708,0.513255
1450,34.741840,182.125809,20.918926,44.463181,0.513255
1450,44.550373,168.946625,16.737633,36.076691,0.239018
1450,42.590378,177.850662,20.405800,45.466537,0.181835
1450,37.361374,190.764038,10.992065,25.971130,0.061945
1450,1.325391,202.205261,27.136787,90.087341,0.061847
1450,1.000000,208.281601,23.955914,72.333298,0.041295
1450,1.301263,206.332672,35.515205,78.993652,0.041295
1450,1.004026,189.514786,38.863487,86.312424,0.033757
1450,7.544716,198.432861,30.880127,70.671295,0.033757
1475,34.958675,187.682892,18.980740,40.766296,0.800246
1475,35.930687,192.148941,15.673943,33.567520,0.800246
1475,33.711014,177.515472,19.468296,43.104721,0.668388
1475,38.589233,176.584366,18.126289,39.936554,0.383426
1475,42.606960,188.104477,13.417454,28.562241,0.357750
1475,37.144295,184.975662,16.665070,35.754623,0.357750
1475,39.846157,193.040573,15.086575,32.022583,0.357750
1475,43.229202,196.996307,12.756454,27.547836,0.357750
1475,27.677900,178.488098,24.859442,52.558243,0.350798
1475,39.842552,176.303970,24.443977,50.665436,0.350798
1475,37.907211,185.065384,24.259811,50.433121,0.350798
1475,35.958206,180.956421,13.255394,30.204987,0.172014
1475,46.046471,181.675690,12.408138,26.818954,0.045974
1500,33.347115,185.926346,13.176598,28.981842,0.988126
1500,29.559385,181.346130,19.186621,42.806381,0.951102
1500,34.831200,183.868637,12.610893,27.263168,0.943131
1500,31.575275,176.051987,17.889847,39.121201,0.927347
1500,1.000000,191.153107,25.320932,79.229065,0.608258
1500,1.000000,187.065643,36.371483,78.021088,0.340399
1500,28.814886,195.913788,16.012644,37.416046,0.090919
1500,2.147469,174.121414,26.469887,86.544937,0.047166
1500,1.000000,197.485550,21.220436,64.788559,0.034154
1500,1.000000,204.930634,19.000584,49.853607,0.034154
1575,18.378687,184.995193,14.790804,32.228638,0.993350
1575,18.890316,191.546646,13.690189,29.591782,0.993350
1575,17.171118,188.210205,18.723543,39.486740,0.981665
1575,17.030037,176.704407,18.697624,41.007156,0.981665
1575,19.383009,182.774170,12.784525,29.222717,0.963819
1575,16.330740,193.301254,15.591337,36.792603,0.457652
1575,23.168076,183.363342,24.034206,51.749176,0.050965
1600,14.067925,187.635757,13.440347,29.403748,0.987428
1600,11.939179,183.317657,16.695641,36.227661,0.987428
1600,11.505007,185.631516,20.193792,43.319687,0.987428
1600,4.479296,183.883224,15.553116,33.874664,0.529764
1600,5.084935,175.713974,18.434505,50.894485,0.529764
1600,12.945179,192.817245,15.759869,37.416290,0.373090
1600,11.341726,175.434967,21.893198,47.167908,0.366144
1600,3.401991,191.615295,16.383659,38.169357,0.290195
1600,4.390745,197.163101,13.045471,29.518921,0.290195
1600,3.322084,173.315674,16.405870,35.634521,0.067961
1600,4.312199,175.072067,12.435211,28.557983,0.067961
1625,1.000000,188.984833,31.560669,112.701447,0.050598
1850,588.980103,184.770889,14.677979,31.045547,0.042059
1850,592.653564,180.538147,12.290283,26.393173,0.042059
1850,589.449646,178.672592,14.895020,32.578934,0.042059
1850,588.256775,177.618103,19.066101,41.168671,0.037578
1850,588.784729,187.010437,18.481750,39.787857,0.037578
1875,4.497536,167.679489,27.645035,83.819183,0.779005
1875,8.985144,181.252640,31.584379,67.994186,0.758242
1875,4.264350,167.330948,39.234722,89.888626,0.721295
1875,2.676316,178.554428,25.300400,67.792603,0.599079
1875,14.457578,175.629730,33.449638,73.950317,0.122914
1875,13.787645,195.336655,24.535936,52.861313,0.083110
1900,104.165932,180.360001,28.348473,60.256577,0.582970
1900,93.876328,178.736374,32.180702,68.338989,0.445987
1900,102.700294,172.350250,36.142937,78.050278,0.284574
1900,105.060394,171.368301,25.093460,56.606995,0.216503
1900,112.781441,184.539291,28.845924,64.152710,0.119524
1900,93.573547,162.927490,39.449890,87.595337,0.095048
1900,102.657387,185.081879,33.511986,74.899292,0.074301
1900,115.930496,187.046234,23.381088,51.912674,0.035760
1950,648.007507,169.638733,24.625549,54.815628,0.993178
1950,650.328369,177.219086,25.317261,54.708450,0.992313
1950,644.111816,178.165390,24.787109,54.307114,0.992313
1950,636.688171,176.485184,26.399353,56.561996,0.914807
1950,644.853699,181.888184,19.121948,40.463348,0.557610
1950,645.716675,166.519089,33.223633,72.766953,0.453346
1950,656.031433,175.043747,26.156250,55.685959,0.439430
1950,636.429565,156.447205,40.855713,88.718689,0.136337
1950,636.962402,160.558517,29.546143,64.373367,0.134169
1950,643.000183,183.778488,22.241272,52.679321,0.066204
1950,645.495361,175.881165,19.906738,40.742661,0.045671
1950,644.080872,174.901382,17.128052,36.290878,0.045671
1975,529.933228,182.948456,23.654663,51.157257,0.995458
1975,525.141846,181.425018,27.898132,62.495209,0.992352
1975,526.765747,192.828812,23.424133,50.097260,0.992352
1975,530.757507,178.059967,28.341431,62.198883,0.991900
1975,534.408691,187.777664,20.213440,44.630417,0.987565
1975,536.966248,182.793304,21.694336,47.575943,0.909656
1975,530.728882,189.138306,24.351074,55.338364,0.591313
1975,523.901611,166.706619,35.361633,75.327820,0.447482
1975,538.119141,184.568787,17.417358,36.210068,0.321255
1975,537.958801,192.556198,17.990417,38.607986,0.321255
1975,529.440186,180.301422,19.687317,41.125031,0.201604
1975,515.435303,186.284378,28.598572,59.229782,0.102634
1975,516.517151,164.156189,43.279358,90.957062,0.050381
2025,51.539738,199.386398,12.908337,28.735138,0.044626
2025,51.186279,192.354462,12.237442,26.226959,0.044626
2025,48.470253,190.883987,15.307285,32.976151,0.044626
2050,588.294800,180.784882,17.134338,36.883575,0.035245
2100,50.683990,196.826691,13.763901,30.825073,0.258633
2100,50.538971,190.570450,13.016998,28.513000,0.258633
2100,48.047585,191.035873,17.907074,38.588593,0.060360
2100,46.926971,176.642960,18.218498,38.752533,0.039340
2875,8.781217,181.528259,30.089260,64.851837,0.984999
2875,6.417398,175.823837,37.397392,82.065262,0.984999
2875,13.970673,174.434326,32.312393,72.759354,0.954167
2875,4.141863,182.476730,26.868008,71.075470,0.791741
2875,19.045874,183.538361,30.750822,64.986771,0.769463
2875,1.848387,171.602249,32.215397,87.002701,0.754344
2875,22.614286,186.341522,23.044401,49.416702,0.319908
2875,10.387129,175.450150,25.736193,59.411774,0.194067
2875,11.188496,195.940399,26.885677,62.570038,0.118051
2875,1.196727,166.875763,26.799578,78.759613,0.089722
2875,27.253191,195.497360,19.226686,41.596420,0.089159
2875,25.585304,203.453201,21.535698,50.032181,0.041806
2900,113.153069,182.533005,30.081551,64.511002,0.995646
2900,110.807396,174.693314,36.445427,80.044159,0.986056
2900,107.146759,182.495285,31.619598,69.323868,0.977341
2900,119.284370,177.639008,29.998756,65.629868,0.974820
2900,111.963387,189.604736,25.593025,54.570267,0.873864
2900,114.360428,198.957443,22.421082,48.274780,0.420079
2900,115.860817,195.948914,27.152931,63.253632,0.168223
2900,100.669228,172.036758,34.580147,77.335220,0.127627
2900,122.435349,183.383591,34.700958,73.859116,0.127056
2900,101.804497,166.417892,47.513664,100.732315,0.054563
2900,118.194305,174.502151,24.841034,57.196930,0.040803
2900,121.020973,199.277237,22.639671,49.054367,0.040707
2975,527.055298,146.237869,57.960144,124.578842,0.994839
2975,535.819397,149.297379,60.833679,131.044785,0.977287
2975,534.886230,157.596100,43.534058,98.348404,0.723002
2975,545.071228,152.574829,54.937805,107.688141,0.449184
2975,511.829498,128.895966,84.817780,172.506012,0.375983
2975,544.886841,159.880249,39.274048,90.782593,0.281199
2975,555.341614,160.509369,41.939148,93.935608,0.223309
2975,526.817688,159.282211,42.515625,94.093948,0.110633
2975,580.053467,170.892944,32.419189,69.609116,0.101333
2975,574.784912,168.084198,40.601685,84.297546,0.093519
2975,558.864624,172.529343,34.924194,76.990372,0.045612
