25,659.365479,196.963089,14.654968,31.378937,0.980752
25,658.747437,192.841888,13.712830,30.308914,0.980752
25,656.958740,189.244690,19.312927,41.240417,0.980752
25,578.464905,193.293945,15.289062,33.347519,0.972408
25,576.515564,189.704086,18.760071,41.308334,0.972408
25,466.050201,198.577499,11.857971,25.865646,0.904387
25,466.598206,194.020874,11.466461,25.595657,0.904387
25,464.050262,191.422821,14.613708,32.383972,0.904387
25,463.348083,193.576813,17.119141,37.496643,0.904387
25,587.554504,196.853912,13.957886,30.867523,0.856954
25,591.141785,198.235825,12.434326,27.573837,0.856954
25,589.772644,194.382416,12.848694,26.883057,0.856954
25,585.172607,193.231567,17.809204,38.852966,0.856954
25,659.043701,201.310120,12.565796,29.574020,0.468945
25,586.231018,194.197708,19.939636,45.629761,0.457494
25,578.908569,201.374191,11.859802,28.892441,0.315077
25,464.115204,197.767395,17.595795,39.286377,0.302090
25,567.798401,199.676926,10.832336,24.246155,0.117391
25,567.898193,192.188965,12.559753,27.749359,0.117391
25,566.903259,196.041382,14.237061,32.008560,0.117391
25,565.312073,191.411209,18.255615,40.406372,0.117391
25,572.029907,188.341843,23.698853,50.462051,0.112692
25,652.732788,188.256119,24.308533,51.862350,0.100252
25,562.341125,185.399017,22.510925,47.627762,0.045573
25,462.006470,182.350510,22.111206,47.954819,0.042261
25,671.283142,199.808060,13.043457,27.936844,0.037561
25,671.369873,191.812500,13.228638,28.277405,0.037561
25,668.563599,195.726456,15.955261,34.322556,0.037561
25,668.297913,187.272476,16.308655,35.551254,0.037561
25,465.304840,200.538559,13.710327,29.497299,0.035873
25,467.369263,205.069550,9.997375,25.138184,0.035873
50,470.227844,190.284546,15.919952,34.431610,0.991586
50,468.255768,189.604630,14.907166,32.878143,0.991586
50,557.691895,193.825226,16.981689,37.514816,0.969824
50,560.544067,192.154587,14.399109,31.583725,0.969824
50,545.206543,191.502701,17.671936,38.611801,0.946689
50,557.506836,195.977798,20.316040,43.212845,0.929671
50,467.359802,192.318237,18.023865,39.302673,0.878926
50,655.454285,196.913666,14.415039,31.326630,0.854184
50,653.548340,190.863983,17.326721,38.002274,0.854184
50,656.391418,192.606735,13.360107,29.628571,0.854184
50,670.357483,198.595215,13.946960,30.177979,0.716315
50,670.626465,192.389191,14.050842,30.589783,0.716315
50,667.917664,188.721542,17.124146,36.892426,0.716315
50,475.312073,192.307343,13.119415,28.602341,0.682751
50,478.043518,192.056931,12.099548,26.491959,0.682751
50,476.404724,197.066116,12.781036,27.387711,0.682751
50,472.444458,193.701553,15.351471,32.353241,0.682751
50,471.012115,187.639282,18.923981,40.472717,0.682751
50,648.421204,199.587448,12.484924,27.509018,0.429864
50,647.897644,193.391174,14.585571,32.037827,0.429864
50,646.590637,192.998108,12.437378,27.215973,0.429864
50,553.461487,187.649033,23.991272,52.278946,0.391365
50,560.879272,201.713486,12.929993,30.895432,0.378671
50,540.284607,185.876038,24.176880,51.715790,0.323370
50,546.136108,199.525482,13.140564,31.769165,0.314737
50,652.542603,194.193680,19.695618,42.852631,0.314359
50,465.691040,184.900375,19.088959,41.007996,0.307827
50,474.801910,180.822083,21.283234,46.874069,0.307827
50,469.167267,187.043915,13.706268,28.860641,0.301895
50,467.870789,196.973526,15.099792,31.554993,0.271124
50,469.240509,201.013687,10.855713,27.226318,0.271124
50,472.239960,176.177673,18.138947,40.746582,0.149953
50,464.538727,186.816956,22.901398,48.526321,0.136039
50,473.087677,198.804871,15.786499,34.341370,0.133341
50,472.347961,198.789597,19.464844,40.735107,0.133341
50,645.736694,201.528091,13.811035,31.868286,0.075188
50,645.282349,198.915588,17.253967,39.824341,0.075188
75,513.777893,183.848038,18.969666,41.811951,0.982598
75,514.883423,191.034546,15.316101,34.330276,0.982598
75,486.034576,187.431702,15.564880,33.556839,0.971293
75,485.015015,192.506195,13.817871,29.801300,0.971293
75,528.042603,185.231689,18.914001,41.880157,0.963397
75,529.730957,191.797729,15.557190,34.879822,0.963397
75,648.998169,193.563889,15.001099,32.580948,0.953435
75,646.882202,190.981842,14.921387,32.495407,0.953435
75,646.341492,187.194443,18.940735,41.471054,0.953435
75,537.201965,187.200302,16.700317,36.924606,0.884309
75,540.873596,188.016998,14.645935,31.411026,0.884309
75,538.783752,191.979340,16.354065,35.151184,0.884309
75,533.962524,184.462677,20.884216,45.008926,0.884309
75,528.467651,180.212326,17.090454,37.939178,0.871168
75,512.459595,189.107391,20.754761,45.012390,0.861215
75,483.805054,181.937073,16.430481,35.790894,0.858651
75,527.470337,187.907028,21.824707,48.374268,0.805652
75,511.990906,179.297943,23.593445,48.935089,0.790936
75,526.018311,179.214233,23.799744,50.963852,0.748418
75,652.971863,194.946625,14.469238,31.330460,0.731514
75,654.665710,191.474884,13.607117,29.911926,0.731514
75,649.174011,186.941986,19.981262,43.386475,0.731514
75,536.019958,178.635651,22.948120,50.534622,0.724592
75,480.271332,183.140182,21.861664,45.599289,0.706353
75,538.309998,196.802917,16.889893,38.860413,0.638842
75,494.950043,189.668259,13.905121,29.880585,0.478714
75,497.171051,195.636475,11.765839,26.910690,0.478714
75,644.927551,195.092148,17.677673,39.179321,0.352680
75,645.491150,197.742920,14.270508,33.030182,0.352680
75,482.197662,189.618423,20.557007,44.422256,0.279029
75,483.080292,194.998032,15.057526,35.198029,0.279029
75,484.648376,183.278717,12.215454,28.847839,0.230007
75,513.720215,197.047791,16.009338,33.396393,0.145856
75,535.255615,186.171661,25.020569,55.726089,0.121588
75,492.499695,189.133896,16.913666,37.157501,0.115598
75,491.894043,177.152924,17.807159,39.846146,0.115598
75,650.812805,197.446686,18.745972,40.557587,0.105418
75,530.600647,201.108353,11.968872,29.393509,0.081782
75,672.668579,190.278458,13.749390,29.682861,0.076835
75,673.096680,197.030731,13.357971,28.515778,0.076835
75,670.277039,186.095749,16.727905,35.905655,0.076835
75,491.867035,179.106934,24.510590,50.091583,0.076513
75,538.625549,188.190567,20.240173,46.236008,0.070950
75,652.947021,182.661575,22.096924,48.351776,0.060515
75,539.633789,182.345581,15.377686,31.838470,0.045186
75,542.585754,180.903824,13.566284,28.488159,0.045186
100,511.423523,188.673004,20.926453,44.773544,0.979660
100,509.100861,191.807251,24.029572,50.953094,0.979660
100,491.967651,184.784607,22.247742,48.156143,0.973533
100,493.152039,198.086136,20.348511,42.156250,0.973533
100,667.819763,198.692657,15.646179,33.806183,0.947623
100,665.113464,188.901871,18.789734,40.773224,0.947623
100,669.169739,192.815262,14.786621,32.011856,0.947623
100,647.577759,198.448654,15.197327,32.721680,0.943895
100,645.533264,199.436676,14.262634,30.852234,0.943895
100,646.527161,192.487289,15.491516,33.214310,0.943895
100,486.765137,185.719040,21.162415,46.548691,0.905754
100,512.218872,183.566635,17.594910,39.403610,0.863139
100,643.268494,196.985733,20.812378,44.245132,0.862630
100,482.877106,186.283981,27.036835,56.934189,0.794784
100,656.366150,197.803268,14.891907,32.447342,0.793981
100,654.171753,189.861877,18.247070,40.495132,0.793981
100,657.331238,192.564636,13.623230,29.272034,0.793981
100,512.054443,197.422592,16.709167,38.504272,0.748314
100,654.785156,200.752411,16.230164,35.633636,0.607524
100,653.112122,195.056046,21.456116,46.548599,0.607524
100,505.215149,182.318466,25.145813,55.776886,0.602374
100,515.507568,188.147812,21.117676,46.725098,0.461377
100,488.372162,187.193939,17.455444,38.855499,0.329221
100,486.199036,188.531784,14.956299,31.441620,0.329221
100,486.725006,196.609528,14.556000,31.678329,0.329221
100,520.121460,195.736755,16.706238,36.161652,0.293161
100,524.992371,198.271805,13.505188,30.022263,0.293161
100,520.394836,189.926376,16.177368,33.999695,0.293161
100,525.379700,190.571548,12.733154,28.386963,0.293161
100,653.626465,183.644012,23.640381,53.396591,0.238989
100,642.598572,186.550827,22.070251,49.032730,0.238989
100,662.843018,181.621536,24.721313,53.471710,0.202561
100,479.563782,176.293655,25.628815,56.361328,0.156783
100,668.368958,191.238647,19.362549,42.677780,0.147543
100,518.412109,185.684753,24.638062,52.358841,0.145128
100,657.611694,204.514084,12.124695,28.892715,0.107895
100,519.462402,197.734879,20.338867,42.253494,0.050257
100,663.671082,191.848663,25.029968,52.901962,0.050240
100,513.860291,183.437668,13.751404,29.147324,0.048385
125,531.589905,198.316620,17.436096,38.416382,0.992675
125,527.993652,194.045120,22.237732,47.540649,0.992675
125,638.307556,201.567764,17.067871,37.148865,0.991259
125,487.005951,194.285172,22.253937,47.401596,0.989429
125,638.335327,196.889877,15.856628,35.178879,0.986522
125,451.971100,191.966614,24.116241,52.319504,0.985722
125,456.147400,190.135910,25.858093,55.705200,0.982615
125,459.967133,195.058609,20.049438,44.034058,0.982615
125,480.003876,190.262253,26.132172,56.743454,0.981031
125,480.335693,194.480591,21.824493,46.893448,0.981031
125,452.892120,195.498810,19.818268,43.143509,0.967920
125,459.984314,187.157303,25.642456,53.688766,0.961325
125,655.700623,204.129349,14.646057,31.678833,0.951253
125,653.439026,199.877457,19.771545,42.035522,0.951253
125,657.317993,209.357224,13.178772,29.247559,0.951253
125,490.454926,198.483810,18.269806,37.161407,0.950384
125,485.438721,188.971848,21.122803,47.281021,0.950384
125,475.802643,194.013474,24.549469,53.287811,0.932690
125,636.949341,205.948273,19.225037,40.777603,0.865931
125,635.674622,195.087830,21.050049,44.270386,0.857794
125,654.997742,193.195099,17.444275,39.641327,0.842912
125,451.077423,190.652893,18.318390,40.267609,0.799989
125,461.041412,198.597977,20.953766,48.436615,0.755437
125,486.384888,197.420807,24.787689,55.896774,0.740825
125,533.421021,197.508423,19.463684,41.684113,0.705978
125,534.504700,188.480682,19.662415,44.638565,0.705978
125,528.745056,204.580826,16.450317,38.724243,0.600268
125,445.819855,195.701813,25.027161,55.064713,0.597343
125,627.593384,194.909027,22.365784,46.784348,0.447258
125,487.946075,203.175171,20.359131,46.952759,0.417798
125,450.816864,201.767639,19.822906,46.056595,0.408791
125,460.520233,184.640213,19.414612,42.550003,0.395794
125,657.524353,198.003677,13.750549,29.679749,0.268884
125,635.546387,201.846954,14.895569,32.225876,0.254226
125,633.864319,208.339676,14.902771,31.250809,0.254226
125,632.200684,212.140778,12.054382,26.299179,0.254226
125,634.178955,199.240097,18.303650,40.691055,0.230113
125,455.981445,181.755615,34.059875,73.579605,0.226851
125,540.479065,194.250580,14.174500,30.900269,0.219986
125,475.947479,179.446609,34.511414,77.036423,0.198504
125,655.136047,211.944595,15.670044,34.797546,0.175274
125,485.920349,183.697495,26.261536,57.537277,0.159216
125,537.528625,204.555649,16.132446,34.381592,0.122020
125,542.320190,209.090454,12.782104,29.269608,0.122020
125,540.318176,201.090210,14.237732,30.623520,0.115035
125,639.707581,213.050003,14.856201,31.119217,0.113844
125,632.165100,204.155075,13.619995,28.581589,0.067875
125,447.206451,181.267654,27.084198,60.244827,0.053601
125,537.038574,194.253876,22.127563,47.562012,0.035244
150,441.027954,181.723572,31.336426,69.535782,0.996005
150,628.541382,201.442230,13.973633,30.406769,0.994815
150,625.378296,191.756836,17.931091,40.622131,0.994815
150,549.938232,191.950882,18.977905,41.719131,0.988800
150,547.747253,194.131714,17.545959,38.181702,0.988800
150,409.103973,177.748413,31.022675,67.982819,0.986792
150,403.705994,183.166275,27.652039,59.793930,0.986792
150,401.490723,180.448288,25.608551,55.659546,0.986792
150,445.470673,185.007111,24.711609,51.359802,0.986642
150,450.786987,183.991653,24.279938,51.305069,0.984989
150,402.989960,171.672668,37.778259,81.766571,0.974616
150,641.609131,199.667831,17.196960,36.760391,0.965475
150,639.437256,188.118546,21.378479,46.742737,0.965475
150,553.043579,184.072800,21.991577,48.940659,0.952353
150,642.944031,205.699387,12.666626,29.552048,0.951003
150,422.060822,179.656174,31.002655,67.020172,0.949525
150,414.514801,186.965027,21.819824,46.251770,0.945745
150,448.287598,183.888443,29.130920,66.606339,0.945568
150,548.847778,191.583649,23.567078,53.513184,0.929140
150,544.703674,182.798401,22.015503,46.383301,0.888089
150,399.356262,171.263245,30.945679,69.729004,0.887895
150,622.963440,195.586441,19.587341,42.037979,0.880453
150,548.832581,183.475372,16.691101,37.235733,0.874054
150,555.439209,197.327103,15.760620,33.472382,0.859636
150,553.054138,190.648361,16.958618,36.199249,0.859636
150,642.293701,197.473297,14.622925,32.530167,0.853964
150,396.906250,184.717606,29.371460,63.647491,0.799528
150,433.730835,172.432236,40.450623,85.117142,0.794473
150,417.245148,170.045685,40.686890,86.723511,0.756960
150,426.065002,183.792587,24.075470,50.918900,0.656099
150,423.730927,173.036301,25.808899,55.550095,0.656099
150,425.485016,192.959824,23.328278,52.025436,0.611555
150,646.760132,197.982941,18.983582,40.634796,0.586691
150,646.424866,187.259155,20.029175,45.113632,0.586691
150,650.016724,200.586777,15.366821,33.075256,0.396509
150,621.783997,185.258347,22.612488,45.504120,0.389297
150,443.900116,192.412689,24.617981,56.559509,0.357793
150,556.786377,203.270157,13.656677,32.457611,0.325174
150,651.638672,207.328323,14.712402,31.813950,0.294928
150,647.703003,196.931244,24.453552,52.589325,0.189436
150,446.478394,179.631165,19.053772,38.504578,0.187311
150,652.528259,194.277313,14.106201,30.209381,0.178659
150,403.844238,198.775955,18.930115,41.513092,0.176822
150,428.013000,184.717896,19.808838,42.034714,0.153683
175,562.309937,194.353561,19.235962,41.583710,0.995016
175,559.352173,188.217773,23.541809,50.676163,0.995016
175,561.145569,200.283615,18.201477,38.455017,0.995016
175,611.593506,200.715424,17.708496,39.103027,0.994534
175,341.845428,173.273911,35.481934,75.908905,0.993231
175,385.044464,171.508591,39.592224,88.087753,0.992964
175,633.955017,202.332870,18.171021,40.103882,0.988937
175,637.481628,207.072937,16.128662,35.067856,0.988937
175,375.770905,179.602386,35.922913,78.874634,0.986123
175,610.374939,198.377350,15.817017,34.801941,0.984311
175,566.799255,186.057526,22.619690,48.724686,0.983325
175,379.328705,173.309128,38.509216,81.997055,0.981377
175,335.769989,175.656921,36.940735,77.604675,0.978101
175,354.969574,172.202759,37.147217,82.221466,0.964818
175,331.069153,180.037338,34.683350,73.792831,0.913846
175,624.875000,204.284653,16.236206,35.109268,0.879353
175,627.086548,210.066711,12.902344,28.940857,0.879353
175,609.872803,205.442825,18.576111,40.390610,0.842403
175,390.830231,181.708282,29.412811,62.398102,0.791420
175,558.684692,196.873047,22.043945,47.632324,0.743537
175,360.044403,174.638641,29.508484,64.807495,0.698692
175,363.789032,184.326126,24.801880,50.484665,0.670154
175,623.721863,193.570831,18.255981,41.771423,0.637336
175,393.599335,185.109955,31.146149,69.146896,0.630373
175,397.012665,179.497589,28.360229,60.422974,0.630373
175,330.229187,169.872467,44.713135,96.999542,0.556003
175,638.392456,199.476913,15.146362,32.265396,0.519169
175,343.319885,181.613388,29.602509,60.648193,0.501579
175,347.860016,188.305984,22.980621,51.433731,0.501579
175,569.511292,199.274902,15.098999,33.386017,0.378124
175,339.242371,182.883835,27.054901,55.711334,0.286337
175,339.229309,186.209076,29.763519,66.514648,0.286337
175,381.251556,187.624924,27.599121,63.361832,0.254927
175,640.605713,216.885345,11.394958,28.398331,0.222825
175,360.868256,178.188690,36.364563,82.669922,0.192470
175,388.976471,190.800781,30.637939,67.734802,0.154741
175,622.193909,196.692154,22.882568,48.115616,0.138946
175,390.238800,169.671661,31.127686,65.576050,0.127235
175,625.282410,211.832260,18.473816,38.711304,0.117111
175,611.615784,214.750641,13.743286,29.408600,0.087416
175,569.388062,191.253159,23.259888,48.984985,0.086208
175,365.865906,174.474319,20.336090,41.801407,0.084187
175,606.735962,198.949234,23.810303,51.835632,0.081129
175,338.272827,181.898773,23.497040,48.211960,0.079052
175,339.127289,192.144272,20.225037,47.114624,0.079052
175,381.674500,175.623276,24.467865,52.323227,0.070810
200,255.179184,168.386612,48.558273,105.317123,0.997165
200,573.569641,200.519882,23.516052,51.980927,0.995608
200,268.723633,162.176117,52.427368,111.577484,0.993705
200,317.081238,176.792801,42.694733,93.238022,0.993363
200,609.419189,213.134232,16.066956,35.352997,0.988978
200,608.132324,208.531509,16.119202,35.084641,0.988978
200,626.418640,215.652817,14.711426,31.943909,0.936843
200,624.496948,208.680603,17.558289,37.998444,0.936843
200,626.780212,210.195999,14.019043,30.628296,0.936843
200,282.967346,165.660461,49.366241,105.936646,0.915962
200,604.501648,202.167740,22.681763,49.581787,0.913135
200,577.430420,211.457382,16.091736,37.460709,0.910157
200,288.245148,180.268799,37.363953,84.255157,0.871652
200,584.609192,194.148499,25.789734,56.991028,0.857921
200,247.587677,163.019440,46.518951,97.336548,0.767590
200,620.558899,203.104233,22.160645,50.867203,0.680212
200,568.606812,200.410004,23.957458,50.794464,0.519376
200,577.279846,196.759689,15.945618,36.668396,0.456283
200,631.644836,212.508698,17.703125,38.340637,0.321255
200,630.863586,202.448334,19.352417,43.668793,0.321255
200,635.397461,217.312378,13.353577,29.287476,0.271994
200,636.084167,208.610458,14.115784,30.400024,0.271994
200,632.042480,200.277054,23.696899,53.706528,0.177653
200,259.489563,185.561600,34.324097,82.698257,0.165146
200,279.065094,184.780396,35.621460,83.069580,0.159239
200,324.286560,196.081268,31.398621,71.453217,0.156288
200,587.366211,200.020172,21.538940,43.049026,0.148062
200,314.224365,169.047272,56.819916,116.183868,0.104732
200,279.077667,163.769302,37.624237,80.862778,0.095106
200,250.254150,180.629272,39.694458,87.623444,0.085731
200,281.479523,196.051346,28.313843,70.438980,0.071322
200,326.012085,190.845001,28.926819,55.511215,0.065591
200,561.774658,204.172272,26.062256,57.742981,0.064416
200,593.144897,212.794830,14.412720,31.265656,0.064348
200,593.356506,207.822937,13.360779,29.355347,0.064348
200,325.974457,175.395065,37.779358,85.188919,0.063712
200,590.157104,207.108032,18.217468,41.078995,0.058570
200,591.298401,217.031921,15.760193,34.903976,0.058570
200,590.952209,210.206757,20.775391,45.140640,0.058570
225,206.536102,133.542007,68.123749,146.032730,0.996684
225,158.328995,123.741035,74.656219,159.846985,0.994341
225,107.254524,121.913361,70.080971,152.242615,0.992192
225,134.448593,121.365257,75.343414,163.054840,0.992076
225,636.310547,194.133255,16.124634,35.934372,0.991539
225,634.529175,189.650436,20.218689,44.066452,0.991539
225,638.942688,191.465927,15.315613,32.706146,0.991539
225,598.195312,186.475327,19.560059,42.223099,0.989748
225,183.364471,127.296379,71.476776,154.734131,0.989709
225,595.833740,180.599365,19.802429,42.263840,0.980636
225,603.377991,186.728378,21.193848,46.189255,0.980606
225,602.000977,175.672592,22.223694,52.081146,0.980606
225,605.703491,184.460861,19.006042,39.917847,0.979326
225,595.354126,172.034027,24.702454,54.916962,0.979048
225,605.097961,179.150848,23.551575,50.684723,0.976001
225,288.801605,169.124237,24.942261,53.299545,0.971913
225,288.993866,174.409454,20.600586,44.068787,0.971913
225,297.944183,175.420654,19.551270,42.409317,0.958112
225,285.172668,175.210114,25.660706,54.407028,0.946339
225,295.710968,175.201569,25.357300,52.790115,0.946339
225,635.643311,183.012268,20.797913,44.869873,0.905202
225,188.536194,116.132202,83.277252,173.040497,0.877822
225,624.143860,192.973175,16.066772,34.797379,0.865756
225,621.875610,189.633835,19.069824,42.704987,0.865756
225,164.326538,149.363251,52.986771,115.514648,0.740452
225,118.242226,134.184647,55.368538,130.108719,0.613478
225,287.789886,165.616867,20.179749,44.490067,0.548941
225,592.380493,185.964111,22.209778,48.907608,0.502597
225,289.555420,182.614716,17.675293,40.582809,0.499264
225,142.851486,134.394547,62.882034,133.312210,0.490266
225,299.921936,182.708832,17.307404,39.519897,0.479776
225,595.866272,178.566879,16.874390,37.288116,0.456765
225,116.019348,123.937820,53.198425,115.434433,0.441582
225,202.104370,128.133865,60.688721,132.837479,0.421474
225,169.927795,98.035301,96.617584,201.103027,0.361714
225,619.483276,179.282089,19.447144,43.887848,0.286878
225,674.454956,200.460922,12.558289,26.895020,0.276410
225,671.751770,188.234467,16.704773,36.739594,0.276410
225,673.772949,192.339722,14.120239,29.667282,0.276410
250,1.000000,105.718346,85.349731,224.771667,0.997174
250,615.572449,193.036377,24.043091,51.657654,0.978384
250,619.914612,198.532135,18.537537,38.846497,0.978384
250,294.646362,182.128372,26.375671,56.602646,0.967854
250,609.227478,191.084656,24.501221,50.334183,0.961817
250,280.515015,175.162277,30.389557,66.134613,0.958789
250,288.758545,177.082092,33.677826,71.155716,0.941169
250,613.996338,197.610367,19.467224,41.781631,0.939355
250,612.331360,183.984161,25.655090,57.228363,0.939355
250,673.400391,202.142609,16.373657,35.878601,0.932440
250,674.632507,209.606857,14.422852,32.705887,0.932440
250,272.267487,183.746994,25.438538,55.124786,0.917583
250,270.629822,172.024796,25.823608,57.966202,0.897368
250,642.516541,206.242188,15.523438,34.628204,0.870041
250,620.003784,194.145630,24.511536,51.268509,0.738313
250,284.623138,194.514709,22.942413,49.377274,0.728081
250,639.834473,196.942947,22.068787,48.777481,0.725075
250,640.683899,193.471237,17.608276,38.389618,0.725075
250,286.151306,186.697815,20.761200,44.951111,0.640289
250,619.043335,202.274841,18.844299,43.907944,0.555638
250,673.692932,211.894852,16.147766,37.472733,0.341328
250,612.718750,192.582977,18.431946,38.747528,0.270285
250,611.310852,203.954666,18.709106,44.305084,0.255790
250,681.653625,202.986298,17.982605,38.288345,0.244056
250,277.937469,183.120270,32.861877,71.619110,0.215841
250,274.611694,198.492050,18.327026,40.859177,0.212625
250,654.909424,202.894150,15.422424,33.371353,0.193352
250,656.189392,209.220551,14.042358,30.513382,0.193352
250,604.786072,198.932266,25.425903,55.313629,0.191128
250,640.800110,208.326279,19.911743,42.796387,0.159459
250,641.505005,210.083618,15.704651,36.733246,0.159459
250,1.000000,112.640083,72.211082,170.778351,0.159369
250,674.203430,198.077698,14.940918,31.466858,0.139014
250,615.360046,180.763138,27.681824,62.528900,0.133878
250,299.228027,196.818390,19.486572,43.645050,0.101080
250,271.023193,167.608780,35.311005,75.918228,0.083244
250,259.710510,171.535355,33.504852,72.208786,0.075820
250,262.337463,185.591888,26.600922,56.328522,0.075820
250,1.000000,86.641525,62.559208,218.568954,0.071890
250,273.032043,178.459351,18.582153,40.238907,0.065624
250,16.526554,180.454514,71.415024,146.610672,0.055379
250,305.029388,186.818649,23.842529,53.782639,0.051182
250,651.886780,202.099289,18.735596,40.745499,0.048201
250,612.121887,180.057831,39.034790,81.819244,0.034685
250,1.000000,84.376587,109.124107,254.762939,0.033773
275,297.390289,176.883331,25.848389,58.141357,0.986215
275,328.630524,175.758850,29.523895,65.168198,0.983344
275,315.011017,177.563812,29.782166,64.731003,0.983344
275,290.118378,177.350128,31.507629,66.528061,0.982459
275,289.112335,178.232498,26.239319,57.987747,0.982459
275,672.208374,187.530197,23.630737,51.441757,0.980691
275,672.836609,194.099838,18.205261,38.407242,0.980691
275,330.948944,183.868790,23.107758,48.115875,0.968678
275,328.234833,171.827744,27.028168,56.623032,0.968678
275,635.497681,200.660660,17.758789,38.323929,0.964435
275,638.505310,201.330658,15.892456,32.722626,0.964435
275,632.112244,195.800476,23.306396,49.396500,0.964435
275,635.196167,187.249985,19.781616,46.267532,0.964435
275,297.775116,185.648376,26.753448,59.742126,0.925717
275,301.200928,184.595139,22.200653,47.389099,0.925717
275,293.785065,173.954849,33.766785,72.313934,0.904685
275,677.468628,192.306320,20.055725,44.785187,0.883250
275,679.637939,192.558853,22.333191,50.443420,0.634256
275,668.184875,189.091248,23.752441,51.250977,0.621603
275,332.590118,166.803253,30.234070,68.944855,0.482825
275,318.107300,186.217987,20.773590,45.052582,0.439686
275,333.198486,182.326050,29.482239,64.820694,0.423015
275,627.992432,191.633438,23.344849,49.784225,0.408112
275,629.293823,202.288879,18.466919,40.342743,0.408112
275,637.381348,208.103958,16.668640,38.864548,0.361981
275,671.765442,204.454071,19.221558,44.937546,0.330776
275,317.191559,177.019608,23.428619,50.014587,0.316063
275,336.029388,180.766357,22.276093,49.984375,0.286086
275,290.769470,190.456329,21.421326,47.155212,0.260164
275,290.414978,180.364014,21.225433,46.249786,0.260164
275,330.872955,175.165939,22.385284,46.018997,0.206334
275,666.235962,176.641968,28.036011,60.523788,0.189372
275,463.569366,202.647354,18.399139,40.268463,0.178636
275,465.724518,207.414673,14.483582,32.019180,0.169407
275,331.578003,192.624390,22.955414,48.164780,0.140567
275,283.891815,184.098831,30.494965,65.705215,0.137568
275,676.589600,172.256958,28.339111,61.065353,0.107907
275,309.551117,179.306824,31.912994,69.621811,0.103267
275,478.611176,201.296127,15.844055,34.409637,0.076969
275,481.130005,203.597229,13.067505,27.825058,0.076969
275,479.538757,209.082458,14.662750,30.779419,0.076969
275,680.899109,196.377106,18.404114,38.394379,0.061040
275,301.048218,196.192825,21.089386,50.130432,0.041672
275,300.390289,175.167999,21.869354,46.727020,0.039003
275,462.063080,194.040970,18.725403,42.821762,0.035302
275,465.127991,195.645630,14.853729,31.525070,0.035302
275,652.381348,182.865143,28.827881,62.719559,0.035105
300,438.319977,169.108032,38.515137,83.017044,0.992608
300,403.726105,173.074066,34.206757,74.462799,0.986724
300,396.655945,168.304977,36.378937,78.982300,0.986724
300,427.981964,175.350510,32.574066,71.580948,0.960235
300,393.524750,177.596130,34.357483,73.949188,0.930051
300,441.404602,179.384888,30.304291,67.125687,0.925354
300,441.401764,167.351654,29.080750,62.791229,0.778114
300,444.885284,182.285873,23.345947,51.077225,0.778114
300,445.563660,175.435699,28.342316,64.368057,0.676288
300,409.536194,180.638565,27.921783,59.264175,0.655106
300,412.603424,187.565491,22.985168,48.999649,0.655106
300,446.215118,169.189789,33.613464,75.439072,0.598475
300,398.809296,182.788605,27.826599,56.455505,0.477134
300,406.931030,165.821259,35.142059,76.053284,0.440927
300,449.504486,158.787292,34.451538,76.798065,0.388325
300,387.552399,174.760452,32.867523,70.365311,0.328752
300,426.461395,170.237793,41.182495,89.537262,0.100371
300,410.601868,194.884995,25.617218,60.128708,0.069215
300,407.584167,185.886902,31.912659,69.660980,0.069215
300,442.687317,192.322433,25.983276,60.605682,0.066368
300,401.054993,164.021240,45.982147,98.896881,0.056675
300,427.860260,184.639145,25.050385,52.460388,0.042203
325,594.462036,174.901581,42.739624,91.124664,0.995776
325,645.937805,173.111618,43.266479,94.458664,0.994142
325,606.516235,178.067383,40.354126,87.207581,0.991540
325,643.909119,179.242966,36.123718,76.693008,0.983137
325,636.151245,182.470245,32.348083,69.991745,0.971075
325,636.788940,177.250183,41.904968,90.776764,0.945572
325,616.397278,188.760803,31.875610,71.298218,0.943198
325,654.668945,181.819534,36.635925,86.257431,0.912538
325,653.949341,174.251617,31.687561,72.334366,0.872945
325,622.743835,197.060593,20.618958,47.768997,0.766596
325,619.615784,196.474899,26.476135,54.036652,0.539174
325,649.184570,192.674667,32.358643,75.587112,0.480288
325,599.173096,182.886932,33.003540,69.791519,0.336703
325,604.620422,194.115646,23.028625,50.733063,0.336703
325,586.120850,192.207993,36.015808,77.265549,0.307541
325,507.814667,223.739227,12.417023,27.284637,0.305205
325,510.682251,223.777893,11.340881,25.132370,0.305205
325,508.581787,229.026520,11.971191,26.379242,0.305205
325,511.331848,231.113251,10.985291,24.325775,0.305205
325,504.851654,220.277481,15.211823,32.461395,0.305205
325,503.523285,218.244217,18.759796,40.320114,0.305205
325,598.999268,192.125961,35.525085,81.070236,0.238168
325,650.723694,188.221390,30.103210,58.745850,0.234020
325,503.467285,222.374313,13.326355,29.436234,0.222359
325,503.166870,229.459091,11.771240,25.961594,0.222359
325,502.653473,226.219894,15.041473,32.002640,0.222359
325,639.230713,162.100555,46.303162,100.861603,0.205147
325,601.095886,199.461365,28.030945,65.659088,0.166860
325,627.816772,181.026382,40.552002,86.490463,0.153819
325,621.060486,185.674194,22.339600,46.721115,0.109633
325,633.876404,195.785965,25.282532,55.756699,0.108993
325,612.535034,173.868164,36.757019,79.440460,0.105700
325,648.252319,163.432480,33.847168,72.378525,0.090956
325,599.754944,170.919418,29.337463,67.612259,0.079828
325,638.650696,199.699677,17.850830,37.933426,0.072621
325,636.215515,204.377258,25.718567,60.473846,0.058807
325,586.997986,170.341461,38.078552,80.069016,0.050867
350,88.385345,197.221237,29.237732,61.986618,0.929783
350,72.695389,207.771210,25.048668,54.035522,0.927213
350,76.405518,206.109329,19.938828,42.107727,0.927213
350,104.986763,194.747955,29.429924,64.528534,0.902600
350,113.162132,195.805176,29.251228,63.951599,0.902600
350,68.550774,198.883484,25.735405,57.290710,0.898312
350,75.190987,197.073853,26.835464,55.803589,0.857535
350,73.020882,190.259064,25.666985,56.786148,0.644423
350,111.774773,206.879242,24.171303,54.027588,0.494392
350,112.423981,200.666534,23.365997,48.216080,0.481959
350,108.724861,187.700516,30.883095,70.695145,0.481959
350,70.568588,205.875748,21.078186,44.807602,0.435744
350,72.942703,198.139679,31.154373,67.291016,0.318080
350,92.281380,204.829437,23.170265,49.462402,0.220063
350,115.787544,186.238602,24.775780,55.046402,0.174701
350,118.624306,203.504501,22.391869,48.253235,0.173754
350,70.564514,204.667999,16.382759,35.499741,0.151157
350,106.363129,189.901550,38.120468,82.148102,0.092399
350,68.832184,212.473999,20.468506,44.465210,0.065671
350,69.978539,219.593796,16.171295,35.775543,0.065671
350,121.071449,199.325623,19.949821,41.039490,0.060785
350,76.537262,216.201996,20.719604,47.905182,0.056027
350,91.556976,192.030884,24.033592,50.947449,0.034785
350,95.017639,192.766403,18.306717,39.102921,0.034785
375,404.813751,205.884140,30.966156,66.357803,0.969086
375,395.185974,210.294067,30.676422,66.668732,0.854324
375,168.894485,193.408279,59.035126,131.473831,0.731974
375,388.887421,198.647095,40.719818,87.794678,0.724944
375,402.320374,192.290939,37.269043,82.661819,0.625184
375,391.314301,193.067551,35.263184,77.383224,0.465925
375,169.809296,195.218658,48.839813,107.417175,0.453057
375,382.860931,199.248001,30.188202,69.005753,0.423953
375,410.739777,216.686981,24.081818,52.878235,0.375413
375,410.776062,202.805756,23.325134,47.877701,0.229774
375,413.304657,200.111069,29.490173,65.682785,0.203051
375,416.165710,213.880814,27.043182,57.530594,0.203051
375,385.510803,208.931122,21.618103,45.430634,0.171492
375,385.568726,200.871124,20.967163,43.602066,0.131028
375,407.853638,194.039688,30.564331,67.070511,0.108691
375,171.126816,193.106323,37.910553,91.179779,0.107824
375,201.093262,275.907196,27.245621,60.399323,0.105373
375,391.326111,196.978500,29.234985,64.102280,0.103394
375,198.215912,268.347504,34.359253,75.525116,0.102869
375,200.850327,260.008209,31.633270,70.848267,0.093934
375,396.666534,210.349960,21.788574,46.023453,0.088290
375,172.832870,198.888596,66.461731,139.930527,0.085480
375,380.464996,192.124390,44.675720,95.577515,0.082259
375,378.663788,211.819107,34.229767,74.237259,0.055504
375,184.436310,194.265427,44.452255,99.809891,0.051649
375,414.024170,211.372437,33.365631,72.763184,0.051584
375,191.656479,281.188385,26.397675,57.231659,0.042599
375,210.113098,262.151825,30.557709,66.954590,0.040704
375,384.793182,219.809998,21.111481,46.343597,0.038203
375,189.737350,262.798218,30.683060,66.390472,0.037973
375,381.557709,194.199081,28.387512,59.904022,0.034455
400,548.881775,193.300140,49.745605,107.707642,0.993069
400,488.700256,195.190796,46.293030,98.626953,0.992693
400,237.458939,197.276932,47.755875,102.115067,0.944361
400,242.429749,205.281525,39.616028,85.596283,0.944361
400,546.063049,201.179535,40.976501,90.941925,0.825845
400,236.430069,204.219040,37.566727,86.561050,0.796385
400,487.780334,204.988251,38.832886,81.783295,0.689430
400,498.843323,192.889603,34.025513,81.236160,0.533957
400,556.304443,206.009811,39.997131,91.386734,0.315816
400,245.794739,206.255890,45.325470,100.713593,0.144592
400,244.703430,224.693039,37.372528,81.601852,0.143810
400,256.609344,221.566025,28.758026,65.294601,0.143019
400,251.111603,216.022034,35.967682,76.827026,0.143019
400,494.255371,214.300934,30.347534,72.920135,0.126981
400,549.874390,223.884598,36.309509,79.749527,0.095712
400,233.438721,188.070740,57.595306,124.132904,0.093039
400,249.791870,196.082016,42.372070,93.410141,0.083490
400,554.854187,213.482986,33.039612,78.841141,0.077237
400,540.392212,208.338837,42.020813,92.317596,0.072410
400,248.522964,217.179443,29.754715,59.611908,0.061690
400,252.285812,222.173126,23.127335,51.683441,0.061690
400,566.091797,201.966278,43.178955,95.261658,0.046386
400,541.995422,196.078827,39.147400,86.202698,0.041521
400,502.593140,217.205795,28.771606,56.744919,0.038920
400,517.741333,185.970001,53.265076,114.057343,0.037290
425,551.869690,200.155655,44.296875,95.536880,0.992560
425,547.632690,188.646774,52.924072,114.895279,0.992560
425,543.914246,203.163010,47.029602,101.237228,0.695052
425,554.137268,217.134171,33.164734,78.577682,0.189800
425,543.551819,215.729782,34.729675,78.653946,0.072370
425,546.672607,196.986893,41.111267,87.456680,0.067667
425,558.374573,197.409546,37.471130,79.945435,0.067667
425,548.529114,223.827927,40.322388,88.057663,0.052972
450,19.215237,210.514816,16.417984,34.887741,0.115001
450,19.351822,203.140564,15.757675,34.168274,0.115001
450,17.943628,201.152817,18.750570,42.035507,0.115001
475,383.790680,200.848679,13.458862,28.962479,0.963469
475,383.724091,204.419449,15.424255,32.526855,0.963469
475,385.904785,209.493561,12.404541,27.202454,0.963469
475,382.344055,195.253479,16.791046,38.055771,0.832546
475,385.029907,197.704575,13.570557,29.279877,0.832546
475,380.012238,190.195877,22.199615,47.375381,0.167998
475,383.154785,213.086441,15.815765,36.097672,0.109821
500,183.965851,132.726791,53.757553,117.821655,0.990576
500,192.652954,126.427452,63.801331,133.364380,0.964402
500,204.569107,134.015518,47.607254,100.536407,0.896524
500,174.536057,127.909233,55.065186,120.385612,0.754702
500,191.207260,144.253677,40.593338,89.730713,0.576841
500,182.163010,154.806061,43.762817,95.799561,0.350922
500,193.502945,156.233459,42.575821,95.554642,0.350922
500,217.812317,135.756607,42.647949,97.294144,0.112475
500,172.551559,154.143784,40.229431,88.943329,0.042223
500,171.663940,139.846283,38.598846,86.866440,0.041363
525,28.105042,157.423599,48.839920,106.984818,0.986585
525,30.110115,145.064514,57.534325,126.004456,0.966461
525,24.210487,164.666931,39.859467,86.797028,0.839744
525,39.862217,166.570343,40.530933,89.411179,0.799578
525,26.552063,177.114243,39.913834,85.231339,0.556239
525,16.200159,151.689407,44.086052,101.627441,0.236113
525,20.826817,137.358734,72.507080,155.223358,0.172440
525,34.809475,181.933487,40.466129,87.213760,0.170725
525,199.894836,138.151505,59.880493,127.828262,0.154286
525,38.376148,177.029190,33.665836,79.590958,0.147506
525,48.083107,185.685471,38.739792,87.055710,0.047754
525,211.549561,139.612335,51.889343,112.106430,0.034144
550,501.137878,149.073776,45.689636,97.852219,0.990404
550,597.615234,150.480881,46.011841,99.579254,0.989322
550,585.827820,147.712067,48.828552,105.386490,0.989322
550,513.368347,164.398895,32.711243,73.620804,0.973193
550,432.990112,158.451263,42.248322,91.447922,0.843261
550,496.324982,149.340912,42.209381,91.211868,0.838558
550,541.128357,151.082642,51.275879,110.785034,0.825092
550,604.898438,162.728317,40.545471,90.959381,0.789121
550,550.372986,154.877533,44.623535,96.174683,0.664682
550,424.659241,155.578201,43.261230,92.284775,0.597389
550,439.371155,167.785416,33.092072,75.333908,0.575760
550,510.425903,142.994751,51.738403,111.754700,0.550315
550,504.805664,164.389847,35.578003,81.981476,0.545793
550,29.435478,189.523666,21.666031,48.118790,0.459892
550,26.658947,185.638641,26.918900,58.249176,0.459892
550,32.096542,196.246521,16.970448,36.762772,0.459892
550,540.768738,156.644211,41.818970,91.872910,0.452405
550,442.804352,163.993317,38.286316,85.016968,0.330587
550,514.687927,172.217438,37.141602,81.117538,0.256109
550,425.511627,157.327362,34.355743,73.214966,0.176343
550,587.070374,160.818481,39.462036,88.017700,0.171477
550,550.789978,175.809601,36.055725,80.899323,0.161593
550,31.190447,201.676987,19.638876,41.343384,0.142800
550,33.380760,205.858994,15.079536,34.878738,0.142800
550,18.374699,180.148758,24.679695,55.109665,0.134696
550,492.741821,143.696152,54.989319,120.167618,0.097105
550,428.184631,174.601807,29.164368,66.308502,0.089750
550,599.704956,164.921570,35.952576,83.138245,0.089556
550,605.567505,140.571457,42.395691,94.546829,0.080219
550,506.794098,170.300186,30.743378,59.403046,0.077575
550,558.785706,162.820145,37.262573,83.872955,0.077192
550,609.975342,177.919022,31.576843,70.603851,0.073106
550,523.401672,178.628448,20.557007,46.917023,0.063525
550,442.316956,175.613678,25.865967,54.388519,0.060437
550,554.644836,148.231735,51.856079,112.660141,0.060393
550,419.425842,165.677979,32.274750,71.042374,0.053319
550,38.484753,181.468750,23.758183,52.593246,0.044819
575,442.026428,194.697891,19.610626,42.767365,0.995243
575,445.123627,196.768127,17.990479,37.054749,0.995243
575,440.052704,185.529434,25.011169,52.965759,0.995243
575,445.166107,202.251907,17.595123,41.052094,0.761218
575,437.188263,193.135712,22.876831,47.969421,0.267851
575,443.827972,195.455017,22.067810,49.486572,0.081023
575,451.066528,193.317932,25.070190,54.177689,0.074904
600,544.732788,188.709229,19.612488,42.514343,0.993970
600,543.999512,197.633850,18.888550,39.942078,0.993970
600,550.329102,191.425903,18.625244,40.942490,0.961856
600,550.962158,182.071762,21.993530,49.934586,0.902511
600,538.103943,186.622208,19.264954,43.603195,0.600611
600,549.106018,189.542496,22.677185,50.107193,0.587474
600,534.765015,183.697479,24.497986,52.762375,0.294384
600,550.045898,199.158005,17.493347,39.001083,0.283509
600,547.440125,197.536697,21.832703,45.481537,0.283509
600,549.861084,188.148697,16.838867,36.986725,0.152470
600,554.367065,191.158234,14.293457,30.412155,0.152470
600,553.483398,197.652145,15.082947,31.244553,0.152470
600,557.044556,198.647659,12.859985,28.161652,0.152470
600,540.652344,184.765610,22.840149,50.230392,0.140542
600,547.064941,185.056168,13.086304,31.039688,0.099657
600,550.771240,178.044983,18.853088,41.773697,0.043986
625,538.948853,198.118027,20.877686,45.721054,0.993740
625,539.763245,190.503693,21.318481,47.382828,0.993740
625,537.501526,187.373154,26.513489,57.164246,0.993740
625,536.869263,194.951599,20.233459,44.842117,0.933666
625,542.322876,209.350739,16.755920,35.562790,0.158915
625,539.688904,199.853714,16.202637,35.195709,0.058188
650,548.801392,194.119217,20.702881,44.865967,0.993637
650,543.090271,187.332077,26.989014,59.151428,0.993637
650,549.341064,186.288284,28.622070,61.190979,0.993637
650,552.089905,195.863968,22.268005,50.803268,0.993637
650,547.281128,191.624985,19.352600,41.668839,0.932316
650,555.373779,202.530334,16.972473,37.439255,0.759671
650,546.610657,201.665680,18.571594,42.945358,0.671689
650,551.949097,192.080688,19.354614,40.921066,0.576630
650,556.085754,192.851395,16.026794,34.890457,0.576630
650,553.404053,206.032562,17.838379,40.690109,0.326549
650,541.056213,181.344437,26.293579,57.741867,0.261881
650,552.148987,179.814117,25.480103,57.084213,0.261881
650,540.060547,191.942734,26.254761,57.373871,0.056219
675,574.548218,193.235855,22.991821,50.275101,0.993563
675,575.329041,190.589111,20.704529,43.123169,0.993563
675,579.905396,195.681274,21.102661,45.624954,0.951211
675,569.788513,191.343811,20.732910,46.783676,0.666677
675,567.223083,189.174667,26.318237,54.345306,0.434569
675,569.197571,201.895309,20.517334,41.619888,0.434569
675,578.209656,185.452469,22.335327,50.020874,0.095247
675,575.733643,206.709351,18.001831,39.331635,0.079686
675,582.518982,178.629227,25.307861,57.189896,0.044093
675,570.064575,182.229858,33.968506,73.503586,0.042737
675,579.863953,192.765610,26.863220,61.729431,0.035743
700,586.606384,184.843277,22.700745,49.465836,0.995485
700,588.670166,194.258072,21.418274,45.077332,0.995485
700,582.408752,188.838440,26.071838,54.721329,0.887767
700,594.123840,189.360275,20.789001,44.766403,0.830809
700,593.417175,180.095734,24.770813,56.160156,0.733682
700,589.935120,184.265961,24.137573,52.984558,0.476992
700,578.050659,178.430817,25.592834,55.485443,0.476992
700,579.381348,184.416626,21.781921,44.932693,0.178593
700,591.366333,184.661652,16.554688,33.847122,0.145623
700,597.398682,176.792374,23.514160,55.118576,0.122989
700,434.124329,201.762344,11.409454,24.851318,0.072419
700,431.767365,197.643127,14.486572,31.464554,0.072419
700,434.491425,193.162460,12.009613,26.102554,0.072419
700,431.836304,190.122070,14.952698,33.811111,0.072419
700,584.700439,179.241867,30.208191,65.193710,0.059867
700,584.638245,197.001450,18.873291,42.933121,0.059298
725,587.166748,192.214554,24.508301,53.299118,0.994157
725,589.678284,195.280075,20.472473,43.366730,0.994157
725,584.749146,191.535965,22.203247,49.279724,0.921730
725,594.480591,194.985641,21.787598,47.086288,0.895358
725,583.927551,201.189697,20.922913,42.295334,0.847593
725,598.954163,199.552155,18.630249,42.935822,0.718724
725,574.965149,191.486816,28.035156,61.250626,0.070869
725,590.615784,206.514526,18.019348,39.607666,0.057448
725,593.766296,213.071732,13.228638,32.421326,0.057448
725,585.420715,181.436798,32.564453,69.913773,0.048442
725,586.800232,198.242081,17.005981,36.741974,0.046845
750,588.648010,189.172974,23.761353,51.606674,0.990684
750,590.598816,192.965881,19.808228,42.258820,0.990684
750,594.601807,192.858795,21.582764,46.265244,0.901913
750,596.099792,185.805573,21.245667,46.940872,0.901913
750,596.884155,199.124084,21.563477,45.997284,0.901913
750,585.168701,188.558258,21.890076,48.624344,0.770431
750,582.756348,194.832901,22.476685,49.276474,0.770431
750,590.712097,181.762985,19.762573,45.585449,0.752461
750,597.454529,177.852921,25.541321,57.510910,0.063885
750,585.017151,174.638672,35.173279,74.601913,0.040092
775,597.870483,190.712845,25.878296,56.331970,0.992974
775,594.103821,192.952362,25.075623,54.512253,0.992974
775,593.733521,183.921783,31.627197,67.856094,0.791607
775,600.377930,184.014038,26.944763,59.077774,0.743304
775,602.626587,191.772079,19.961426,43.047562,0.504360
775,595.653687,191.250870,19.239807,41.060425,0.304898
775,589.879639,187.223709,25.530640,51.807480,0.092100
775,607.368958,191.633011,23.561340,49.966400,0.048469
800,625.906616,186.482681,28.019653,62.046753,0.993211
800,630.667542,188.931931,26.144958,55.783279,0.993211
800,626.234680,191.484787,22.376282,49.064835,0.986667
800,620.692566,189.502548,28.694580,63.293777,0.951151
800,630.444824,198.077652,24.258667,55.125687,0.653634
800,634.281555,189.764389,19.841858,42.635788,0.395032
800,617.446167,195.795975,23.979919,51.495132,0.048384
825,659.571716,180.548584,31.857361,69.385254,0.985118
825,653.780396,184.854111,28.882507,60.752014,0.985118
825,665.409363,190.674866,26.693970,60.717377,0.960546
825,649.803955,174.132980,35.381470,72.844635,0.827556
825,658.953125,189.434875,23.556152,49.897263,0.744611
825,664.363220,192.221756,22.930664,46.750717,0.706170
825,660.192505,193.937241,28.610657,63.455948,0.285096
825,654.531738,182.072723,32.528748,76.522003,0.203387
825,657.502502,178.676743,23.636230,52.195068,0.177229
850,683.006165,189.358780,26.872070,56.601547,0.531549
850,686.894775,199.461304,20.628784,45.633499,0.367389
850,684.611084,202.997696,24.639587,56.095444,0.367389
850,689.098206,181.516251,26.633789,78.601395,0.100989
850,694.230774,189.407410,22.187866,61.657547,0.100989
850,324.208008,217.370544,10.113861,22.505051,0.095442
850,323.454681,210.129807,10.803192,23.473633,0.095442
850,321.976776,213.950226,13.363953,28.509903,0.095442
850,321.281586,206.412582,14.061066,30.828568,0.095442
850,677.321289,181.525284,36.522156,81.485153,0.054289
875,338.097595,208.973694,10.868317,23.416138,0.871638
875,323.773773,208.674438,10.840393,23.510147,0.735536
875,323.864105,214.362122,9.932404,22.105728,0.735536
875,322.275391,205.079651,13.482910,29.284592,0.735536
875,339.280365,214.059525,9.798431,21.666000,0.726355
875,335.857758,204.524887,13.215820,28.134109,0.726355
875,352.731598,207.781845,10.665192,22.639404,0.188484
875,320.230255,204.719849,17.320557,37.287491,0.103088
875,336.614441,207.276062,14.233643,30.070419,0.102293
875,336.019379,203.502441,17.312775,38.159531,0.102293
875,350.262421,202.237411,12.975281,27.415161,0.039227
875,354.143433,213.196274,9.984589,21.621902,0.039227
875,350.667572,209.339355,12.961426,28.626740,0.039227
900,338.497345,204.279099,10.704590,23.042542,0.905278
900,322.127594,204.674637,10.930267,23.780899,0.799596
900,319.203857,200.911240,13.828979,28.879074,0.799596
900,311.044952,204.783264,10.820892,23.611206,0.505423
900,309.668274,200.825317,13.820160,29.588699,0.505423
900,339.423828,199.195602,10.681824,22.424805,0.164281
900,336.174133,197.491547,13.136078,28.535187,0.164281
900,323.292053,198.875198,10.876373,22.971313,0.102533
900,339.687012,207.988663,9.807587,21.098587,0.097407
900,340.674286,212.064224,8.655365,20.023773,0.097407
900,336.164429,202.987274,12.989624,27.772614,0.097407
900,335.603973,200.421173,16.770386,37.768677,0.097407
900,317.864594,200.067551,17.238068,39.526688,0.079245
900,336.764069,191.455765,14.942566,34.864548,0.043537
900,319.305725,191.050766,15.472076,36.340042,0.040037
900,310.201813,212.456772,8.904572,20.298538,0.035660
900,307.767670,204.270111,13.381256,29.602371,0.035660
900,306.932739,200.132080,17.215698,39.235687,0.035660
925,320.903107,214.369568,11.516724,25.067780,0.953304
925,318.843781,208.581619,14.179749,31.298004,0.953304
925,317.369354,204.577713,17.479767,37.829651,0.953304
925,318.472198,215.596802,13.135803,29.884964,0.501482
925,318.338104,214.628326,16.512787,37.667511,0.501482
925,353.515106,209.793121,10.854675,23.539597,0.447916
925,354.585968,214.389832,10.354156,22.668304,0.447916
925,351.671112,206.324432,13.131134,28.466095,0.447916
925,350.371674,202.612350,16.633179,36.540375,0.447916
925,322.822571,220.901047,9.509857,24.079193,0.101716
950,318.345673,209.821152,12.004211,26.286514,0.711248
950,319.797333,213.804047,11.433258,25.032120,0.711248
950,315.378510,207.001389,14.481293,31.381454,0.711248
950,357.826508,209.758972,11.447113,24.975647,0.406713
950,357.858887,214.858932,10.533539,23.328781,0.406713
950,355.675232,203.070145,17.237701,37.582367,0.406713
950,309.943604,213.653320,11.144379,24.651016,0.240687
950,309.636932,207.960968,14.224823,31.069290,0.240687
950,307.305328,204.156433,17.643097,39.241913,0.240687
950,316.694794,215.360489,13.814819,30.169144,0.094166
950,316.319092,214.517044,17.020538,38.173660,0.094166
950,315.435242,208.704422,17.087128,37.723389,0.063857
950,316.014954,194.458237,16.310242,37.711090,0.063857
950,367.525146,209.957733,10.694885,22.936050,0.048068
950,368.297180,216.503052,10.075256,21.959961,0.048068
950,364.255005,206.374939,13.383392,28.632172,0.048068
950,364.527771,212.255081,12.853058,27.508896,0.048068
950,363.004822,202.895874,17.386932,38.017303,0.048068
975,287.757721,213.085175,12.506927,27.343567,0.870507
975,288.952515,208.905869,12.383118,27.180679,0.870507
975,285.196045,204.046997,17.783722,38.680130,0.870507
975,286.367188,213.878006,16.893341,37.568756,0.248221
975,288.612915,217.272095,13.164978,27.965271,0.037106
975,290.882202,221.643387,9.772461,24.381454,0.037106
1000,272.791962,205.266647,12.452271,27.136780,0.851493
1000,274.337616,210.168091,11.226135,24.944870,0.851493
1000,269.405518,201.661545,18.137207,39.392700,0.421710
1000,270.333466,193.032928,16.715546,38.572815,0.421710
1000,264.367493,205.496521,11.802521,25.704041,0.350614
1000,264.032043,210.343719,10.501434,23.741577,0.350614
1000,262.734314,205.599731,14.340027,30.900772,0.350614
1000,256.799255,196.668442,22.917847,47.592590,0.320857
1000,261.739868,201.333191,18.014221,37.637787,0.133125
1000,354.206177,207.197296,10.788635,22.944138,0.130558
1000,352.611084,203.882401,13.314545,28.575119,0.130558
1000,355.021423,211.406586,11.126831,23.441391,0.130558
1000,352.227173,208.472977,13.823517,30.338684,0.130558
1000,274.288940,199.417145,12.043732,26.166458,0.101261
1000,288.105469,207.026779,11.976837,25.575287,0.098780
1000,285.495605,203.325226,13.919464,29.825943,0.094704
1000,290.992889,214.061264,9.736267,22.460297,0.094704
1000,270.312378,212.686035,14.260254,32.279800,0.033638
1000,269.663788,205.326843,20.022888,44.026031,0.033638
1025,244.125626,215.171356,14.199173,30.786682,0.904915
1025,241.601822,207.764572,20.519363,44.433594,0.720250
1025,242.579514,217.867401,17.903946,40.824127,0.720250
1025,256.247528,216.857529,13.042114,28.267441,0.612938
1025,256.778076,210.770325,12.901184,27.738861,0.483850
1025,253.545410,208.852631,15.707153,34.686203,0.483850
1025,244.704880,223.527176,11.738235,26.418762,0.480273
1025,383.498108,220.872452,11.535126,24.525284,0.281961
1025,254.065704,212.730637,16.980133,36.264191,0.251299
1025,252.119141,208.413986,20.416260,45.255112,0.251299
1025,253.723068,218.244766,17.975235,41.132278,0.251299
1025,371.486908,221.240463,10.942993,23.478088,0.112827
1025,369.542603,217.412155,14.107056,30.161835,0.112827
1025,273.155701,219.554962,11.359406,24.453217,0.080022
1025,270.111725,215.758179,14.596161,31.526657,0.080022
1025,385.080566,225.582230,11.271606,23.973206,0.072308
1025,380.957397,220.451874,14.841339,32.274826,0.072308
1025,256.498871,220.648468,13.567932,29.758881,0.062503
1025,258.695374,225.854111,10.901276,24.911438,0.062503
1025,357.582703,220.865555,10.978821,23.888672,0.049843
1025,380.197479,212.795395,18.457794,41.209915,0.036702
1050,261.896362,204.549881,18.279358,40.871460,0.965247
1050,258.059082,207.437195,22.659027,47.688217,0.965247
1050,269.106598,214.456573,15.257355,33.269150,0.947411
1050,271.800720,210.884232,13.063293,29.073837,0.947411
1050,265.533051,202.642731,20.427979,45.149506,0.942121
1050,266.905701,214.221924,18.620117,41.820557,0.942121
1050,266.389374,215.241333,14.963989,31.984009,0.912609
1050,263.408966,216.327866,14.086243,30.228180,0.912609
1050,265.613617,211.316986,14.201935,30.751495,0.912609
1050,263.250763,209.880173,13.305939,28.634537,0.912609
1050,262.609283,213.565002,18.489349,42.015228,0.882254
1050,296.700256,206.424835,23.859528,51.419189,0.796947
1050,300.540649,216.933304,13.148926,27.786804,0.732992
1050,292.056000,216.947006,13.134064,28.791962,0.728913
1050,290.994476,211.808914,14.197052,29.967255,0.728913
1050,292.837036,211.887894,11.193726,25.157181,0.728913
1050,297.936340,216.864243,14.059845,30.445877,0.728323
1050,301.985870,212.295135,11.866333,25.973236,0.728323
1050,297.750244,210.121017,14.693329,33.167007,0.728323
1050,296.345276,211.815384,18.036377,40.322586,0.680182
1050,269.400574,211.795654,23.181488,48.249329,0.676027
1050,290.974396,217.697708,17.449066,39.011581,0.614990
1050,301.399048,221.021301,13.524414,28.462479,0.368744
1050,304.841217,224.712387,11.063446,25.278351,0.368744
1050,292.561737,221.980179,10.732330,26.250946,0.325047
1050,289.594116,208.892334,18.039673,39.382385,0.089739
1050,282.115845,208.319885,23.661194,51.135620,0.073406
1075,299.085144,213.517105,15.869720,33.576904,0.909778
1075,296.856384,202.016800,20.113861,45.391785,0.909778
1075,297.583618,214.885330,20.137146,45.008743,0.909778
1075,293.774933,214.404099,20.105103,45.226028,0.796913
1075,303.561829,209.439957,13.131897,29.696259,0.784391
1075,297.257019,216.461426,15.318115,32.651794,0.698232
1075,295.988739,208.099228,15.584900,35.069504,0.698232
1075,294.356995,207.853470,13.264282,29.175781,0.698232
1075,299.349274,200.593933,24.611633,55.420685,0.496596
1075,354.546021,216.060837,17.165955,36.595169,0.471536
1075,352.064789,210.679062,20.695709,44.906677,0.471536
1075,294.811768,214.374741,14.412811,30.934769,0.416277
1075,300.407928,216.749176,16.376953,35.347214,0.407409
1075,303.235718,221.682144,13.034698,30.050293,0.407409
1075,511.049408,216.400848,11.905731,26.364838,0.354701
1075,510.806946,208.391830,12.796997,27.773956,0.354701
1075,507.878113,204.982407,15.499268,34.290222,0.354701
1075,353.738678,211.413574,15.409882,33.205536,0.325282
1075,355.201080,211.210556,11.685516,26.461548,0.325282
1075,287.448212,207.580597,23.960846,52.836090,0.297563
1075,356.062012,225.347656,12.323517,27.243774,0.260152
1075,294.463562,218.927475,15.684814,34.140213,0.148942
1075,295.068054,222.486664,12.467041,28.828812,0.148942
1075,502.499176,214.839981,13.881805,30.405182,0.098011
1075,503.596069,208.221832,12.285828,26.418808,0.098011
1075,502.000214,205.643463,14.968842,33.881836,0.098011
1075,508.878693,210.477554,15.608307,33.560074,0.075804
1075,293.983673,208.505569,18.972290,41.842407,0.071538
1075,502.973206,215.581009,11.316101,24.852203,0.047193
1100,307.817322,195.654877,18.735809,40.622498,0.996213
1100,307.286316,200.933334,16.055054,36.640137,0.996213
1100,305.250702,199.391541,20.516876,43.972687,0.995571
1100,304.652100,189.792252,23.096100,50.871002,0.995571
1100,305.274414,204.919144,15.994507,37.559235,0.942387
1100,297.255371,212.519897,11.752716,24.083252,0.627593
1100,573.374512,207.604309,14.225586,30.515503,0.412445
1100,570.004395,201.026947,19.520020,42.723969,0.412445
1100,576.930420,210.666672,11.816162,26.710587,0.412445
1100,301.492035,195.381775,25.949127,55.730576,0.328143
1100,571.350708,203.486725,13.391357,29.316971,0.307520
1100,389.997040,211.650436,11.512543,25.298935,0.296041
1100,387.291351,204.099915,17.096161,36.803406,0.296041
1100,308.910614,187.399353,20.008240,45.993423,0.220630
1100,567.047302,207.635803,14.160400,30.479736,0.143129
1100,564.760071,199.302658,20.079651,44.511963,0.143129
1100,567.345703,200.773346,16.657532,35.325867,0.125694
1100,566.564697,203.360703,13.508728,28.868088,0.086467
1100,306.086487,214.826370,14.531128,30.668030,0.073288
1100,571.002136,194.040192,16.497803,37.233765,0.056505
1100,574.909424,196.434814,13.348450,28.540512,0.056505
1100,314.132660,207.853806,13.817230,29.826309,0.055367
1100,318.566650,211.169159,11.581421,26.665833,0.055367
1125,310.001190,211.734085,18.295502,40.198730,0.995743
1125,307.553864,213.283768,16.990570,36.464569,0.995743
1125,306.798340,208.741440,22.556244,48.333084,0.995743
1125,311.423676,210.212448,20.683655,46.724777,0.991451
1125,428.714569,223.450302,13.829193,29.607376,0.990704
1125,431.617249,226.283585,13.239929,28.177948,0.990704
1125,427.144684,219.626740,16.785309,36.211868,0.990704
1125,424.787537,223.278839,11.594757,25.273010,0.980047
1125,639.055237,215.905624,14.264954,30.940048,0.962911
1125,636.835999,211.337585,18.901855,41.941544,0.962911
1125,428.202942,210.942200,18.540802,40.939087,0.935060
1125,304.767578,213.616364,22.717438,50.789581,0.746077
1125,305.414886,219.234863,16.862610,39.633545,0.746077
1125,432.474487,217.692383,12.476959,27.095505,0.576211
1125,428.522675,220.691818,19.295898,42.796341,0.570567
1125,314.716156,209.008606,15.269501,32.955017,0.201936
1125,317.997040,209.960770,12.837830,28.597076,0.201936
1125,426.629761,227.351334,12.154602,26.096771,0.157408
1125,424.632141,230.188461,10.137878,22.789978,0.157408
1125,312.712524,218.699326,16.472046,34.809372,0.141666
1125,317.633301,223.498703,13.379425,30.174744,0.141666
1125,315.412537,215.445297,15.118103,31.988800,0.114597
1125,624.557922,203.751526,24.000793,53.237732,0.093496
1125,311.232208,192.126938,25.944214,59.085831,0.046145
1125,292.180786,198.229126,26.798340,59.523621,0.041384
1125,419.556885,214.288773,21.020447,44.528427,0.035015
1150,274.297974,188.510468,23.949677,52.017990,0.995230
1150,270.069489,184.357727,28.773773,63.012573,0.995230
1150,278.714203,195.281921,24.049927,51.150436,0.995230
1150,438.552795,205.845810,14.213745,30.861145,0.993214
1150,436.590973,208.675964,13.021606,28.093536,0.993214
1150,435.968903,203.056549,17.381256,38.503998,0.993214
1150,460.979492,207.121368,12.417969,26.722656,0.927608
1150,463.574615,210.525742,11.515381,25.879700,0.927608
1150,458.055634,202.773529,16.561737,35.823334,0.927608
1150,450.100098,207.595169,12.953186,28.093918,0.897707
1150,448.224640,203.926605,17.218079,37.463745,0.897707
1150,278.984436,179.246292,26.627777,59.696167,0.772594
1150,437.702271,204.033051,13.149719,27.589371,0.749771
1150,436.857635,200.380188,11.572174,27.100189,0.749771
1150,273.206940,199.672028,20.319031,47.235352,0.728406
1150,458.750702,194.185974,15.782745,36.472748,0.688749
1150,433.666199,208.618073,14.506500,34.301544,0.645183
1150,449.128937,194.947784,16.003693,37.225174,0.513605
1150,281.557617,198.591354,18.796844,38.964920,0.396204
1150,278.878815,188.950027,20.194702,42.696381,0.396204
1150,283.511169,190.981216,16.195557,35.161728,0.396204
1150,464.299591,200.596954,10.766083,23.768341,0.269195
1150,279.982544,205.598862,19.370850,44.279419,0.175174
1150,274.465454,181.188553,33.830688,73.505203,0.158703
1150,265.107666,186.399780,29.313141,64.218765,0.140538
1150,452.434937,201.759674,11.510681,25.156738,0.074529
1150,459.676331,211.136017,14.767639,33.105957,0.060952
1175,418.177765,210.035400,15.080261,32.524551,0.994167
1175,415.190491,205.124756,19.888611,43.528168,0.994167
1175,195.238007,186.962860,31.295624,66.806198,0.991961
1175,200.483780,196.374741,27.467712,58.226440,0.991961
1175,190.656723,191.995880,30.925156,66.668427,0.985116
1175,459.902008,213.809738,12.946198,28.058212,0.979609
1175,463.070709,211.034378,12.374390,26.831390,0.979609
1175,458.632660,210.896408,15.533905,34.572784,0.979609
1175,562.825867,217.273956,12.894836,28.168869,0.919414
1175,561.386536,210.820663,15.078796,32.517044,0.919414
1175,562.520569,209.793259,12.146057,27.364014,0.919414
1175,409.629395,216.490204,10.569458,22.228302,0.915328
1175,575.201477,217.654739,12.770935,28.023514,0.895448
1175,576.322998,210.385620,13.305664,29.350037,0.895448
1175,572.941467,209.077972,16.138489,35.733719,0.895448
1175,560.511292,218.303223,14.374451,32.050369,0.837856
1175,559.685181,216.372803,17.663330,40.188904,0.837856
1175,573.675110,218.659943,17.995850,39.609955,0.823680
1175,459.661407,214.314911,16.130524,35.980499,0.804964
1175,456.777618,214.468414,11.879395,26.740479,0.665783
1175,455.160492,209.951309,17.031586,37.580612,0.665783
1175,563.664246,221.101715,10.658813,26.137085,0.627109
1175,578.170471,222.842819,10.633728,25.931580,0.548724
1175,197.434189,196.185532,23.589401,48.741669,0.358472
1175,552.032837,216.922913,11.518799,25.621887,0.301760
1175,425.797943,198.173691,22.877655,51.613510,0.282841
1175,464.417694,218.638916,10.395172,26.243164,0.241099
1175,417.909607,205.778748,14.331085,29.200607,0.226365
1175,419.914276,201.620056,10.510864,25.984573,0.226365
1175,209.088806,196.917847,25.880676,58.570526,0.216656
1175,195.009781,200.543900,27.819305,61.546860,0.198230
1175,550.916504,216.352295,14.392578,32.358978,0.158670
1175,550.818420,209.603241,13.019470,28.061508,0.158670
1175,548.721313,206.632431,15.607422,36.147934,0.158670
1175,191.170135,178.659088,32.639252,71.290039,0.108434
1175,560.077942,209.147842,18.481506,39.677902,0.098083
1175,403.874451,199.459900,22.742065,48.721420,0.086709
1175,557.485291,203.488892,22.854431,51.930725,0.086563
1175,570.014404,202.258469,23.082458,52.387253,0.086563
1175,453.905823,216.668472,13.374207,30.617645,0.075459
1175,204.676788,197.752502,31.817993,71.207458,0.074671
1175,448.738556,203.965988,20.813293,46.106232,0.071165
1175,200.231964,190.436478,23.096405,47.999298,0.059413
1175,205.861511,191.010925,27.381668,58.787781,0.059202
1175,196.485184,202.562347,23.065582,50.079514,0.055919
1175,191.072433,176.980820,41.672104,92.286606,0.052878
1175,550.855103,210.095001,16.493652,36.115753,0.051010
1175,422.746582,205.587051,23.362915,49.328125,0.046923
1200,431.126678,203.923218,15.781158,34.211533,0.995136
1200,383.421417,199.775162,16.723602,35.922836,0.991221
1200,382.455505,191.951355,19.994720,44.515793,0.984427
1200,380.971771,197.021393,22.476685,48.610626,0.984427
1200,562.680603,205.785660,15.114441,33.472397,0.982507
1200,560.878174,202.318802,18.248535,40.772720,0.982507
1200,576.804321,205.739243,14.938416,32.327347,0.959684
1200,575.328979,201.764496,19.028870,41.813614,0.959684
1200,433.816376,203.596954,13.869049,29.958939,0.938160
1200,561.217224,199.142990,14.976746,33.581192,0.893594
1200,431.210724,204.491348,18.625214,41.670761,0.872674
1200,576.205566,194.350647,18.452454,42.016220,0.836650
1200,560.729431,210.199585,14.700073,34.014008,0.682048
1200,384.059235,207.058105,14.749512,34.151031,0.492761
1200,575.847473,212.597473,15.083496,33.409042,0.432227
1200,575.828613,210.487549,18.825745,40.844162,0.432227
1200,563.317871,199.572449,11.811401,27.235321,0.208163
1200,428.697021,202.394455,23.036255,48.787064,0.169757
1200,564.007935,218.532333,10.257935,25.520218,0.116512
1200,432.853546,214.977905,13.693298,28.449463,0.102807
1200,578.493713,199.040115,14.339417,30.635635,0.089693
1200,418.980530,193.875122,23.392914,48.967865,0.054576
1200,417.269684,202.950684,22.358521,46.848907,0.054576
1200,367.193787,188.658615,24.200165,53.812546,0.045881
1200,390.691711,197.738083,23.282379,49.727646,0.043739
1200,415.015350,193.518082,23.539612,52.822113,0.037580
1200,589.908508,205.408676,12.418823,27.058792,0.033657
1200,586.465210,202.587021,14.804077,32.280167,0.033657
1200,590.542542,213.157791,11.758850,25.540070,0.033657
1200,586.553833,209.666214,14.752930,32.059418,0.033657
1200,579.258240,221.013504,9.940430,24.175629,0.033325
1225,383.810852,195.084732,18.114746,39.058990,0.990894
1225,585.635742,194.416946,19.277344,42.322571,0.969840
1225,641.138550,191.985565,15.447754,33.823074,0.964489
1225,638.705322,186.544113,20.664795,44.807190,0.964489
1225,583.813538,190.219772,25.164917,53.249695,0.941216
1225,562.826233,192.695206,23.140015,47.962097,0.930651
1225,565.640503,197.786560,15.704529,33.812393,0.918522
1225,568.757996,198.152100,16.130066,34.898087,0.912975
1225,566.220825,191.072678,17.987061,40.381058,0.912975
1225,576.518555,200.735519,14.629456,31.287552,0.903900
1225,573.713196,193.753708,19.428040,42.480911,0.903900
1225,569.954773,190.409943,26.815857,54.871674,0.903900
1225,588.643311,202.490845,15.454834,31.939499,0.892709
1225,591.847046,205.826492,13.278564,29.697876,0.892709
1225,566.177551,205.033203,12.725647,29.251343,0.853286
1225,383.076355,186.801666,20.269928,44.204468,0.829605
1225,591.367676,195.356979,13.647705,30.135437,0.827145
1225,565.515869,194.645233,13.262512,29.963928,0.792403
1225,341.435822,187.060089,17.450623,38.121277,0.741394
1225,339.893005,187.254868,15.730927,33.275299,0.741394
1225,340.401581,192.584442,15.680817,34.428574,0.741394
1225,338.761902,190.273682,20.043488,42.462296,0.505758
1225,390.577881,183.800613,21.976593,49.838715,0.360786
1225,642.657471,200.561447,11.133240,27.480011,0.275304
1225,338.247131,196.616806,15.590057,35.495071,0.242905
1225,368.539368,183.808380,24.572632,53.029861,0.225481
1225,389.376953,193.642227,22.852600,50.341034,0.121811
1225,337.854523,182.592911,18.772827,41.263519,0.070947
1225,340.161255,182.241043,11.987885,28.275299,0.070947
1225,553.592590,201.561462,11.072083,24.469116,0.064170
1225,147.370560,204.635437,14.400070,31.344147,0.052198
1225,147.339676,211.148773,15.409225,31.568008,0.052198
1225,147.759552,214.474548,12.044159,26.858765,0.052198
1225,561.240540,183.206192,23.310791,47.354858,0.041989
1225,587.990112,183.682205,21.740234,44.582138,0.037612
1225,347.368256,189.135101,15.057526,32.597778,0.036389
1225,348.111908,194.738220,14.835602,32.274857,0.036389
1225,351.650391,189.618073,12.476349,27.624451,0.036389
1225,352.130035,197.917267,12.264648,27.660507,0.036389
1225,385.500793,188.776932,14.769501,29.930145,0.035825
1225,386.173615,186.467606,12.558167,25.385971,0.035825
1250,591.830933,197.896317,16.202209,35.437012,0.991550
1250,589.975098,191.532394,21.246033,45.043564,0.991550
1250,565.553467,189.073929,24.050476,50.692764,0.984119
1250,573.429260,196.105453,16.915039,36.619492,0.982245
1250,571.604736,190.279099,21.296082,46.288116,0.982245
1250,569.333374,194.593231,18.658875,40.462173,0.960635
1250,568.439819,198.771912,16.094543,34.742355,0.921777
1250,647.226746,189.281998,19.533875,43.488892,0.860707
1250,646.496033,187.223450,17.932251,38.551834,0.860707
1250,644.906860,187.581894,16.018250,33.741547,0.860707
1250,645.467651,194.050064,15.673096,33.468185,0.860707
1250,652.007874,190.456253,18.500061,40.637039,0.739309
1250,653.222351,186.222153,17.173523,36.929337,0.739309
1250,563.483765,190.967499,20.326538,46.049423,0.722657
1250,652.223572,179.352249,25.068909,53.654251,0.698741
1250,642.119873,183.715012,22.995972,48.850037,0.698741
1250,567.011658,192.575607,14.732910,31.489975,0.666529
1250,567.486755,204.905884,13.077698,29.703903,0.596724
1250,644.264221,193.407272,20.592102,44.978363,0.544684
1250,649.609619,192.723312,22.322998,47.176422,0.521586
1250,318.449554,182.166534,18.848053,41.345306,0.500256
1250,320.363495,189.852005,15.965271,35.923355,0.500256
1250,316.344147,185.868942,21.528870,46.040039,0.494400
1250,592.508728,187.210297,16.102783,36.016281,0.463316
1250,651.990173,177.383820,18.610779,41.471085,0.397213
1250,590.944580,198.025131,20.854431,47.344299,0.386250
1250,70.002563,203.401169,14.325378,31.062531,0.294492
1250,70.129944,211.015030,13.847916,30.310822,0.294492
1250,68.543045,208.683289,16.730553,36.470474,0.294492
1250,598.233582,186.101807,22.612854,49.613464,0.256981
1250,573.213440,185.974762,16.863403,38.159363,0.223519
1250,320.529022,182.795029,15.792908,33.187180,0.106667
1250,671.486389,185.277283,15.953613,34.075592,0.103893
1250,670.224548,191.395081,18.254211,38.786118,0.103893
1250,673.532288,195.737656,13.579468,30.946075,0.103893
1250,638.728149,176.818375,24.570190,54.046021,0.083250
1250,79.979004,205.783432,13.273018,28.408401,0.070510
1250,80.548805,212.658920,13.102036,28.872177,0.070510
1250,77.537880,203.030350,15.909210,34.820358,0.070510
1250,77.613342,209.596283,16.531731,34.635300,0.070510
1250,597.453796,195.330246,18.099670,39.972870,0.064483
1250,598.377136,195.335449,20.663147,47.419876,0.064483
1250,98.973412,204.906647,13.447998,29.371216,0.064474
1250,98.976799,211.583176,13.349953,29.470993,0.064474
1250,564.182312,181.877182,24.116821,47.850754,0.059075
1250,315.139618,188.005493,25.913635,56.009995,0.057974
1250,656.171387,201.630875,13.378906,32.343002,0.055666
1250,559.905457,180.480759,24.336487,55.890182,0.055548
1250,584.722717,188.138138,24.287964,54.262115,0.048398
1250,644.585449,199.299576,16.366882,34.158035,0.039882
1250,645.699158,202.889709,12.272400,30.043304,0.039882
1250,670.002869,197.487839,18.204773,41.469482,0.033726
1275,574.929810,189.580414,20.848022,46.002686,0.995882
1275,571.544495,186.842957,26.132507,54.495956,0.995882
1275,597.562012,191.427917,21.967773,47.738831,0.984328
1275,602.641296,195.286911,18.757324,38.381393,0.984328
1275,595.728088,185.510696,26.993347,57.055374,0.984328
1275,45.310310,199.108887,18.423519,38.899979,0.978524
1275,43.833801,201.334030,21.394554,46.762115,0.978524
1275,43.871082,189.419907,21.644611,48.536026,0.978524
1275,657.024109,185.789032,26.016846,56.608551,0.970131
1275,681.395386,185.655350,22.323730,48.486618,0.967400
1275,678.508179,176.615097,29.456665,63.070923,0.967400
1275,682.255188,175.698944,21.895203,49.698074,0.967400
1275,593.604309,191.648361,20.876709,45.481232,0.958376
1275,653.479614,172.343338,31.038513,65.449478,0.927234
1275,665.792419,182.018265,27.116943,57.752243,0.922686
1275,568.336609,198.278122,15.571167,32.733994,0.889970
1275,572.038513,189.430328,19.172791,42.860184,0.825057
1275,46.092407,208.448547,17.068245,39.046494,0.813758
1275,594.140076,192.981003,17.594666,37.069427,0.761227
1275,661.399658,183.952377,26.394653,56.976532,0.729523
1275,662.083435,173.088486,27.905334,59.195282,0.729523
1275,47.311352,194.210464,16.549587,35.584976,0.707122
1275,229.005173,185.858047,18.122147,39.544037,0.631535
1275,227.507065,186.355774,15.766266,32.787720,0.631535
1275,225.332367,181.517532,24.326904,51.936066,0.631535
1275,665.323425,186.003769,21.826477,47.379181,0.517343
1275,663.454773,195.462204,23.341125,49.609711,0.517343
1275,660.352173,175.147232,34.307495,73.800339,0.400029
1275,601.804138,196.173584,21.651428,50.089279,0.394394
1275,193.098831,186.408340,15.191986,32.776688,0.376089
1275,191.162186,182.671158,18.431305,40.161545,0.376089
1275,687.063965,180.019943,16.036804,34.752029,0.374041
1275,586.972900,188.510056,25.783020,56.562286,0.352097
1275,221.721161,176.007355,24.567215,52.828506,0.351817
1275,232.506607,182.542145,19.129379,43.055969,0.351817
1275,229.482681,174.468842,25.342377,55.954010,0.351817
1275,225.559113,195.049622,18.377777,40.881287,0.313528
1275,658.619202,195.393890,21.335083,46.329132,0.311347
1275,591.774353,186.475342,26.275269,53.386169,0.290749
1275,592.968445,182.990341,18.598083,42.177673,0.290749
1275,685.801086,198.051941,16.200439,37.824661,0.277546
1275,610.018494,191.411591,21.095337,45.666367,0.230494
1275,192.974731,179.906174,15.975006,33.079941,0.225745
1275,671.203003,170.127274,36.904968,78.543457,0.113783
1275,188.492935,174.893692,24.231812,50.902267,0.106572
1275,689.270752,175.128281,24.108765,68.771347,0.100566
1275,561.187256,176.474854,26.107788,59.626175,0.070834
1275,572.918884,181.678192,31.135742,66.603958,0.064799
1275,229.150162,170.759796,21.587799,49.210434,0.056966
1300,627.273926,187.336899,29.471069,64.564606,0.995260
1300,597.862183,196.801559,20.333130,44.230377,0.993352
1300,594.119202,189.387222,24.358459,54.856750,0.993352
1300,601.297607,197.820602,26.898254,58.600296,0.988379
1300,589.481384,200.181763,25.538025,56.893433,0.988379
1300,624.645447,186.695084,25.940430,56.967743,0.976243
1300,630.969910,196.227493,21.005432,44.481918,0.855435
1300,631.072510,182.638153,29.043640,65.178467,0.813362
1300,620.248230,188.265503,28.508667,62.785858,0.777790
1300,595.413269,188.266235,30.385315,65.779922,0.749809
1300,601.745361,202.752197,20.304626,46.527069,0.544246
1300,629.175598,201.041763,23.956909,54.806305,0.527693
1300,599.149597,179.020554,33.701965,71.921600,0.514713
1300,591.067688,185.134521,25.544434,52.321167,0.339797
1300,589.250122,183.440582,35.194214,77.776154,0.280465
1300,683.679993,197.002350,22.548584,49.208542,0.277306
1300,687.942139,201.086945,16.452759,33.529892,0.218528
1300,686.098022,209.349533,19.116028,43.253372,0.181214
1300,631.159790,189.100235,21.622131,44.108231,0.113454
1300,635.614380,190.991714,16.733215,37.747208,0.113454
1300,603.863403,195.477402,15.933655,35.130035,0.104590
1300,687.235229,191.631577,17.491333,37.298721,0.055994
1325,627.843079,186.112122,31.848206,67.545670,0.995214
1325,632.335938,191.921219,31.383728,69.664230,0.995214
1325,626.227051,196.346146,24.252991,53.042023,0.995214
1325,620.703369,187.010681,36.264526,77.672272,0.995214
1325,630.516907,201.412155,27.041077,59.096542,0.907601
1325,663.570007,178.433807,35.328735,76.748169,0.860079
1325,661.141113,185.395981,30.887085,66.462372,0.646592
1325,643.985474,184.239899,34.037109,73.358307,0.607708
1325,670.474365,192.064117,30.881165,64.996246,0.413475
1325,667.273010,188.400177,27.395569,56.547928,0.394643
1325,670.504883,197.095459,22.730896,50.566116,0.265375
1325,667.996216,198.109955,27.581238,63.301147,0.265375
1325,672.102600,187.007263,26.862671,60.188461,0.172381
1325,658.406433,173.402634,45.886780,96.719528,0.076600
1325,620.207642,184.211105,31.167114,63.682983,0.072610
1325,631.637573,187.337265,25.181091,53.849701,0.061031
1325,676.631409,194.595566,28.683350,67.187027,0.043163
1325,667.393677,181.989838,25.841125,51.877441,0.041975
1325,651.336731,177.232422,30.636963,64.763168,0.040104
1675,360.270447,194.018921,45.605133,100.732513,0.418454
1800,467.530060,204.336182,16.445892,35.167343,0.799028
1800,466.697510,206.800003,19.220795,42.159454,0.799028
1800,467.038666,205.587509,14.040955,29.718094,0.799028
1800,467.756165,211.471344,15.405090,33.980270,0.799028
1800,464.990387,198.374283,18.288361,39.720306,0.526416
1800,457.687805,207.224991,10.430450,21.964966,0.119196
1800,467.866608,198.591507,11.435944,25.631821,0.092472
1800,465.545319,214.011490,18.733185,37.896210,0.065547
1800,467.570404,220.293472,13.870483,31.150909,0.065547
1825,476.645935,203.233017,16.716614,36.429718,0.312574
1825,478.586517,209.365341,15.310272,33.975479,0.312574
1825,473.521912,206.630463,12.689850,26.996231,0.303406
1825,476.106201,193.195068,21.635132,47.394196,0.262951
1825,475.169312,202.039185,22.932770,48.201859,0.105288
1825,477.464966,210.829605,17.780182,39.967667,0.084095
1825,473.669800,204.444916,16.856171,35.746613,0.062304
1825,478.246643,197.891449,17.618042,39.314346,0.049631
1825,480.762573,198.844299,13.825348,29.258545,0.049631
1850,489.776978,205.970398,14.278198,30.769028,0.930606
1850,487.095856,205.956314,13.359283,28.476395,0.930606
1850,489.830963,207.618790,16.847717,36.460464,0.930606
1850,488.849396,211.247086,13.715302,30.024277,0.930606
1850,494.057587,206.554169,13.527374,28.762253,0.767110
1850,484.902863,195.179611,18.405823,41.083344,0.704184
1850,490.196503,196.205063,18.239807,41.751221,0.394538
1850,486.020508,202.994873,18.067535,38.122650,0.321457
1850,482.285187,208.922318,21.384613,45.706818,0.321457
1850,485.993469,211.436020,16.498871,38.719833,0.301173
1850,492.033295,205.112518,22.409943,47.708527,0.289726
1850,490.053650,210.394318,20.829346,44.433746,0.252180
1850,486.499146,199.785645,13.679443,29.576035,0.107024
1850,485.938873,198.146652,11.021515,25.061752,0.107024
1850,495.661682,198.849747,12.822601,27.447342,0.046578
1900,514.048096,201.237076,16.103333,35.090408,0.648387
1900,514.691345,208.301590,14.520020,32.278595,0.648387
1900,513.524597,206.117081,17.927429,39.243332,0.461286
1900,505.634003,204.513306,12.942169,28.356262,0.419295
1900,505.073120,200.808929,16.948792,36.587753,0.200710
1900,514.993958,198.783020,14.025330,30.559479,0.141183
1900,511.540527,198.738663,22.751160,49.857208,0.061051
1900,505.300781,208.320038,14.142151,30.506241,0.050829
1900,505.057617,211.886642,11.377075,25.612045,0.050829
1900,504.009521,204.319626,12.035461,25.883362,0.047038
1900,509.923553,189.491592,24.096405,53.162659,0.034013
1925,554.597290,213.370636,16.701721,36.647354,0.945628
1925,552.516968,209.477249,20.918884,46.664291,0.945628
1925,511.296570,211.942734,16.593079,35.535904,0.932351
1925,541.545410,206.302658,26.952759,55.167618,0.922803
1925,554.125916,206.521408,25.948975,54.871140,0.922803
1925,505.147247,215.634201,12.875458,26.996826,0.788476
1925,508.330719,203.640350,22.763824,48.152939,0.717290
1925,556.441711,216.743332,16.999268,36.149734,0.679331
1925,558.418152,211.835999,14.831665,32.229172,0.679331
1925,548.235229,206.759155,20.067261,45.546860,0.590214
1925,546.773560,211.082352,23.182617,48.332382,0.590214
1925,548.452515,215.157394,15.991150,34.541931,0.273048
1925,548.359924,210.328033,14.777710,31.777618,0.273048
1925,513.852112,217.670029,12.798645,30.688934,0.196701
1925,557.134277,223.913300,17.047363,40.661285,0.189877
1925,505.435699,209.269089,16.085297,35.017242,0.088383
1950,500.133484,203.902802,17.536133,37.360825,0.062949
1950,496.835358,190.774323,18.528839,41.883850,0.062949
1950,501.867981,202.726578,13.633240,29.146484,0.050479
1950,501.270874,210.924057,14.423767,29.927155,0.050479
1950,501.181915,214.054123,11.262970,24.696518,0.050479
2000,557.900024,216.187790,15.076294,32.705688,0.899144
2000,556.024475,205.513229,20.522095,43.883408,0.899144
2000,554.390930,209.640366,23.025574,49.767105,0.899144
2000,556.930054,216.050323,18.155518,39.858292,0.899144
2000,561.827026,223.036392,12.073730,26.941010,0.801587
2000,561.022949,212.178024,12.738831,28.732178,0.766717
2000,542.210693,203.159958,23.967224,54.416306,0.091954
2025,195.257736,226.908630,11.526810,24.690826,0.955378
2025,193.833023,222.369522,15.080582,32.132080,0.955378
2025,186.144775,231.479401,8.810181,18.893265,0.726759
2025,191.636047,222.140091,18.785553,39.682510,0.359094
2025,193.115051,212.832626,15.631714,35.072205,0.359094
2025,185.439011,227.415573,9.114502,20.061676,0.273044
2025,193.015274,228.395706,12.487000,28.990646,0.139674
2050,100.531342,231.143021,14.664261,31.783920,0.975503
2050,99.520874,227.115631,13.537834,29.650635,0.975503
2050,94.920654,221.646332,21.673080,46.177826,0.946924
2050,90.017784,233.901123,10.765831,22.802765,0.175352
2075,596.471436,234.230881,15.915710,34.799149,0.172905
2075,596.645691,241.188080,13.846375,31.799255,0.172905
2075,593.084595,223.633377,20.170715,45.865005,0.093781
2100,576.685974,229.303970,15.439087,33.873398,0.042034
2100,576.573975,223.367401,15.430908,32.782623,0.042034
2150,606.324341,217.302841,16.366760,35.547287,0.134519
2150,603.567932,212.685074,21.520752,47.411606,0.134519
2150,600.119141,213.030182,19.112122,40.653122,0.070384
2150,598.233459,218.259338,20.034424,43.646271,0.070384
2150,609.196411,210.729294,13.717712,31.019974,0.051934
2300,626.894165,189.018250,12.328674,26.928909,0.035887
2300,627.545654,197.896439,11.607971,25.505112,0.035887
2300,624.293213,186.018997,14.604614,33.700546,0.035887
2300,625.144043,194.463165,13.996948,31.978760,0.035887
2500,454.170319,200.193069,12.676086,27.410858,0.944305
2500,453.151794,189.811035,16.603394,37.914780,0.808648
2500,452.682922,201.788086,16.353027,37.254745,0.808648
2500,457.951324,199.706116,14.215027,29.764389,0.741586
2500,461.354797,194.508514,12.588867,27.537582,0.741586
2500,457.568024,192.069168,15.324493,33.205063,0.741586
2500,456.466370,188.794449,18.976166,43.533127,0.741586
2500,460.800690,200.684952,12.442902,26.412216,0.633159
2500,451.733978,197.784821,15.638733,33.751526,0.531644
2500,447.302429,188.234497,21.713562,49.489990,0.114390
2500,457.862793,186.120895,22.588165,50.622894,0.114390
2500,461.959839,205.930588,12.653473,27.484116,0.094991
2500,464.967834,210.428116,10.506958,23.981949,0.094991
2500,456.575134,197.294540,20.061188,43.587982,0.094991
2500,457.743134,194.581451,23.185211,51.356689,0.094914
2525,433.781158,190.953842,13.967407,29.920700,0.990116
2525,432.437164,186.875107,16.949463,36.341873,0.990116
2525,424.908600,199.203262,10.698853,22.371292,0.918045
2525,424.768127,193.131058,10.677277,23.056473,0.670574
2525,432.412750,195.005325,14.087372,32.086655,0.646397
2525,431.822327,192.697418,17.591949,38.458557,0.646397
2525,435.341370,187.399963,12.819305,27.380875,0.644616
2525,429.568176,181.021591,22.584473,51.301804,0.086045
2525,435.569153,203.353668,10.105560,25.191711,0.043444
2550,404.230927,188.273193,19.350006,42.391464,0.933448
2550,403.642365,197.699173,17.348328,39.241669,0.933448
2550,401.160583,193.767517,22.055573,46.623154,0.933448
2550,403.179749,191.242569,16.631836,35.483215,0.919915
2550,406.723633,193.950531,18.488770,39.086273,0.521681
2550,409.328583,200.436844,16.898560,37.201233,0.521681
2550,407.031372,194.220001,21.455841,48.801254,0.521681
2550,409.617523,191.607803,18.855927,40.778778,0.502147
2550,408.357239,184.890884,22.821503,51.317657,0.502147
2550,412.946747,200.148819,14.047333,29.815750,0.342111
2550,410.288727,192.352432,15.616486,33.259811,0.342111
2550,413.725128,192.406555,13.309143,28.899124,0.342111
2550,414.538025,205.833939,12.425903,29.364807,0.063768
2550,669.891052,201.165512,15.215637,32.296326,0.039930
2550,665.986572,196.263641,21.087524,43.471634,0.039930
2575,376.555420,184.342285,20.607239,45.880966,0.992917
2575,380.270477,184.380737,16.719238,35.345840,0.992530
2575,381.417572,190.137817,16.026489,34.219177,0.992530
2575,379.108459,180.274567,21.045959,44.887421,0.800094
2575,366.993835,178.509644,23.421570,49.398087,0.800094
2575,372.792236,184.346558,20.056519,44.480484,0.563289
2575,373.781525,192.840332,14.752594,32.855148,0.400299
2575,373.009125,187.407822,14.656433,31.366638,0.400299
2575,371.453766,176.820801,20.412262,45.865158,0.048765
2575,373.734894,178.758667,15.762115,33.724884,0.048765
2575,382.198883,197.760696,14.471252,29.921371,0.034232
2575,385.127899,201.739426,10.754486,26.172073,0.034232
2600,332.878601,177.836273,19.901489,43.494995,0.996602
2600,325.604218,181.970215,22.841156,47.318527,0.952368
2600,335.315002,167.544983,17.807434,41.221970,0.918031
2600,340.041321,178.195709,19.683838,42.707382,0.840232
2600,338.501099,167.606842,24.061829,55.291016,0.347112
2600,292.528137,188.506134,12.248993,25.388382,0.078127
2600,332.001251,167.288162,24.954376,55.925323,0.071930
2600,329.228027,176.430817,20.286011,45.193649,0.056770
2625,290.654236,179.194443,22.571716,48.624405,0.996278
2625,295.691193,182.717361,19.565063,43.590240,0.996278
2625,293.784790,170.942490,25.189575,54.111923,0.996278
2625,292.278717,170.347656,21.491486,49.677368,0.973030
2625,290.313354,176.900131,19.776733,42.850891,0.934623
2625,295.597107,182.569153,23.595123,52.991135,0.850826
2625,296.349609,176.306686,19.130341,40.358261,0.562262
2625,300.625916,177.205582,15.354187,34.109100,0.562262
2625,281.345673,184.714508,21.334045,44.707443,0.153185
2625,286.252441,168.698776,26.032104,59.234940,0.136188
2625,290.222961,167.836624,33.103088,72.334229,0.108882
2650,246.676910,172.411530,26.625580,62.814209,0.991262
2650,249.500076,182.017426,23.656448,47.997742,0.991262
2650,250.340744,183.729172,25.482132,57.018570,0.990289
2650,245.562302,181.895065,22.275070,48.461212,0.987575
2650,241.494339,170.749878,27.926956,59.564011,0.987575
2650,241.111053,182.791824,27.225769,57.303177,0.984440
2650,251.766327,177.078186,20.815918,45.595810,0.815490
2650,255.457596,179.583023,23.293137,50.905533,0.288162
2650,245.579422,189.661423,17.455490,37.778458,0.240227
2650,255.608368,183.448746,26.968292,60.687469,0.104057
2650,252.529877,191.966934,19.756317,43.495621,0.076267
2650,259.044098,176.382004,22.638367,49.382690,0.067098
2650,244.832214,177.230911,19.517761,43.886307,0.048715
2650,245.459106,177.953690,16.478668,34.846802,0.048715
2675,211.764145,170.042831,36.664688,79.539307,0.800473
2675,215.681961,165.768967,31.771271,69.090195,0.575871
2675,206.006195,163.228470,38.532761,81.686676,0.575871
2675,218.093750,166.023239,37.271240,81.265823,0.536541
2675,214.422699,169.678680,25.926132,54.854324,0.500443
2675,212.340942,157.051254,32.506271,71.621475,0.500443
2675,216.807922,157.287827,23.927307,55.681213,0.500443
2675,224.794235,160.156403,31.520981,78.365448,0.370300
2675,206.913193,164.455750,26.993942,58.550400,0.149655
2675,219.999619,164.627716,18.736725,39.266403,0.074826
2675,222.530090,164.417847,15.494507,31.558350,0.074826
2675,221.615952,147.187180,48.068375,106.185776,0.052346
2700,196.183273,170.286041,33.074417,71.254913,0.993766
2700,193.930389,173.444366,28.442688,61.035080,0.993766
2700,186.109253,178.203491,33.178040,71.653885,0.906526
2700,203.121246,172.687057,28.869415,63.186768,0.470819
2700,202.289825,175.925858,34.066681,73.487213,0.434137
2700,200.499023,183.839661,26.346680,55.171722,0.413619
2700,196.508255,180.408630,24.064850,49.581390,0.321736
2700,188.011276,167.485550,30.250015,61.976532,0.108138
2700,199.453110,172.649765,25.819687,53.541840,0.105323
2700,195.807617,187.847931,21.949188,47.495941,0.066439
2700,206.810822,185.472504,32.464203,73.313690,0.053971
2700,194.348587,163.391113,43.893570,90.898346,0.038605
2725,129.308563,169.376526,39.844177,86.595123,0.993451
2725,137.212097,166.699310,39.194397,85.368027,0.989930
2725,123.334084,171.548767,38.508781,81.759811,0.927311
2725,133.804718,170.684006,31.814850,69.487503,0.728643
2725,138.520172,180.701202,25.478622,53.959808,0.518420
2725,214.107834,201.831985,12.711807,28.066574,0.210669
2725,141.918427,176.069717,29.018143,65.231644,0.189792
2725,143.896667,159.529663,35.654984,81.601639,0.155609
2725,214.019058,195.832672,12.623184,27.012299,0.049691
2725,212.243164,193.486084,15.337524,34.656082,0.049691
2725,210.318542,190.207687,19.390121,42.439621,0.049691
2725,137.126785,171.106079,26.317307,53.934402,0.035507
2725,213.194183,198.893753,15.897156,33.852692,0.034989
2750,131.546722,158.879425,44.567352,96.932892,0.996815
2750,123.867340,164.059814,43.146255,93.738678,0.995330
2750,125.739319,147.453186,47.197144,101.880600,0.994325
2750,122.249237,157.813278,37.355896,80.661118,0.915084
2750,256.868408,189.329697,13.734802,30.010773,0.680125
2750,257.218536,195.052902,13.560760,29.678070,0.680125
2750,254.018387,178.368378,17.467056,38.973236,0.295387
2750,139.678314,174.771744,31.772354,69.872772,0.250016
2750,132.989365,155.022049,31.462158,74.006348,0.120494
2750,136.878860,166.908173,27.213943,54.614624,0.088271
2750,291.882904,195.441086,15.597595,33.896317,0.083595
2750,291.748688,187.539154,15.743256,34.691116,0.083595
2750,256.571136,184.289581,14.141907,28.964493,0.078673
2750,259.147156,181.977264,10.279358,25.120087,0.078673
2750,139.107513,176.111069,23.764160,52.233749,0.072441
2750,304.035309,186.088867,16.552155,36.267227,0.066786
2750,304.347076,194.237091,15.940918,35.131454,0.066786
2750,126.049332,149.110352,57.846085,121.538452,0.054556
2750,254.488831,190.692581,18.678864,39.532104,0.053092
2750,252.896912,180.518082,22.693634,49.092987,0.053092
2750,115.747475,159.439346,37.774132,81.268204,0.042913
2750,133.069229,174.435364,32.765228,79.649185,0.039612
2775,8.952629,149.764221,50.790535,110.754761,0.998030
2775,18.786098,149.895920,52.546955,120.196274,0.997141
2775,7.450495,158.167068,42.823433,94.438080,0.849448
2775,23.244564,161.062271,40.754078,90.822632,0.716394
2775,11.036309,139.777206,40.523327,137.830612,0.492791
2775,7.513437,144.146072,39.710342,88.628799,0.119861
2775,18.672411,144.442856,39.351486,89.295776,0.119861
2775,10.086500,140.740158,58.049339,140.567032,0.101534
2775,138.192261,185.219650,27.856186,59.679779,0.054768
2775,124.548470,185.575455,28.925804,60.224380,0.054768
2775,142.258453,194.559235,20.117188,44.452850,0.044588
2775,150.894272,188.686813,25.091309,55.414673,0.037367
2775,149.777756,188.074570,31.332581,67.125488,0.037367
2775,135.695618,191.326981,29.902481,67.959732,0.035728
2775,122.521599,196.031708,28.446938,62.949066,0.035353
2800,151.341263,186.088562,19.532089,42.662430,0.896145
2800,155.069672,187.601974,16.681580,36.028198,0.896145
2800,154.919678,194.554810,16.918304,36.488617,0.896145
2800,155.769226,177.552704,17.362625,40.021927,0.635402
2800,154.038727,183.113754,22.737549,48.612167,0.300867
2800,147.012497,185.257401,21.647873,46.424667,0.300867
2800,152.143906,189.049744,16.457458,34.924210,0.206077
2800,150.567505,197.525482,13.966690,30.397308,0.206077
2800,150.178848,188.939270,14.288940,30.829376,0.206077
2800,157.123886,201.796402,15.434799,32.151047,0.078325
2800,149.124069,199.815475,16.656448,37.644150,0.064528
2800,147.915405,195.419785,20.544998,44.894440,0.064528
2800,158.724014,181.355576,15.136627,31.949875,0.034701
2950,683.124512,225.154572,20.435303,44.124268,0.103160
2950,686.830688,230.560669,16.176819,35.140747,0.103160
2950,686.417725,221.092484,16.605469,35.386459,0.056845
2950,684.161438,231.726517,20.223755,45.140091,0.055973
2950,687.717285,241.758820,15.479675,33.341583,0.055973
2975,613.675964,188.097931,29.423218,64.099167,0.972348
2975,602.945312,176.390518,35.093933,75.435837,0.970435
2975,607.213745,181.924850,35.476318,78.215408,0.897361
2975,607.037354,192.441284,26.007874,54.813156,0.416754
2975,616.537903,179.892273,30.681152,65.517181,0.215509
2975,615.225952,201.504089,25.054749,57.275635,0.194286
2975,604.042786,196.826065,27.335449,61.861923,0.188519
2975,600.181885,188.100327,35.770569,75.861343,0.171856
2975,616.785645,183.975784,24.624390,51.193024,0.139373
2975,619.709045,199.385468,21.645264,47.830429,0.120784
2975,622.933228,180.409897,28.281372,61.885056,0.082936
2975,624.989746,191.467529,22.544495,49.525665,0.065466
2975,596.603455,166.181885,45.396790,98.922913,0.047740
2975,607.520081,186.061890,23.063110,49.188217,0.044341
2975,620.374146,185.596756,34.753845,76.134018,0.038283
3000,578.965881,180.016617,28.494934,62.588211,0.989683
3000,585.114807,184.606445,26.722717,58.215546,0.989117
3000,572.743774,183.209244,31.397949,67.984665,0.977901
3000,587.262817,188.037033,21.924866,44.473633,0.971945
3000,585.084473,173.917267,25.349243,58.171951,0.953892
3000,575.445984,181.488922,27.083984,55.830093,0.808289
3000,579.874451,190.725067,20.758423,44.489685,0.756315
3000,589.806091,182.301468,29.946716,64.221313,0.540181
3000,592.842407,184.802994,24.349182,53.107635,0.320328
3000,644.189209,205.249283,10.988525,24.219254,0.120597
3000,578.568237,197.179047,20.532288,45.270477,0.106623
3000,589.856079,178.976089,18.419312,39.610107,0.081702
3000,593.083008,171.277313,27.211609,63.284454,0.077619
3025,557.106140,192.411194,25.493774,55.942627,0.991839
3025,558.945557,195.592422,20.911621,45.306732,0.991839
3025,562.939331,195.062302,22.795471,50.419754,0.972826
3025,564.292908,187.599106,25.040833,54.220901,0.944852
3025,559.220581,205.531265,19.983215,43.427094,0.891848
3025,559.162720,183.375000,19.767029,43.542084,0.668128
3025,554.437927,197.704834,22.918213,47.010025,0.667882
3025,567.965881,198.710144,17.635742,38.458679,0.476802
3025,554.804199,183.726624,31.246094,67.043991,0.400895
3025,550.329407,188.761276,27.385132,57.575226,0.356238
3025,547.729492,194.941788,26.825012,59.079529,0.295466
3025,550.333191,176.161041,38.480713,80.600128,0.225461
3025,572.063171,207.382095,15.064453,33.053162,0.082496
3025,565.145813,177.528976,27.115051,60.408173,0.074408
3025,570.500916,192.201813,16.244141,33.997650,0.055290
3025,564.666077,196.793442,24.912781,57.968521,0.049240
3025,566.841309,207.395874,19.330811,43.755432,0.049240
3025,571.275574,199.884064,15.885864,32.933945,0.035694
