150,446.506012,209.833618,10.830322,23.376495,0.912580
150,447.324036,214.033615,10.508179,22.642990,0.912580
150,443.260071,206.782990,12.811279,27.788818,0.912580
150,442.948883,204.916245,15.937042,34.437973,0.912580
150,437.930817,209.386169,11.593201,25.043427,0.901676
150,437.055847,212.859085,11.321228,24.851517,0.901676
150,435.486145,203.744812,16.826721,35.979721,0.901676
150,434.744232,195.855988,15.855194,35.327545,0.169021
150,444.167511,196.059296,15.358398,34.552185,0.106691
150,444.259430,215.923309,13.277527,28.740524,0.095949
150,433.741882,214.557083,13.483398,31.964661,0.055839
150,434.303650,212.332764,17.788940,38.601700,0.055839
175,435.351837,208.816040,12.001648,26.022247,0.989174
175,434.126251,204.186920,15.181793,32.227753,0.989174
175,431.959778,201.627151,18.647186,39.404556,0.989174
175,432.486938,209.748001,16.795227,36.695282,0.329792
175,432.503204,211.065552,13.260040,30.434692,0.329792
175,436.649109,204.740829,11.250824,24.014267,0.214748
175,436.773621,201.657867,9.487396,22.763321,0.214748
175,446.426849,212.593964,9.947876,21.736740,0.040396
175,448.887360,215.102341,8.886566,21.106140,0.040396
175,440.683899,202.935333,16.559845,35.026291,0.040396
200,448.731079,210.967178,12.048676,26.086426,0.990837
200,447.014191,207.447647,15.539276,33.325729,0.990837
200,441.411530,214.365570,9.931671,21.331802,0.958310
200,447.715149,198.787704,15.633026,34.882767,0.756889
200,451.256287,217.230347,9.620331,24.139389,0.208590
200,450.741852,203.006927,11.856873,25.221359,0.074629
200,451.827545,200.576233,9.589722,23.611786,0.074629
200,445.341614,205.291504,20.571259,43.528259,0.061397
225,469.381866,205.636215,12.643219,27.438324,0.978517
225,468.557404,201.081070,16.097229,34.089767,0.978517
225,467.937592,207.029617,15.666229,32.653030,0.868061
225,465.796661,201.479156,19.475159,41.474030,0.868061
225,469.057739,200.676117,10.573181,24.586105,0.522484
225,422.311340,209.592484,9.968903,21.115646,0.047475
225,475.999451,207.488297,11.368164,24.927505,0.033255
225,479.292786,207.032562,10.424683,23.177063,0.033255
225,472.991974,203.323914,13.639343,28.821503,0.033255
250,486.393707,194.206726,14.635773,32.307678,0.962494
250,485.704895,193.327377,12.270538,27.840073,0.962494
250,483.902130,188.937912,20.271881,43.941620,0.962494
250,486.217834,200.036850,16.053253,36.435028,0.780318
250,493.021851,193.073288,13.286865,29.171066,0.765480
250,489.497925,190.615128,16.244293,35.224655,0.765480
250,488.336304,188.035202,19.840485,43.945633,0.765480
250,491.211761,200.417038,13.191467,28.600311,0.595209
250,494.279999,200.906784,12.204407,26.751297,0.595209
250,490.127533,202.302032,17.380676,38.537582,0.492330
250,486.604797,201.685501,13.312775,29.029739,0.364845
250,486.433960,206.760620,10.778137,24.383636,0.364845
250,490.852509,184.562576,22.590240,50.362717,0.108482
250,496.231659,209.223877,10.471680,24.691666,0.068228
250,490.138092,192.658203,23.842987,51.510941,0.051925
275,504.721649,212.686020,14.550262,32.173172,0.805324
275,503.017365,215.263596,12.711090,28.007874,0.805324
275,504.393158,205.587799,14.972931,32.817062,0.805324
275,503.152832,202.617645,18.372192,39.827438,0.805324
275,502.401978,205.772873,13.227905,28.662796,0.805324
275,507.261475,212.684784,15.010193,32.797287,0.783924
275,510.200806,215.204926,13.604980,28.734558,0.783924
275,507.307190,205.119049,15.617493,33.415527,0.783924
275,510.463318,205.887375,13.560486,29.363953,0.783924
275,505.106171,205.913422,18.435883,40.304703,0.427109
275,507.763916,194.561050,24.921753,53.588089,0.197438
275,498.103912,194.970245,24.581207,54.278381,0.197438
275,501.698822,212.027084,20.446564,44.662491,0.194384
275,506.498840,211.060684,20.020142,44.119156,0.124492
275,494.617767,201.012238,28.033295,62.386902,0.039832
325,490.413239,200.677917,22.043732,47.554764,0.650495
325,492.676117,202.296661,18.150635,39.811478,0.650495
325,494.043884,209.772430,17.818359,36.218185,0.650495
325,493.086731,211.699402,20.107422,45.534332,0.391284
325,493.340515,193.688278,18.586548,42.288437,0.388014
325,491.731201,204.548843,25.188965,55.757217,0.200392
325,485.759644,201.554321,22.707794,47.981094,0.056783
325,497.527435,196.990555,12.988129,31.025406,0.036240
350,289.146088,193.325363,20.552094,44.653275,0.992824
350,293.105347,191.585968,22.786377,51.100250,0.957191
350,296.540009,189.440445,21.190125,45.885498,0.737275
350,293.868805,181.971863,25.956543,57.797638,0.737275
350,287.976868,201.595978,18.717651,43.580399,0.683660
350,280.471680,192.263901,20.623352,45.285797,0.668331
350,18.786102,183.702698,58.896362,133.648529,0.431661
350,296.651031,198.106476,16.770172,35.455170,0.245455
350,274.916473,183.129913,27.112457,60.312531,0.224364
350,158.801727,199.022293,18.572174,41.492020,0.175647
350,156.607315,188.261124,20.365952,44.559479,0.175647
350,162.481293,201.255676,13.642548,30.217438,0.059664
350,162.431015,209.131775,13.629608,29.379730,0.059664
350,36.708076,195.583130,59.720871,126.432404,0.055015
350,283.441650,174.258606,28.005066,63.339844,0.045565
350,160.449966,194.425964,15.156464,31.687180,0.040932
350,162.796951,193.795517,11.374344,27.031143,0.040932
375,160.546295,199.294662,16.848343,36.245224,0.969570
375,158.019516,198.599960,20.831131,44.859055,0.969570
375,158.039734,189.950531,20.161438,44.340424,0.969570
375,28.107615,186.893692,29.247122,64.584946,0.948592
375,34.454704,189.000092,26.837330,58.439331,0.948592
375,163.050690,196.622757,11.634079,27.393082,0.913465
375,162.603821,205.510071,12.589157,29.119507,0.881248
375,33.466797,193.863617,30.853218,67.533295,0.759635
375,34.074612,192.490875,23.060871,47.718430,0.758144
375,39.945969,194.341141,19.588242,41.864288,0.614077
375,24.137068,189.743576,46.144203,95.481857,0.474652
375,38.289951,182.269775,27.965336,62.633087,0.258543
375,33.142998,198.303513,21.246380,48.295380,0.176492
375,95.089737,202.538406,15.944122,35.127777,0.093765
375,97.284363,212.081802,14.431717,30.275543,0.093765
375,98.961243,215.363892,11.311668,25.860504,0.093765
375,144.783447,191.100128,23.670959,48.991455,0.092706
375,13.877299,190.194458,53.400036,110.189331,0.056827
375,41.665405,200.792862,18.874302,43.239395,0.046643
375,602.397095,195.093307,50.565857,107.688004,0.035964
375,527.770142,250.251358,12.945618,27.954056,0.035177
375,529.414124,257.095886,11.750610,26.996155,0.035177
375,526.294434,254.195770,14.564209,31.693207,0.035177
375,525.558289,251.557159,17.954712,39.231628,0.035177
400,112.882950,193.380844,17.863754,39.022827,0.383473
400,106.164627,184.509705,27.062958,57.846970,0.383473
400,109.834137,195.033615,21.537979,45.292053,0.383473
400,113.487198,194.565994,14.607773,31.880768,0.276223
400,555.122803,191.421387,55.118164,118.429474,0.080236
400,114.837280,201.282394,15.097992,32.177170,0.060732
400,115.910416,206.188263,11.705231,26.991745,0.060732
400,109.214600,180.572083,20.888672,43.502838,0.056469
400,559.968201,220.417892,44.101501,101.374496,0.034147
425,65.389870,212.643661,12.536842,27.440247,0.921847
425,62.590641,204.732651,17.738728,38.675369,0.921847
425,23.430536,202.660461,17.666323,39.221573,0.826876
425,21.633696,204.081680,14.903219,31.993637,0.826876
425,22.468109,210.645798,15.294468,33.112564,0.826876
425,27.030760,204.918610,15.522451,33.806839,0.514028
425,28.872866,212.280685,14.258390,31.144577,0.514028
425,63.551632,213.273376,15.367649,34.436935,0.382088
425,17.630037,201.819489,21.341009,44.423477,0.363877
425,63.298550,199.047943,15.679058,34.641998,0.327761
425,19.486689,213.520966,16.605921,38.666473,0.296457
425,26.236595,214.794952,15.950687,36.193405,0.140200
425,66.284904,217.209717,12.184471,26.360153,0.080904
425,67.599983,220.065857,9.358276,23.327850,0.080904
450,30.451458,216.238785,17.489391,37.551956,0.984226
450,27.256973,212.205963,23.248043,50.197052,0.984226
450,33.028198,221.912903,14.701981,33.533798,0.971724
450,32.246456,212.639343,16.013912,34.946350,0.903298
450,29.993677,226.691696,15.753332,36.547409,0.594945
450,69.874168,232.872955,10.834984,24.303101,0.312638
450,68.777390,224.405792,12.376442,27.040909,0.312638
450,68.151306,230.112778,13.869865,29.400497,0.312638
450,493.281372,245.792877,16.974060,36.739532,0.047625
450,490.494080,237.287979,24.498657,52.319351,0.047625
450,495.986145,250.324615,13.272095,28.669769,0.036391
450,494.985687,239.961212,15.021240,31.549622,0.036391
450,497.904327,239.068512,12.076416,26.504028,0.036391
450,492.242920,236.122971,19.574249,43.734848,0.036391
475,588.471313,198.613525,55.317017,116.409058,0.066477
500,590.483643,208.301773,53.099731,119.417709,0.040817
500,602.672424,206.745575,51.829773,116.798065,0.040590
525,609.704773,176.795166,65.645386,138.247223,0.033635
550,638.602417,185.905609,64.733398,140.049255,0.045856
550,387.297638,218.023651,10.027985,21.985214,0.033864
550,386.869293,208.848923,11.054596,24.515259,0.033864
550,384.617645,214.145020,13.297516,29.069000,0.033864
550,383.743835,205.260849,14.052277,30.889053,0.033864
600,369.469055,215.748291,10.944641,23.967361,0.341480
600,368.522034,209.745316,11.260895,24.329407,0.341480
600,366.501953,212.012970,14.101440,29.799149,0.341480
625,385.270996,204.659210,11.698151,25.498138,0.973725
625,382.300751,201.363953,17.879059,40.300018,0.897604
625,386.789368,200.474777,11.141022,24.234177,0.615219
625,383.585205,198.518539,13.849548,31.239090,0.615219
625,375.346527,205.146729,10.109009,22.339600,0.050271
625,373.721863,201.507935,13.367523,29.167252,0.050271
775,372.452087,199.935699,11.422180,25.054474,0.122046
800,433.479767,196.165237,11.652313,25.315338,0.980230
800,431.687897,191.857437,15.403595,33.104965,0.980230
800,425.850098,199.630722,9.797516,20.842087,0.929462
800,425.262115,194.438812,10.072937,21.957108,0.929462
800,431.458618,181.917801,15.415436,35.560989,0.327555
800,310.734924,197.326324,11.629181,25.544022,0.123321
800,309.833923,193.730286,11.670685,25.160416,0.123321
800,309.055664,191.229172,14.197784,30.953842,0.123321
800,307.785645,187.884552,17.844635,37.709671,0.123321
825,487.597260,192.917984,12.928345,28.467575,0.982833
825,486.043213,189.299896,15.908783,34.173187,0.982833
825,654.762878,186.879211,13.139832,28.583115,0.899316
825,655.461792,189.608612,14.275696,31.282639,0.899316
825,484.132355,183.192291,15.109619,33.288544,0.669764
825,654.775024,180.065643,13.992493,29.112625,0.615994
825,491.976105,194.039520,11.701355,25.460648,0.595852
825,494.893524,193.259399,10.936768,24.409225,0.595852
825,493.462006,197.344818,11.374939,24.444427,0.595852
825,488.600891,189.279388,17.421387,36.627716,0.595852
825,310.268433,196.116867,12.018127,26.181213,0.548471
825,308.003723,188.676315,17.336090,36.860489,0.548471
825,616.421814,193.676437,11.581116,25.614944,0.542320
825,615.053528,196.830734,11.251953,24.052658,0.542320
825,614.902710,188.094238,16.521790,35.519073,0.542320
825,474.736023,200.494370,9.090240,18.801117,0.454123
825,386.354065,200.683090,10.746338,23.223404,0.411198
825,386.603851,195.808334,10.910187,24.396683,0.411198
825,384.413574,193.966080,13.917297,30.887634,0.411198
825,382.937347,190.674438,17.567352,38.523529,0.411198
825,623.497742,193.514694,11.248901,24.789200,0.291054
825,624.807068,197.184540,10.664062,23.870804,0.291054
825,620.636230,190.486969,13.664429,29.990341,0.291054
825,619.270020,187.322678,17.362549,37.220291,0.291054
825,483.925446,193.040649,16.330231,35.995377,0.266801
825,483.966553,194.662979,12.657623,29.582657,0.266801
825,474.540680,193.153122,9.081848,19.710556,0.225775
825,486.152985,188.105347,11.770111,24.616791,0.124491
825,485.736115,185.150620,9.890015,23.250839,0.124491
825,305.913757,179.103683,16.732391,36.313141,0.084853
825,650.143005,171.105942,21.442505,45.887146,0.059980
825,380.225342,187.084641,21.410950,46.086700,0.057617
825,384.573608,201.252029,12.440735,28.104462,0.057617
825,384.121460,200.132706,15.576996,35.608612,0.057617
825,654.622498,196.232269,15.120789,34.374542,0.056720
825,490.037781,178.513367,15.995178,36.505798,0.055422
825,611.771423,179.497177,16.614746,36.590027,0.053622
825,306.791351,199.808136,13.162567,30.102386,0.041361
825,306.059082,197.849548,16.860718,37.164551,0.041361
850,494.589691,199.428757,13.666534,29.690643,0.991705
850,562.821411,200.052017,12.449707,26.923737,0.979419
850,492.925873,190.401932,17.854431,38.627823,0.978323
850,323.192291,205.176483,11.304474,24.719604,0.943753
850,562.026978,201.098984,14.731079,31.448837,0.936386
850,418.848328,201.462204,12.240662,26.739792,0.865683
850,561.287537,190.528534,16.830139,35.641220,0.809001
850,553.192932,203.670334,9.656860,20.768677,0.749407
850,417.020996,200.141281,15.605560,33.396835,0.566382
850,416.526276,191.207458,17.370667,37.791519,0.566382
850,324.009521,198.645187,11.602051,24.546234,0.461233
850,320.964325,197.948502,14.116577,31.043915,0.461233
850,322.644287,202.298767,13.756683,29.652924,0.428887
850,321.648621,192.569199,15.944519,36.151810,0.428887
850,321.294312,202.136490,16.630859,36.814377,0.428887
850,310.902100,204.929352,10.485443,22.798950,0.317113
850,309.428375,201.637573,13.312256,28.502762,0.317113
850,492.084076,196.334305,19.207062,41.253952,0.291691
850,336.986053,206.051468,10.604065,22.388245,0.198449
850,334.174500,202.243851,13.324524,27.927994,0.198449
850,642.457825,193.414551,15.152893,34.209183,0.132248
850,640.978210,184.292725,18.366394,39.110306,0.132248
850,642.515564,185.628174,14.917725,32.897659,0.132248
850,558.440979,196.063110,19.680786,42.496552,0.046160
850,638.498047,170.284424,25.624573,56.781357,0.044617
850,639.120239,189.114120,21.745789,48.104813,0.040071
850,307.542999,195.957062,17.486542,37.882278,0.038368
850,311.178345,209.595383,10.133118,20.999786,0.037544
850,309.875580,212.538727,8.886414,20.449234,0.037544
850,307.193542,203.409317,13.592926,30.315933,0.037544
850,310.161469,196.963852,11.094177,23.104843,0.033941
850,307.097473,196.337540,13.604950,30.514389,0.033941
875,538.367615,193.047760,14.712952,32.545746,0.981709
875,541.424805,193.623550,14.525024,31.880310,0.981709
875,536.785461,189.732819,18.197693,39.549469,0.981709
875,383.080353,201.151169,12.058319,25.850342,0.963766
875,382.891449,195.141724,12.938080,27.965363,0.963766
875,535.060669,191.054031,15.435852,33.171005,0.955402
875,238.337555,196.404449,14.511093,31.474869,0.953657
875,240.555756,192.399399,13.057068,29.282471,0.953657
875,664.541748,185.698135,16.482666,36.197235,0.943666
875,661.804382,186.277206,15.362671,32.932251,0.943666
875,663.305420,190.967514,14.571228,32.484100,0.943666
875,659.258850,176.806244,19.875244,43.632843,0.885423
875,668.978577,187.046600,14.213135,30.417496,0.834918
875,666.436829,190.627502,16.616028,35.195694,0.834918
875,380.922791,201.694855,16.546509,37.070160,0.801931
875,487.618622,191.114639,13.739624,29.990036,0.785869
875,485.820648,196.495331,12.636810,27.074326,0.785869
875,485.723999,187.913879,17.962097,38.286011,0.785869
875,538.278809,180.406494,19.398132,41.604889,0.733937
875,535.010742,204.665253,10.305969,26.494858,0.662786
875,236.579636,198.463455,17.310699,38.040787,0.604705
875,661.837463,181.316040,12.414185,28.338608,0.457167
875,532.907227,182.101440,17.246338,37.045181,0.443252
875,534.680481,196.444046,13.126526,30.661804,0.407954
875,380.159515,194.092773,16.340454,36.513321,0.283809
875,385.747864,206.003265,10.179962,25.192612,0.283809
875,665.724915,179.240921,17.909912,39.927505,0.270804
875,669.565735,180.664566,14.447327,30.767014,0.270804
875,672.212646,180.947556,11.477295,26.010010,0.270804
875,233.674957,198.536469,13.574814,29.261002,0.267615
875,231.473602,200.914734,12.057495,25.939331,0.267615
875,232.651443,191.286575,14.518646,31.193283,0.267615
875,231.036362,191.244308,12.107880,26.779083,0.267615
875,540.143127,187.447098,18.526917,40.273483,0.238598
875,667.261719,177.759171,22.361023,47.187363,0.230700
875,659.536438,186.545914,19.286865,42.214630,0.230700
875,493.016022,193.175629,12.338654,25.629639,0.207205
875,491.204437,196.760101,12.045807,26.525360,0.207205
875,493.594635,198.655457,11.422516,24.592133,0.207205
875,544.243042,201.643631,10.222961,25.597763,0.155532
875,482.944153,181.006516,16.541138,35.393021,0.155521
875,374.753754,194.627518,12.102936,26.432205,0.149145
875,374.327576,199.320236,13.246704,28.847992,0.149145
875,373.821320,193.938339,10.471802,23.653351,0.149145
875,372.608978,191.383530,14.762939,32.775818,0.149145
875,661.518799,193.194809,15.833313,37.079422,0.128924
875,241.452057,203.779785,10.882080,26.945023,0.104793
875,237.578918,189.706833,18.072464,39.166931,0.098179
875,234.538239,183.686737,22.467194,48.629349,0.098179
875,666.957825,194.122009,17.340454,39.143936,0.084074
875,256.997986,191.308731,12.621613,27.332336,0.082296
875,256.762299,198.024902,12.092834,26.672699,0.082296
875,254.644104,188.569199,15.366089,33.083450,0.082296
875,484.023834,198.474792,12.884796,29.406738,0.069593
875,483.687744,196.694260,16.298889,35.830154,0.069593
875,543.585938,184.918152,12.744690,26.743958,0.038273
875,225.481491,184.131165,23.021072,50.655029,0.036725
875,371.744568,202.051666,17.292267,39.622452,0.035824
900,577.950562,198.023102,13.717957,29.807907,0.978111
900,579.410522,194.206314,12.828430,28.397324,0.978111
900,577.258484,194.307648,17.448853,38.475479,0.978111
900,517.129456,198.918381,13.281250,28.668091,0.976931
900,516.424622,194.250046,13.005371,28.804718,0.976931
900,516.459229,196.280930,15.966919,34.779434,0.976931
900,439.855621,201.468018,12.725464,27.802872,0.966465
900,439.366516,196.081390,15.372498,33.843842,0.966465
900,438.864044,197.420700,12.880554,27.802811,0.966465
900,437.262329,192.437439,18.841766,40.654846,0.966465
900,563.323853,198.589310,13.022888,29.004379,0.962045
900,562.638733,194.268173,12.712280,27.724380,0.962045
900,560.927124,195.334259,17.298706,36.827484,0.962045
900,437.277649,200.787506,15.559875,35.293884,0.901448
900,516.640137,187.951111,17.172302,36.885178,0.820184
900,683.123474,185.574539,17.621338,37.739105,0.729338
900,686.588318,186.512527,14.928528,30.744095,0.729338
900,686.215088,193.037903,14.994263,33.927246,0.729338
900,438.661469,203.724335,10.610931,25.846069,0.708272
900,444.800110,195.104630,12.406555,27.125397,0.541518
900,440.924866,192.748657,15.037445,32.611908,0.541518
900,588.091431,199.565598,12.085571,26.533478,0.408029
900,590.724365,200.525970,11.245911,25.043655,0.408029
900,588.294739,192.911041,12.827209,27.894089,0.408029
900,584.357788,189.787674,15.618042,33.647263,0.408029
900,443.471222,199.366852,13.138947,28.004654,0.400405
900,577.287537,181.829132,19.784058,42.389618,0.348250
900,576.219177,187.614197,21.031677,47.669617,0.286166
900,513.471130,183.454956,18.632568,39.578613,0.233040
900,558.025208,182.347397,19.463013,40.717438,0.189056
900,558.176086,188.173553,21.036743,47.176620,0.162083
900,515.272095,190.303177,19.182495,42.732437,0.138227
900,687.310486,181.485519,14.984985,30.776520,0.125093
900,584.456299,182.787552,22.545044,50.161880,0.100028
900,433.269653,195.876389,20.774750,44.174133,0.087463
900,526.341614,194.205826,12.189941,26.493668,0.082257
900,522.795166,198.100327,13.604553,29.670578,0.082257
900,522.363953,191.702072,14.865173,31.978165,0.082257
900,520.789001,187.822128,19.123535,42.117477,0.082257
900,572.037109,192.465286,21.325684,44.978546,0.070139
900,442.391815,187.381866,21.475555,48.567932,0.061404
900,512.257324,194.567810,19.677429,42.433716,0.040942
900,683.842041,178.868225,21.145203,45.897629,0.039043
900,444.711365,204.894241,12.555054,27.734818,0.036651
900,439.620544,196.491562,19.572601,43.031860,0.036651
900,448.292114,209.072952,10.556244,24.558136,0.036651
900,525.824463,199.948364,12.212952,26.045029,0.034019
925,299.795471,202.726212,18.305328,40.251205,0.994386
925,299.191986,196.508652,17.618713,38.032455,0.991721
925,161.504837,198.874451,17.234314,37.428497,0.990446
925,494.287384,200.218536,14.313232,30.699936,0.976934
925,292.907471,203.497955,20.135559,41.882217,0.969693
925,497.620178,195.223206,12.156616,27.239243,0.959118
925,492.530731,195.706787,18.148193,41.018494,0.943166
925,483.614563,202.439575,13.769135,29.952988,0.914367
925,482.423279,195.455093,15.737305,34.216354,0.914367
925,483.125763,194.501328,12.897461,28.860870,0.914367
925,498.355164,207.478531,11.331024,26.274948,0.886685
925,407.027161,203.387253,12.163391,27.071548,0.878820
925,404.510132,199.642899,18.035645,41.049866,0.732753
925,159.878922,204.623230,19.451447,43.129120,0.706229
925,160.844589,208.260376,14.977798,34.580368,0.706229
925,296.124573,198.084763,18.371460,40.002304,0.700019
925,404.591827,192.689453,16.605133,36.274536,0.568153
925,300.545258,191.289612,22.278229,47.650833,0.540624
925,290.503571,189.460159,22.899109,48.181122,0.540624
925,630.712708,199.948334,15.084534,31.952194,0.403336
925,628.880737,202.594269,15.323120,34.733643,0.403336
925,294.300385,201.236664,14.575195,31.516785,0.332870
925,294.750946,209.125275,12.788727,27.973602,0.315358
925,406.478333,199.744720,12.280518,26.237335,0.254190
925,405.875549,197.952530,10.383057,23.793594,0.254190
925,627.964783,195.112366,17.784363,40.362823,0.224218
925,629.091492,196.934540,15.227051,32.095566,0.224218
925,294.203705,194.245224,15.603729,34.088028,0.208226
925,293.584412,194.091171,12.552094,27.792297,0.208226
925,479.249084,188.896133,22.096771,49.369492,0.162212
925,489.988647,187.863556,22.624023,51.093903,0.162212
925,412.659607,204.136246,11.834595,25.017700,0.158301
925,166.571686,199.803864,23.156311,49.057968,0.118463
925,167.881607,188.629898,23.306091,54.557083,0.083447
925,156.332794,199.945602,24.791382,51.271912,0.053957
925,413.214447,209.686737,11.702209,25.912186,0.036110
925,409.735229,203.745941,14.620789,31.733322,0.036110
925,416.858124,213.263062,9.778778,22.760834,0.036110
925,408.145050,202.430359,18.692535,41.033264,0.036110
925,634.258667,201.560745,13.805481,29.520798,0.035081
925,637.575378,201.954941,12.708374,27.750641,0.035081
950,196.878067,195.835068,17.640045,38.384842,0.988502
950,193.801620,191.313705,21.527283,45.850113,0.988502
950,221.524063,194.001587,16.178879,34.380844,0.964325
950,220.009842,198.597107,18.327316,40.434677,0.957029
950,567.638000,197.861877,15.696777,34.569412,0.954388
950,564.871277,198.525070,15.100037,32.637741,0.954388
950,565.989807,193.718185,15.828613,34.260681,0.954388
950,563.985352,190.645782,20.355286,43.323318,0.954388
950,207.999817,197.504852,16.619110,35.780121,0.943189
950,205.604843,187.954880,20.141388,46.618240,0.943189
950,215.400803,186.713760,27.792114,58.256790,0.938146
950,325.622101,197.449966,16.106812,35.169479,0.937254
950,323.002594,198.359818,19.346558,43.195526,0.937254
950,331.265076,198.834122,14.803101,32.339737,0.924745
950,328.271667,194.368469,19.070404,41.033783,0.924745
950,454.675323,198.792633,14.962738,32.287872,0.918679
950,452.553345,199.850418,14.059204,30.577164,0.918679
950,453.923523,193.965485,15.015289,32.569412,0.918679
950,452.489502,193.173294,13.417053,29.472733,0.918679
950,462.541870,199.887238,14.614899,31.881073,0.869379
950,463.616455,194.300537,14.460907,31.682419,0.869379
950,323.226105,192.673248,15.508759,34.050644,0.841935
950,450.731842,198.590988,17.403168,38.441116,0.792856
950,462.571045,201.643997,17.313934,37.919495,0.765525
950,334.558014,193.295822,13.921722,30.328033,0.747940
950,203.785751,195.746323,24.385284,50.226562,0.723610
950,190.656387,184.603149,24.154510,48.943436,0.678857
950,323.879517,201.428635,14.588196,33.697433,0.650283
950,317.887299,185.756561,24.303192,53.779572,0.580563
950,328.527618,184.491089,24.462585,54.683914,0.580563
950,192.249893,197.857590,22.180695,47.802719,0.494846
950,334.717102,205.232925,13.981689,31.310165,0.484145
950,184.774643,210.046936,11.763107,24.253372,0.381034
950,570.294861,200.106476,13.611267,29.260956,0.336163
950,573.667480,200.946838,12.211365,26.938904,0.336163
950,571.545044,192.481842,13.611023,29.898514,0.336163
950,574.615234,193.332748,11.891418,26.357193,0.336163
950,567.696289,201.836777,18.383545,39.731171,0.298830
950,459.369751,185.450180,22.663391,50.630508,0.218950
950,450.427216,187.592194,21.412079,46.976227,0.218950
950,569.431274,185.476456,22.146973,49.744614,0.151763
950,561.132629,194.860443,20.700806,44.440201,0.126677
950,461.387421,192.621063,18.480530,39.653717,0.112116
950,446.618805,192.643616,22.502869,48.491791,0.092030
950,180.610245,182.385361,25.772552,57.887726,0.059154
950,320.804321,208.053360,15.911041,37.339294,0.048742
950,567.788818,195.502609,22.989441,49.449646,0.043213
975,421.904755,194.026489,14.735474,32.663635,0.991210
975,419.250366,191.696320,14.964111,32.313034,0.991210
975,419.072632,190.786011,18.371674,39.393494,0.991210
975,531.668091,190.496811,16.049683,35.019211,0.990905
975,259.189606,190.908310,18.034332,39.673843,0.990010
975,257.980865,199.153595,17.580078,36.702972,0.990010
975,358.434937,193.816162,16.415802,35.619904,0.980166
975,356.215820,195.563843,15.199860,33.295074,0.980166
975,355.784332,187.834244,20.298157,45.163483,0.980166
975,365.168793,194.669174,15.757294,34.641815,0.980021
975,367.867676,191.885437,14.531799,31.892273,0.980021
975,363.802399,189.392181,19.535583,43.046432,0.980021
975,648.547546,191.918579,17.265076,37.740158,0.954161
975,652.948425,189.844360,14.900940,32.024307,0.954161
975,529.245056,192.740051,17.272034,37.303268,0.945583
975,529.046448,183.446945,19.294739,41.640198,0.937703
975,646.023132,189.071442,15.615356,33.375885,0.929088
975,649.105835,196.495285,19.701233,41.501755,0.868697
975,216.857605,190.941681,13.581818,29.904404,0.844958
975,214.497284,190.904282,13.334885,28.351654,0.844958
975,214.278824,195.911377,12.902328,27.626480,0.844958
975,215.042252,188.628250,17.623825,37.497131,0.844958
975,262.199219,184.056900,21.777039,49.175766,0.818881
975,420.518921,200.130417,11.563049,27.821152,0.817437
975,367.848450,200.951691,12.709625,29.908890,0.667070
975,644.809509,193.519669,19.469299,42.811996,0.658726
975,651.262085,184.423477,20.462891,44.135635,0.607290
975,532.083374,200.541275,10.798462,27.030548,0.607249
975,261.038361,193.375214,22.533539,49.427475,0.571107
975,531.467468,187.750473,14.059631,29.331421,0.524616
975,531.872009,184.686783,11.635742,27.360001,0.524616
975,254.223984,185.401443,22.205429,48.070847,0.484139
975,645.072083,180.208054,18.684265,40.840210,0.481817
975,427.120697,198.445694,12.588287,26.949936,0.362618
975,427.015686,192.916046,13.000732,27.996613,0.362618
975,430.197784,199.211975,11.352570,25.641449,0.362618
975,422.826508,189.289581,15.670929,33.714096,0.362618
975,430.134003,192.616653,11.548340,25.449921,0.362618
975,424.934570,183.431702,21.376190,48.062363,0.306674
975,526.922974,188.996613,21.116150,45.453766,0.268291
975,212.581589,180.354187,18.811264,41.220886,0.261666
975,652.142456,198.012619,16.138245,33.996338,0.238267
975,655.337708,202.748352,11.887085,29.028198,0.238267
975,241.369003,180.463913,25.799789,55.771317,0.233962
975,536.699280,179.773254,22.234497,49.077011,0.183654
975,261.718689,199.899292,17.330872,39.110031,0.163956
975,220.285690,192.342026,12.861404,27.409622,0.151803
975,223.357925,191.158752,11.966232,26.567154,0.151803
975,221.452835,196.527161,12.416992,26.903137,0.151803
975,216.814636,191.969040,17.369965,39.050781,0.151803
975,212.250443,196.561447,17.506882,37.425751,0.142731
975,424.532318,200.750366,15.082367,33.595352,0.113312
975,422.991455,200.880905,19.049744,40.424149,0.113312
975,639.372925,189.971558,22.490112,47.982010,0.104089
975,381.803986,198.270325,12.054932,26.893967,0.103217
975,383.734924,192.673828,12.398438,26.309235,0.103217
975,384.063019,200.000427,11.391083,24.562622,0.103217
975,380.143799,188.701248,14.854034,32.436142,0.103217
975,258.140015,188.715790,15.557251,32.597824,0.085526
975,258.562531,186.059677,13.453857,28.317551,0.085526
975,420.152679,187.518555,13.463379,27.774094,0.084776
975,420.263214,185.219803,10.928772,25.246399,0.084776
975,539.581360,191.932709,12.848694,27.767044,0.067806
975,535.781311,188.072296,15.430786,33.287689,0.067806
975,542.755005,191.574280,11.302917,25.154785,0.067806
975,538.608765,196.904541,13.049744,28.485626,0.067806
1000,219.723740,188.374710,19.292389,41.853745,0.995731
1000,219.177841,186.705414,24.126328,51.430710,0.994421
1000,322.665375,185.718048,21.030243,45.909866,0.986580
1000,390.019714,189.014954,17.607056,38.981308,0.985276
1000,387.642273,188.301071,16.843536,36.253754,0.985276
1000,414.816803,189.336960,20.055969,44.426880,0.984903
1000,617.987122,187.187790,16.754211,36.207123,0.982270
1000,621.781677,187.468979,14.894165,32.377716,0.982270
1000,621.357361,193.190262,14.597290,32.137985,0.982270
1000,222.209091,185.477249,17.121994,37.841827,0.980597
1000,452.439575,191.853577,19.136261,41.853821,0.977919
1000,451.068420,189.560852,18.158905,37.920456,0.977919
1000,17.557289,185.838181,22.445938,49.038437,0.971415
1000,22.036118,188.356323,22.389763,51.064774,0.959125
1000,216.503586,188.902649,14.324478,31.122696,0.952310
1000,397.313751,190.567780,18.168274,39.649445,0.944616
1000,671.016113,163.340103,40.738831,86.330917,0.942033
1000,668.425049,174.279388,34.479797,72.892059,0.942033
1000,675.204956,178.389206,36.144409,78.219772,0.942033
1000,224.654205,195.677948,13.606415,33.821655,0.939607
1000,322.274689,182.102646,18.305450,40.104813,0.930169
1000,454.349091,196.372681,21.555542,45.754822,0.926524
1000,415.930206,183.702179,16.899384,36.630188,0.914059
1000,328.688843,179.557861,22.494171,50.626724,0.912468
1000,446.856323,186.053970,22.602356,47.902649,0.911428
1000,456.984711,185.505966,21.526520,47.446442,0.911428
1000,459.496552,196.831177,15.602814,33.039459,0.906684
1000,456.883270,191.719879,16.435272,35.188812,0.906684
1000,460.221680,191.454834,14.813416,31.007233,0.906684
1000,394.685547,191.952026,22.017395,46.866852,0.901749
1000,14.688966,181.387756,22.411213,49.077118,0.836387
1000,326.472717,191.062057,23.184052,53.451920,0.778249
1000,327.805237,196.893433,18.677826,41.972519,0.778249
1000,417.063385,197.488129,15.084991,35.492981,0.750464
1000,330.024689,188.985336,16.083221,34.214508,0.727475
1000,333.222412,196.414948,14.004730,30.986771,0.727475
1000,214.218994,184.986176,22.021942,47.347885,0.723547
1000,619.586060,190.410568,19.228210,43.331955,0.720405
1000,24.659410,195.896103,18.647005,39.484512,0.712471
1000,23.615202,191.349594,18.054033,37.853500,0.712471
1000,26.809252,191.448547,16.120558,32.935608,0.712471
1000,393.467987,184.693054,22.219116,47.269485,0.695766
1000,17.314814,195.246536,18.187300,42.601837,0.656023
1000,396.956177,184.240601,16.309845,35.721283,0.647844
1000,217.711075,189.263718,16.845276,37.743179,0.645466
1000,225.578354,185.277328,13.158981,30.827744,0.582948
1000,619.967041,183.793243,17.785522,39.370682,0.573860
1000,623.474670,184.754578,13.940674,30.369812,0.573860
1000,323.184387,198.508789,14.665009,34.323547,0.546200
1000,451.988403,199.524292,13.966187,33.779861,0.535424
1000,318.149597,187.246201,22.658325,49.511322,0.534841
1025,206.262527,181.662094,20.237717,43.569519,0.996426
1025,334.368011,183.894440,19.273102,42.525009,0.994744
1025,623.266479,171.944733,30.812317,66.517532,0.992517
1025,624.806213,166.754288,35.824341,77.116226,0.992517
1025,619.350952,178.387344,29.939758,67.684921,0.992517
1025,447.659760,184.169128,19.142578,41.536163,0.991159
1025,444.836365,182.077118,24.446533,54.553314,0.982537
1025,374.189667,181.995132,24.020050,52.399521,0.976830
1025,377.481476,192.221054,20.628510,46.621964,0.976830
1025,368.796600,184.039764,22.158142,48.171082,0.968255
1025,368.971100,185.653503,18.153870,39.812225,0.968255
1025,551.042358,183.831223,18.780518,41.299850,0.967316
1025,548.488220,183.894226,17.213257,37.344650,0.967316
1025,435.020508,183.394318,21.557709,46.894913,0.956937
1025,434.412445,185.447235,17.892761,38.281021,0.956937
1025,379.898682,187.672028,18.336548,39.232483,0.948318
1025,554.188721,188.679504,18.246155,39.838776,0.942550
1025,545.154663,182.960297,21.764465,47.008438,0.942550
1025,624.988098,180.233871,24.612061,50.566437,0.906841
1025,556.653992,186.824234,15.051331,32.274750,0.869970
1025,629.144958,175.694565,25.791321,54.320496,0.743166
1025,453.577423,184.774994,19.693420,43.867447,0.720917
1025,24.810366,188.737518,24.793730,54.785019,0.697560
1025,23.665932,176.196381,29.550220,65.331589,0.697560
1025,15.763726,176.184113,29.624752,65.660950,0.697560
1025,554.466614,179.723099,20.772217,45.307709,0.667253
1025,208.110291,191.317673,17.222275,36.424255,0.589538
1025,210.537415,197.421478,12.449081,30.992371,0.589538
1025,22.478090,194.840012,17.981379,39.429611,0.569234
1025,22.480505,182.881348,20.150949,43.561981,0.569234
1025,21.280596,185.071014,16.793478,35.958389,0.569234
1025,335.990082,194.655838,15.787292,32.794617,0.564218
1025,338.293243,199.105057,12.019012,28.837570,0.564218
1025,547.769409,191.551315,15.732849,37.112335,0.542242
1025,202.389221,181.947571,17.693558,39.558838,0.525179
1025,627.707092,185.058243,27.119873,60.931671,0.486799
1025,445.420746,190.488342,20.428040,43.014587,0.473588
1025,448.183197,197.366928,14.871704,35.112427,0.473588
1025,382.047729,200.104706,14.894897,34.452347,0.463323
1025,353.484192,188.987915,15.027649,32.314194,0.434755
1025,355.552032,194.114441,13.500183,30.171616,0.434755
1025,23.859697,173.212814,21.665392,49.165878,0.415657
1025,201.183121,187.535934,13.685822,29.662247,0.411337
1025,23.317574,187.625000,21.698654,47.004181,0.391752
1025,614.189392,168.498795,28.438721,62.396210,0.367073
1050,200.584946,181.476120,22.033798,48.293198,0.995807
1050,204.042953,182.550140,20.135910,41.572769,0.995807
1050,199.831070,172.723251,27.443039,58.855652,0.995807
1050,495.298004,181.554474,24.366425,53.327591,0.994873
1050,496.717926,185.451843,19.373810,41.477234,0.994873
1050,480.766785,183.043640,22.252777,48.003464,0.993130
1050,480.483582,185.147064,18.114258,39.001968,0.993130
1050,480.496185,177.098999,20.893555,45.011993,0.993130
1050,604.030151,168.194183,29.726135,64.501312,0.992186
1050,610.996704,171.928528,26.802490,57.463913,0.992186
1050,608.417175,174.891632,23.617920,49.107697,0.987907
1050,57.715637,184.229645,25.516197,56.186783,0.979092
1050,499.040192,172.511703,26.169952,56.743958,0.974948
1050,60.317265,191.444107,20.931385,44.535461,0.973380
1050,53.199100,181.228607,24.159840,52.845032,0.964630
1050,667.372498,179.469513,20.347046,43.549835,0.955268
1050,670.755981,182.271225,16.533447,34.170288,0.955268
1050,668.087952,171.108383,19.916138,44.633545,0.955268
1050,49.746281,170.424515,27.927883,59.072647,0.938911
1050,614.921448,165.583862,27.210999,60.795792,0.911372
1050,605.649231,168.680710,34.954651,73.872528,0.885469
1050,608.286682,161.791565,23.688354,52.193558,0.879584
1050,612.540405,177.260437,28.867310,59.403519,0.856055
1050,481.114044,179.528870,16.697327,37.180969,0.854893
1050,608.456543,186.042679,22.715454,50.022324,0.831823
1050,437.811646,173.860138,28.137207,59.450058,0.830384
1050,430.061340,175.782455,27.044128,57.473328,0.794308
1050,433.081116,186.509109,18.501953,39.705231,0.787512
1050,49.055412,182.820801,25.243164,55.694717,0.781112
1050,210.667664,180.453232,20.274750,43.920120,0.632696
1050,64.356560,178.423386,30.497803,66.789749,0.570652
1050,67.420914,183.937592,21.941467,47.345963,0.570652
1050,497.610199,169.796249,23.442963,52.191742,0.565258
1050,602.895630,173.008316,23.106628,50.635742,0.479939
1050,57.500656,183.729950,20.690361,45.040359,0.351638
1050,441.079742,179.577713,22.977997,48.933441,0.327174
1050,491.117828,169.592453,35.290497,76.655746,0.250228
1050,61.669010,180.126923,18.032169,40.808685,0.241610
1050,438.842651,184.633514,20.336182,44.567993,0.237032
1050,54.710247,171.314224,32.668888,69.012985,0.228377
1050,668.659668,176.468246,24.609070,53.923447,0.200675
1050,48.650585,174.168625,34.709049,73.560455,0.200337
1050,675.115234,177.300186,21.546082,45.686157,0.197108
1050,490.559540,173.452347,26.541412,58.413513,0.194819
1050,656.181946,170.282333,25.230164,53.861053,0.193739
1075,620.151489,174.804398,24.799622,53.763641,0.993598
1075,617.807678,174.169632,30.197510,65.441422,0.993598
1075,542.942932,183.153320,23.573120,51.400894,0.987310
1075,493.076263,183.071960,23.098053,49.800690,0.986153
1075,621.627319,187.440231,22.333313,48.568359,0.966627
1075,96.199417,182.621979,23.819275,52.185074,0.956511
1075,548.013611,181.048538,22.295105,50.108368,0.956420
1075,544.902405,171.951111,28.654480,62.393463,0.956420
1075,504.994904,178.873596,26.060883,55.638474,0.954420
1075,95.638718,193.513000,20.818718,44.830368,0.954279
1075,524.036987,175.755661,28.187927,59.020569,0.950829
1075,510.832306,187.337021,21.450836,46.124252,0.940191
1075,623.185791,171.520859,27.885437,60.992111,0.938432
1075,627.877136,179.705338,20.907776,45.885803,0.934690
1075,98.637794,180.338303,27.732185,61.054062,0.930821
1075,90.615471,184.935730,27.691933,60.879776,0.930821
1075,212.831482,187.810867,19.374329,42.725967,0.922055
1075,520.560669,185.452286,25.499451,53.907425,0.903272
1075,523.549805,177.357132,21.581299,45.856995,0.890253
1075,207.922958,183.829834,25.367828,54.950760,0.881541
1075,209.396484,188.473328,20.414734,46.330704,0.881541
1075,617.653564,181.688858,23.618164,48.574371,0.880943
1075,210.079681,181.680511,19.538849,40.894501,0.855777
1075,487.714935,186.107681,24.221924,48.466721,0.811811
1075,484.832336,179.485962,29.591492,62.329208,0.811811
1075,525.128906,190.006531,18.628296,41.394302,0.796709
1075,624.843323,178.823486,28.218445,63.867874,0.773179
1075,212.592361,174.598694,26.034744,56.148743,0.759176
1075,611.631042,180.243942,26.709045,58.647324,0.689839
1075,614.018250,174.441391,24.533386,53.517670,0.653670
1075,615.010132,169.827881,37.223083,79.089386,0.597238
1075,102.914497,190.253433,21.103851,49.401047,0.485057
1075,495.336212,192.998978,18.865143,41.951706,0.444407
1075,482.002838,184.448608,26.217102,57.658356,0.439575
1075,481.496979,174.061462,26.729065,57.934769,0.427603
1075,544.092712,179.862579,18.615540,38.303635,0.418855
1075,81.328506,180.791626,30.530746,62.445511,0.375260
1075,490.594574,171.661118,32.102386,69.744110,0.360593
1075,519.385559,175.828842,36.786926,79.251190,0.334971
1075,503.924713,169.412064,37.009308,78.159485,0.331320
1075,544.282776,196.036072,17.036316,39.853592,0.303497
1075,537.229736,172.432281,36.335083,79.153412,0.274686
1075,494.407043,181.279358,19.160400,40.892273,0.247220
1075,103.404915,185.187119,19.657967,40.918610,0.233059
1075,107.673149,187.128662,16.215019,34.391647,0.233059
1075,211.515198,200.898071,13.929321,32.623703,0.177090
1075,511.761139,196.265717,17.274200,38.025558,0.168020
1075,211.310547,179.474228,15.217850,33.945557,0.154707
1100,614.811035,182.488708,22.080566,48.128738,0.989101
1100,615.132385,176.089966,25.944458,59.889542,0.986532
1100,618.563354,178.837570,21.084778,44.128586,0.986532
1100,609.328613,171.894104,27.820862,61.583054,0.985785
1100,617.371033,189.120178,23.684082,49.654663,0.982344
1100,611.120972,185.254990,26.024658,54.997894,0.981375
1100,125.921967,182.771545,24.878220,53.528030,0.934499
1100,532.954590,182.107620,24.459473,53.023773,0.882751
1100,538.524902,180.147690,30.190491,64.036880,0.869482
1100,132.912735,188.414093,21.204575,47.080734,0.812149
1100,131.315231,188.229904,26.577545,59.685333,0.812149
1100,121.597748,176.698044,31.657761,68.606796,0.733945
1100,554.139954,179.741684,26.669006,57.169861,0.726167
1100,528.221313,177.584457,27.085449,59.313980,0.702893
1100,538.664307,186.141235,22.059387,47.801056,0.667807
1100,539.035522,195.311005,21.907349,46.294006,0.667807
1100,533.786743,191.821472,20.359802,43.711472,0.579223
1100,532.744690,185.425934,18.538330,39.282730,0.579223
1100,611.488525,177.119995,32.575684,69.333023,0.570867
1100,133.067642,176.382370,25.564713,59.048981,0.552664
1100,604.002319,184.838196,29.465881,65.893677,0.441401
1100,557.147339,175.820923,22.000732,50.102371,0.406532
1100,621.153503,180.378525,29.556091,63.613525,0.398513
1100,558.373169,186.246552,20.116577,42.187424,0.392585
1100,127.079842,193.342728,21.300346,47.503113,0.381327
1100,532.891663,174.855621,31.621887,67.448761,0.340261
1100,537.689819,175.058640,23.374451,53.463165,0.340261
1100,534.753784,175.262650,36.090027,77.894989,0.330417
1100,626.019958,184.208023,22.389771,48.479263,0.273542
1100,119.498734,182.448486,25.077866,55.268753,0.257942
1100,555.695862,191.175537,22.805603,47.870041,0.215135
1100,557.900085,199.071457,18.058105,39.572296,0.215135
1100,527.473572,177.791397,35.812622,76.582275,0.194801
1100,534.004028,201.864151,15.814026,35.678268,0.161147
1100,133.845428,195.009048,21.625580,49.112152,0.133316
1100,550.202759,188.609970,29.717163,66.946350,0.128207
1100,113.287186,173.343536,28.823090,62.546463,0.119950
1100,556.501770,203.567917,19.376099,44.952103,0.119740
1100,122.627342,188.598419,28.496727,63.393341,0.108051
1100,626.868835,173.338638,24.649658,57.134354,0.099942
1100,559.929810,175.593460,28.044800,59.656570,0.080843
1100,206.819778,186.280029,14.496155,30.593826,0.042317
1100,204.297882,184.169525,18.158142,38.269180,0.042317
1100,614.515808,180.122528,18.083618,39.170364,0.034311
1100,613.692017,179.114441,14.967651,32.963501,0.034311
1125,72.451485,194.597656,24.278542,52.556488,0.990240
1125,65.680885,191.487381,28.056732,59.907043,0.989572
1125,61.411087,196.948959,27.126488,58.231522,0.959517
1125,150.599762,195.755722,21.544235,47.359451,0.915838
1125,149.400894,198.281586,18.639420,40.118393,0.915838
1125,576.500610,187.691635,26.573608,58.718369,0.902163
1125,581.583862,191.754578,24.396667,53.357407,0.902163
1125,156.018219,189.069412,26.434357,57.627350,0.887691
1125,157.968201,194.129562,21.350693,47.015335,0.887691
1125,167.495407,191.248978,25.358124,54.205307,0.828022
1125,76.122475,192.307785,19.664101,42.671402,0.826261
1125,166.571533,185.376724,23.293015,52.499878,0.759937
1125,586.600769,197.498810,18.887512,39.057587,0.694079
1125,3.710929,183.636032,33.817493,73.541519,0.676268
1125,1.512911,190.969833,23.138531,68.409378,0.604174
1125,68.821594,182.963577,31.676994,69.207703,0.596273
1125,146.113266,196.970276,25.678894,56.262894,0.591105
1125,147.202072,205.286697,19.099762,44.415894,0.591105
1125,68.707184,199.193893,18.730484,40.709335,0.540423
1125,579.701965,195.747162,18.830017,40.590729,0.537492
1125,147.770325,193.244705,16.883423,37.434982,0.479078
1125,585.540527,203.461349,21.416382,47.686005,0.403072
1125,582.556213,195.194916,27.475586,60.602310,0.339445
1125,571.066223,194.268387,27.734497,60.483109,0.339445
1125,170.391708,203.517609,21.377899,48.497498,0.336462
1125,577.386414,202.986252,21.945312,49.340759,0.308332
1125,583.350708,177.199158,28.297485,62.198929,0.276876
1125,79.223862,192.852295,24.187347,52.181000,0.207574
1125,153.460953,177.286392,36.973923,80.360855,0.204541
1125,573.875671,178.126801,28.479553,62.194977,0.126348
1125,216.502579,187.545013,16.788986,35.320038,0.117581
1125,221.738663,188.240326,13.681366,29.060318,0.117581
1125,214.613235,190.185440,18.564957,40.744324,0.117581
1125,218.435760,194.455460,15.880646,33.759247,0.117581
1125,221.812378,197.131210,13.745880,29.483582,0.117581
1125,4.539026,196.843231,30.030016,65.449066,0.102834
1125,1.000000,197.995331,18.911007,43.564133,0.094966
1125,214.008163,188.612854,15.115265,31.080673,0.090311
1125,213.279984,198.366638,13.782990,29.556274,0.090311
1125,67.526176,205.428497,19.580681,42.849472,0.083585
1125,217.875656,185.672882,19.482666,42.589630,0.080995
1125,216.023453,178.519211,24.116776,52.879684,0.080995
1125,206.852066,179.755341,25.217346,54.673706,0.080995
1150,618.271790,187.265503,26.660400,58.100403,0.985744
1150,621.211487,198.029266,22.447998,49.289581,0.985744
1150,553.129333,199.336014,17.067322,36.860733,0.985446
1150,547.853760,194.469391,21.698853,47.337234,0.985446
1150,552.099609,191.100250,24.952454,54.422134,0.985446
1150,39.632912,193.673782,24.570435,54.152832,0.985130
1150,37.071930,187.142349,30.236351,64.564743,0.985130
1150,168.270264,191.507690,24.900528,53.252686,0.982849
1150,167.746094,195.726089,21.225357,42.405930,0.982849
1150,85.645531,197.855286,19.958099,43.459717,0.978017
1150,84.997795,187.229691,24.924400,53.806396,0.978017
1150,76.602150,190.750641,25.653191,54.356277,0.976250
1150,83.464638,193.402573,26.511459,58.817230,0.976250
1150,13.960158,194.036957,27.726116,60.573914,0.975038
1150,15.473616,198.267029,22.951609,47.468384,0.975038
1150,16.409702,200.180679,18.217010,39.471466,0.975038
1150,81.252419,196.480087,20.464722,44.121780,0.974128
1150,613.735718,191.420502,23.502686,50.049896,0.972822
1150,31.861483,190.057541,26.867167,58.400757,0.971047
1150,17.298615,188.570816,28.556911,61.068649,0.943053
1150,550.442261,196.646057,16.419006,34.861115,0.936032
1150,160.198532,196.313507,25.216293,57.524002,0.930783
1150,612.387512,193.852570,20.196838,44.216095,0.926861
1150,558.039856,196.234589,14.443115,32.182739,0.916898
1150,167.610153,188.564407,30.448212,65.068359,0.914832
1150,170.817108,198.760361,23.530502,53.273834,0.914832
1150,625.291382,188.596359,25.982483,58.155426,0.905147
1150,622.068481,190.857986,21.106750,45.860718,0.882414
1150,184.446777,192.521637,24.636765,51.884811,0.841629
1150,606.791443,192.731415,25.426025,56.082993,0.792445
1150,190.287201,191.954971,22.831787,49.696930,0.783613
1150,192.526108,194.389404,18.436981,40.342850,0.783613
1150,35.384640,197.380630,28.763783,66.434464,0.766238
1150,629.375305,189.974991,22.968140,49.141708,0.739231
1150,28.624458,185.812729,34.778904,76.100632,0.733548
1150,622.681580,183.232727,20.203674,45.378235,0.700211
1150,157.882645,182.880325,27.933624,62.244293,0.658261
1150,611.163208,191.821457,18.326904,39.138184,0.611966
1150,609.768188,184.647827,24.935547,52.315659,0.603770
1150,611.639465,185.120071,31.957886,69.874191,0.577295
1150,16.745628,194.216537,17.465939,38.090149,0.464176
1150,187.832336,193.478592,26.148911,60.253601,0.454089
1150,188.501526,204.067444,20.117188,47.089767,0.454089
1150,195.499069,187.593216,27.959213,60.977524,0.379718
1150,167.652054,201.888748,18.325714,40.954498,0.376451
1175,105.347931,199.520874,21.101875,45.574982,0.992702
1175,261.960236,191.391144,25.608734,55.810822,0.992085
1175,255.878296,187.994553,27.192535,58.531036,0.992085
1175,528.074402,200.474503,16.469788,35.257111,0.990407
1175,526.832275,194.593796,20.419495,44.029099,0.990407
1175,62.687168,191.048462,27.484158,59.889572,0.988187
1175,93.596077,188.673355,27.428154,56.674011,0.987382
1175,70.472420,192.928375,25.435394,55.009827,0.986861
1175,67.753754,187.610641,31.710052,67.299805,0.986861
1175,668.968994,188.293274,24.628357,52.758041,0.986757
1175,670.858459,199.762619,19.906006,43.464706,0.986757
1175,103.815048,190.437531,21.145004,47.736008,0.986015
1175,670.726501,190.893341,20.018921,43.544495,0.976957
1175,640.862000,186.357834,27.468994,60.766434,0.971896
1175,638.138062,182.714645,32.999084,73.468460,0.936315
1175,253.335022,193.937302,25.744232,56.091553,0.933907
1175,57.497829,194.275635,26.494923,59.073151,0.927573
1175,101.127731,195.435959,22.621208,48.330429,0.909706
1175,100.645721,199.712143,17.151024,36.693344,0.909706
1175,99.902199,190.707993,21.399178,45.252716,0.909706
1175,2.629356,193.657410,21.595585,54.966187,0.885663
1175,2.428043,198.409485,18.803816,43.238922,0.885663
1175,532.425842,188.976425,24.839050,55.215927,0.837759
1175,8.134703,197.861557,26.848711,58.954941,0.806546
1175,106.386818,201.575119,23.839302,53.187149,0.804444
1175,262.311829,180.690933,28.586731,63.150742,0.773347
1175,523.371521,195.958633,16.405396,36.259613,0.761071
1175,521.545288,199.529419,18.218323,40.116318,0.761071
1175,636.266724,188.308365,26.696655,57.960724,0.761030
1175,646.468079,187.401962,28.207031,61.857803,0.761030
1175,674.523010,188.977402,22.884949,50.400772,0.728576
1175,522.510071,201.188553,12.842224,27.177597,0.725157
1175,521.056213,202.361206,11.154541,24.240051,0.725157
1175,649.675476,192.655258,20.948364,44.749207,0.688584
1175,1.900790,207.204422,19.066940,42.040253,0.676298
1175,259.559692,198.929916,20.277069,44.813400,0.616638
1175,642.243225,189.768021,22.686279,48.389160,0.543739
1175,74.062813,198.414719,19.518105,42.821640,0.530903
1175,71.446449,191.117538,20.285431,45.979782,0.530903
1175,4.943444,196.467987,24.406620,53.959030,0.492673
1175,8.880222,200.097900,20.170919,42.411240,0.492673
1175,678.713135,194.560089,21.465271,48.087112,0.457990
1175,3.960622,184.333099,22.428822,68.877579,0.453877
1175,257.134399,188.752487,21.976196,47.704956,0.417284
1175,95.877991,199.446320,25.283211,56.792297,0.355789
1175,70.514503,204.270859,22.663292,52.126114,0.351242
1175,663.193848,191.873550,27.577576,61.884460,0.320037
1200,91.912910,206.731247,23.776108,51.079758,0.996292
1200,88.853951,187.370758,31.087730,69.016144,0.995772
1200,178.269638,199.978012,22.488831,48.649033,0.992640
1200,182.532562,204.517899,20.287674,45.849060,0.992640
1200,183.317581,209.531204,23.912354,49.365616,0.992640
1200,514.948303,207.946777,15.553589,33.828201,0.990901
1200,511.982697,203.002487,20.099396,42.973816,0.990901
1200,357.205963,201.249039,25.600586,54.674988,0.990828
1200,359.339081,208.444748,26.481384,54.826492,0.990828
1200,353.765839,203.952164,22.683044,50.044510,0.988181
1200,92.827354,192.391342,24.278061,56.781784,0.987205
1200,175.639313,196.537354,27.136414,58.853165,0.960543
1200,87.507767,201.298370,26.373108,54.375061,0.947440
1200,352.599762,193.446136,23.367523,52.920486,0.940773
1200,359.383362,192.822037,25.960938,58.906372,0.906951
1200,506.229156,216.315674,10.838531,22.655823,0.902107
1200,92.541664,197.786575,28.577568,62.407761,0.860034
1200,183.397171,193.983124,24.354294,56.497375,0.803482
1200,515.746643,203.956116,13.202026,28.017380,0.801746
1200,516.062744,200.951767,10.924255,25.859238,0.801746
1200,671.016785,199.968307,26.284363,56.782669,0.753806
1200,675.530273,197.347916,28.781311,63.446243,0.753806
1200,678.988342,195.303848,23.538452,52.148743,0.753806
1200,347.688141,205.968124,27.287231,61.641434,0.733295
1200,80.345932,193.818069,26.873886,58.125458,0.733170
1200,505.898590,209.680328,10.422577,23.043549,0.702915
1200,179.491043,211.949570,17.978928,41.000076,0.687683
1200,185.382553,211.712326,18.922165,39.844482,0.668264
1200,98.445023,189.250946,24.615761,53.941010,0.597445
1200,515.187012,215.587280,11.593872,28.720016,0.563245
1200,92.975517,214.148331,19.762810,46.381943,0.542617
1200,677.364014,187.352554,29.477966,62.847061,0.516937
1200,169.088303,215.914978,12.801605,27.073624,0.515601
1200,98.852310,199.984512,18.816467,42.357147,0.514570
1200,358.857788,202.628723,21.364319,44.997086,0.478973
1200,359.657867,210.676315,21.238098,46.088852,0.478973
1200,363.031708,204.232483,17.794830,37.089890,0.478973
1200,351.781006,200.501678,31.994263,68.949646,0.343518
1200,672.907104,193.949142,22.357056,48.920319,0.298295
1200,95.795898,196.698914,17.305649,39.766373,0.294675
1200,345.151886,199.937729,23.128204,51.401398,0.231364
1200,170.906723,208.359436,27.438339,60.916595,0.221621
1200,341.407349,190.426468,31.315033,67.419418,0.177896
1200,520.368408,195.938004,21.482971,47.660614,0.167403
1200,353.014465,214.885284,22.109344,51.542816,0.142883
1200,504.939331,205.557541,18.406799,38.390747,0.129206
1225,108.558647,196.864548,28.273445,59.264694,0.997097
1225,111.307251,208.097961,23.662796,51.053467,0.997097
1225,440.663086,202.786850,24.748566,53.501083,0.989908
1225,318.758087,199.460739,25.301727,55.077942,0.989684
1225,319.987427,208.054169,25.009338,54.433411,0.989684
1225,113.085732,197.929779,28.390633,63.277374,0.988131
1225,116.993774,204.082428,19.796555,45.045547,0.987574
1225,112.560753,193.287125,23.348442,54.025391,0.983151
1225,505.284729,210.382172,14.989746,32.551727,0.979635
1225,501.601410,211.114685,14.652557,31.376495,0.979635
1225,501.573273,207.115631,19.875092,41.120270,0.979635
1225,312.345306,193.784714,30.556152,66.542007,0.975519
1225,117.607727,191.011642,25.559113,56.118103,0.961726
1225,326.165131,201.619827,23.718506,54.423721,0.961179
1225,119.453789,202.780609,21.659279,50.167786,0.960568
1225,444.807190,202.397049,25.394043,55.140610,0.941073
1225,443.867371,197.017059,20.124298,45.872238,0.937360
1225,319.653625,205.536621,20.742310,44.772141,0.927752
1225,509.856262,213.861816,12.544495,26.995102,0.913347
1225,508.546600,211.194275,12.566132,26.365067,0.913347
1225,500.267303,199.472244,18.548492,40.229263,0.776013
1225,452.157990,208.384933,18.031708,40.157440,0.753692
1225,444.003937,214.338150,22.404266,50.395432,0.703245
1225,430.836121,192.115417,27.652130,60.628662,0.660803
1225,323.423828,205.310989,22.650482,47.460266,0.570659
1225,430.717407,208.486221,27.286377,61.790421,0.554776
1225,105.088585,200.923386,22.163704,48.040543,0.521803
1225,106.959518,203.629364,24.204849,51.423828,0.521803
1225,448.804016,205.986572,25.619873,55.383484,0.442867
1225,315.335144,192.758575,35.840088,78.009155,0.421086
1225,304.910767,195.912216,30.479919,65.288803,0.398754
1225,505.955048,209.421234,17.966522,41.269241,0.394122
1225,438.478851,198.951706,33.193329,70.599777,0.350069
1225,507.052795,202.676697,19.005310,42.276886,0.344770
1225,506.350342,195.848541,18.035889,40.419952,0.320826
1225,105.670776,208.946976,26.448975,57.987717,0.303038
1225,314.621979,209.230423,26.569916,57.769943,0.276971
1225,440.005524,210.890533,22.995270,52.114441,0.259217
1225,97.999641,191.297729,26.087700,58.668579,0.162461
1225,112.945877,198.245255,18.831573,38.482925,0.162198
1225,502.055634,217.173264,10.959625,27.087769,0.117056
1225,501.608917,204.773209,12.816071,26.925034,0.114900
1225,440.032043,202.596039,19.570801,45.164825,0.112259
1225,438.127594,204.509033,16.747223,34.975235,0.112259
1225,327.514313,211.802689,19.971985,41.912567,0.109298
1225,326.664307,200.515533,20.577972,43.359680,0.109298
1225,331.404480,203.331268,16.366241,35.070099,0.109298
1225,451.436401,211.934433,27.200867,60.495773,0.064258
1225,120.790047,203.906219,16.512856,33.604568,0.055932
1225,122.788658,212.256424,15.828102,34.155960,0.055932
1250,109.680046,207.753784,26.587273,58.493591,0.993919
1250,107.569489,201.481155,26.506622,57.299088,0.988999
1250,116.671227,207.641388,21.109184,47.438416,0.988999
1250,519.584656,208.855255,23.929932,51.133972,0.988276
1250,517.861755,208.727066,20.678650,45.706238,0.988276
1250,513.415588,201.432999,25.718384,57.159012,0.988276
1250,481.889618,216.204391,13.661377,29.601379,0.981940
1250,482.215027,211.182343,13.304291,28.702728,0.981940
1250,479.809601,210.249588,17.384857,37.259598,0.981940
1250,112.166031,195.829910,22.406143,51.533661,0.919722
1250,314.517731,203.371017,31.941528,70.925644,0.895636
1250,521.220459,217.928192,22.094482,49.739990,0.881675
1250,317.752777,199.395508,26.065948,54.327896,0.881472
1250,321.208374,200.034088,28.330627,63.162231,0.829528
1250,323.420868,209.496872,22.201538,48.838242,0.801805
1250,118.066429,196.143692,26.225685,59.684250,0.798789
1250,511.617950,214.641891,24.411591,55.005875,0.770145
1250,523.964844,209.465515,18.148010,39.515915,0.749593
1250,473.149414,218.233887,9.184357,20.985779,0.611518
1250,474.635986,218.058105,10.344818,21.774429,0.611518
1250,105.967499,203.005066,23.144592,50.876114,0.498704
1250,103.741928,210.081329,23.636993,50.910858,0.498704
1250,517.286438,215.272644,18.458557,42.007080,0.450136
1250,520.747986,197.603806,26.581726,59.974686,0.404186
1250,324.399017,209.861755,26.476990,61.508636,0.356722
1250,324.051514,192.924469,29.549957,65.730743,0.238019
1250,528.056946,207.835968,24.873352,51.912018,0.217915
1250,114.755371,203.044724,30.308899,68.165543,0.205422
1250,311.080475,204.555389,23.754852,53.804260,0.199606
1250,308.291779,198.783356,30.598358,64.081085,0.173866
1250,515.776917,211.955215,26.961304,60.051987,0.131966
1250,516.286316,221.057343,19.991150,46.490936,0.131966
1250,514.645264,197.955704,34.732666,74.451675,0.113175
1250,473.386749,225.999725,10.044678,20.661942,0.097718
1250,620.210449,203.467117,21.746033,47.239532,0.083619
1250,622.802429,205.561920,18.114319,38.357178,0.083619
1250,623.315857,213.987625,17.329163,38.489929,0.083619
1250,96.589439,192.964722,28.216690,62.249390,0.079950
1250,107.661682,192.085342,39.254440,83.859329,0.044336
1250,616.112549,202.764297,29.568787,62.482010,0.038464
1275,72.187447,182.728928,34.142105,73.343094,0.990345
1275,75.700027,195.849823,27.422745,59.357712,0.990345
1275,83.744461,199.333557,22.594482,52.757111,0.970984
1275,78.671341,193.729141,30.701683,69.539444,0.941372
1275,235.762222,185.292831,28.411026,61.427399,0.912128
1275,281.195618,191.812363,28.467041,62.517441,0.905591
1275,269.950409,191.039825,27.855652,61.144882,0.905591
1275,247.709213,191.746414,26.237747,56.592163,0.857810
1275,238.860306,193.321182,22.322159,47.081863,0.823916
1275,444.344391,206.050980,12.201080,25.824982,0.757838
1275,440.690948,202.627197,14.338898,31.068634,0.757838
1275,446.467712,212.155518,11.160767,25.234665,0.757838
1275,441.932281,205.549591,14.932281,31.906494,0.757838
1275,252.627197,199.908417,19.655792,41.411041,0.754941
1275,282.914795,203.997208,24.027283,53.821976,0.752180
1275,67.907410,196.767975,30.146484,64.669281,0.751552
1275,439.542084,204.530548,12.392273,26.727539,0.728277
1275,440.801727,210.482391,11.084900,24.897766,0.728277
1275,434.582855,199.335785,20.825348,44.326584,0.608832
1275,235.559692,179.324387,34.088318,74.024460,0.554092
1275,438.864319,206.714264,17.882874,36.795273,0.542849
1275,437.753052,194.151077,17.042816,37.067596,0.542849
1275,230.411240,185.371841,26.381973,57.543030,0.523685
1275,240.076050,201.320679,22.495789,51.899506,0.518649
1275,286.791443,197.706772,25.372253,57.260574,0.422393
1275,441.940216,193.530853,16.582245,37.602493,0.404812
1275,270.459106,186.082336,33.663025,72.623444,0.320702
1275,67.705261,188.183975,29.283585,61.159760,0.287712
1275,245.836197,180.797714,34.690781,74.259125,0.287423
1275,83.963295,179.078171,30.047394,68.907196,0.255749
1275,439.844727,200.694183,12.048187,25.285614,0.222620
1275,438.674286,198.107910,10.185120,23.093201,0.222620
1275,286.601959,185.661713,27.934265,64.385727,0.206215
1275,76.635834,188.847656,23.750763,51.129974,0.203176
1275,237.809708,187.694839,20.204300,42.914597,0.114505
1275,447.369781,199.394974,11.529572,24.765564,0.094868
1275,250.666199,190.332397,22.494476,46.795593,0.066003
1275,279.774597,199.537140,30.372345,68.452942,0.062975
1275,273.600372,200.431244,19.149811,41.315506,0.056051
1275,271.710297,186.459534,24.608185,52.745132,0.056051
1275,227.748535,186.584808,24.237579,53.044296,0.053657
1275,254.408066,206.975571,20.022812,43.500946,0.051161
1275,256.854645,214.851654,16.303314,35.508926,0.051161
1275,443.641876,194.376160,21.168854,45.895294,0.044797
1275,578.032349,188.460587,20.648621,42.989456,0.044055
1275,578.950745,198.133148,19.460510,40.747467,0.044055
1275,443.533783,207.171799,19.396606,44.484650,0.038210
1275,444.235199,213.906570,14.632904,32.985657,0.038210
1300,169.199112,182.756500,36.857101,79.129242,0.986814
1300,171.311157,191.746155,29.689178,67.158569,0.982229
1300,178.543900,183.542450,34.719376,77.331024,0.895931
1300,215.147308,185.130280,33.414703,74.113281,0.872463
1300,204.708008,186.264694,31.885468,69.951279,0.872463
1300,164.048996,172.438446,38.226349,84.219177,0.679594
1300,163.582108,190.261856,29.608780,65.560501,0.618441
1300,217.892441,192.997482,25.156036,56.106140,0.577320
1300,217.941299,203.758469,25.085938,56.814041,0.577320
1300,161.658737,188.444122,38.146133,81.804413,0.476236
1300,392.170807,205.718475,11.705841,25.485947,0.456008
1300,392.236877,210.836121,10.474304,23.568970,0.456008
1300,181.243561,191.171860,28.563324,61.084427,0.364011
1300,221.556915,193.851227,28.383484,63.377167,0.309328
1300,184.018051,195.551773,23.657043,50.529678,0.206686
1300,389.415161,203.095779,17.210236,35.789642,0.129970
1300,388.649414,193.865326,16.515381,35.902740,0.129970
1300,397.848572,206.674957,11.215973,23.613388,0.119735
1300,394.221191,202.683212,13.745758,29.641266,0.119735
1300,398.355438,210.120346,11.247620,24.911407,0.119735
1300,401.068024,213.868576,9.900970,22.355637,0.119735
1300,175.979340,200.561264,24.094284,53.396561,0.107870
1300,169.587097,169.497635,45.122070,97.319443,0.095013
1300,199.484512,192.271713,34.908218,77.100266,0.084977
1300,224.669876,195.086731,22.999390,51.503174,0.078936
1300,209.312973,196.080704,23.159271,51.768784,0.078448
1300,227.785767,194.601715,26.780334,62.088226,0.068739
1300,21.960077,179.242340,23.351313,50.664291,0.051734
1300,186.171814,203.563171,22.153107,49.143234,0.047461
1300,209.993622,199.082565,19.915802,40.936783,0.036130
1300,390.228943,200.104248,12.298767,26.741211,0.035875
1300,390.023865,197.985947,9.685760,22.297882,0.035875
1300,172.821594,176.531357,25.769257,57.218582,0.033248
1325,84.666428,171.524200,43.085106,90.341919,0.994888
1325,95.282082,174.204346,36.151146,79.044952,0.977373
1325,137.219925,179.384827,32.825745,70.946533,0.944520
1325,122.932808,176.307877,35.045738,74.568115,0.900796
1325,144.596115,174.594177,33.544586,73.680878,0.741570
1325,129.476608,175.295563,43.656784,91.504669,0.564933
1325,120.867798,188.400848,28.227982,63.830338,0.544854
1325,141.317825,185.675308,25.759811,54.327591,0.222792
1325,144.027008,191.721756,20.908249,45.280212,0.222792
1325,99.666908,177.856918,37.275139,84.892990,0.219429
1325,101.697433,185.845901,28.689865,66.762192,0.200702
1325,80.449753,175.574295,35.222893,77.015015,0.139054
1325,93.736237,188.434052,23.998466,53.947006,0.105053
1325,148.282593,185.510498,25.470306,54.397751,0.096333
1325,122.934029,176.841293,26.523857,55.969971,0.095457
1325,140.484009,170.427979,28.064926,61.994110,0.087833
1325,87.845825,187.812775,36.667587,85.604767,0.083085
1325,135.927200,196.595291,29.246674,64.456039,0.071201
1325,124.193840,201.028793,23.574379,49.033295,0.052855
1325,114.190010,179.777847,40.585701,89.350479,0.050083
1325,105.737305,187.796280,24.931259,50.231140,0.043162
1325,147.871689,188.914413,30.600510,70.295761,0.043041
1325,90.734474,197.449036,27.734657,66.759003,0.035643
1325,89.079475,183.220367,34.098541,68.805222,0.035643
1325,73.666985,159.308395,39.198502,87.984436,0.034100
1350,1.000000,152.916504,48.145660,118.250275,0.986898
1350,57.035908,176.450882,44.179714,96.985916,0.967004
1350,13.587065,169.047943,43.964874,96.067627,0.920685
1350,36.644386,173.090973,43.625923,92.054810,0.860961
1350,49.890587,173.669846,43.219093,90.656693,0.525283
1350,5.696827,165.570236,40.462166,94.606613,0.397777
1350,1.000000,162.575073,32.799007,97.300415,0.235186
1350,21.966774,174.247849,39.726643,93.551285,0.203435
1350,6.564338,149.027924,56.291061,128.348572,0.189417
1350,623.739319,186.217255,61.065002,133.041748,0.155434
1350,623.246887,199.867844,51.326721,109.615463,0.087469
1350,67.473030,164.498886,33.716103,73.546890,0.075864
1350,23.160797,153.288010,63.673630,134.081985,0.066388
1350,66.027161,166.972244,42.824799,96.069656,0.062926
1350,327.219788,180.636871,69.080414,148.155151,0.056571
1350,610.980713,168.471786,83.999939,173.228317,0.049687
1350,6.457888,144.687683,45.696110,158.780273,0.049153
1350,639.912598,201.938431,40.030945,95.389938,0.045255
1375,1.952543,158.174515,37.161041,119.636093,0.597135
1375,512.606384,197.259811,55.493103,120.643997,0.352848
1375,520.759705,213.146606,44.849426,92.375580,0.200035
1375,512.266541,212.024963,45.158875,101.242462,0.053127
1375,1.000000,164.976135,36.858883,86.138290,0.049311
1400,493.654297,187.711609,47.300659,104.187866,0.480368
1400,493.841003,200.641312,38.626343,84.520828,0.101596
1400,289.709442,200.071365,46.631287,102.591202,0.063275
1400,505.164490,196.968033,38.671265,82.425156,0.063052
1800,500.173615,220.968781,12.426178,27.452820,0.654736
1800,500.666656,226.921051,11.517120,25.162598,0.654736
1800,498.107971,216.963654,17.278687,37.110916,0.654736
1800,510.512939,222.686722,11.175049,25.195206,0.373803
1800,497.119598,209.047684,17.409271,39.203156,0.234481
1800,505.506866,218.375839,13.932831,30.079529,0.148118
1800,509.972900,227.139877,11.173462,24.933014,0.148118
1800,506.210266,224.111969,14.078674,29.614243,0.148118
1800,504.178955,217.037598,17.597168,37.127594,0.148118
1800,500.818787,215.219437,11.992188,25.110138,0.080871
1825,496.130188,211.223007,13.067657,28.756912,0.987898
1825,494.679169,210.126511,16.016296,35.357040,0.987898
1825,495.552002,203.153854,15.836792,34.271042,0.690691
1825,495.926453,202.731689,13.637817,27.220612,0.160404
1825,499.394867,199.875488,9.666931,23.748734,0.160404
1825,497.703979,217.652908,11.291656,27.229141,0.144379
1850,510.331543,204.210403,12.699402,27.398392,0.968377
1850,512.051941,208.642609,11.992737,26.474258,0.968377
1850,507.778564,192.804947,16.524170,37.359940,0.910476
1850,506.160522,198.673752,20.716980,44.760010,0.910476
1850,512.225525,200.458847,11.950134,25.566406,0.886977
1850,502.322052,207.095840,11.346222,24.970932,0.098090
1850,509.933167,211.511810,13.963196,31.854080,0.073927
1850,508.509918,210.427811,17.479218,37.143936,0.073927
1850,500.953278,202.627792,14.038666,30.292252,0.033478
1850,499.597473,207.083481,14.450317,31.040176,0.033478
1875,515.238037,197.382263,15.909241,35.134277,0.989383
1875,515.792114,195.245544,13.020935,29.479935,0.989383
1875,512.385925,194.508698,21.963257,47.279663,0.984967
1875,516.828796,203.883835,12.904053,29.331589,0.978420
1875,520.042786,186.229401,23.155334,53.231827,0.141014
1875,512.588135,208.048721,15.148987,35.299454,0.116795
1875,519.800415,200.172379,16.670227,35.439224,0.065602
1875,519.098206,187.189011,18.460999,42.313446,0.065602
1875,522.380432,202.370834,12.799438,28.114426,0.045765
1875,525.688293,202.969543,11.798706,25.872650,0.045765
1875,524.772461,193.775909,12.550171,27.923492,0.037699
1900,542.188354,197.597931,17.217163,37.383682,0.995109
1900,541.012878,189.213821,20.531128,45.487488,0.995109
1900,540.515137,196.195572,22.084351,48.834763,0.609611
1900,542.427246,203.660797,17.012939,39.147537,0.609611
1900,529.557007,187.135422,24.811035,55.699631,0.436723
1900,548.392944,183.489426,24.457336,56.887604,0.118780
1925,572.796265,197.594376,21.498108,46.904343,0.996493
1925,574.213867,210.902405,19.829285,41.878204,0.996493
1925,569.390381,201.666168,19.486572,43.427368,0.864679
1925,565.740173,199.230057,24.631287,53.407608,0.816256
1925,577.377197,192.855774,25.839233,57.598480,0.650604
1925,581.025085,204.881744,19.625305,43.125641,0.538739
1925,575.014343,198.818848,17.492371,36.395905,0.365029
1925,574.232483,217.640488,18.605652,43.032059,0.250184
1925,561.061890,191.927216,25.715393,55.993057,0.195788
1925,562.919006,197.429993,21.859375,45.051849,0.177103
1925,568.293213,188.085114,33.563904,71.728638,0.040411
1950,627.123352,194.652618,26.140381,57.471085,0.994093
1950,622.872803,189.065170,27.667542,59.011856,0.994093
1950,630.188538,196.956894,27.885498,62.266647,0.994093
1950,626.581360,204.813995,22.672791,50.814667,0.976027
1950,629.797791,206.211166,24.008423,51.146591,0.910650
1950,630.990051,195.675812,23.501587,47.696655,0.552111
1950,619.967285,178.156067,36.815369,80.714966,0.303888
1950,630.216980,184.169388,30.452332,66.059006,0.279069
1950,627.646667,210.950516,18.505798,40.581406,0.111393
1950,621.198242,195.973114,31.235962,67.979645,0.104043
1950,626.717651,193.982986,20.448242,43.191071,0.044536
1950,620.125916,195.853851,24.355530,51.137283,0.034352
2375,685.570496,202.067551,12.763550,27.638992,0.854939
2375,682.295532,197.991669,15.468445,32.938324,0.854939
2375,685.223877,193.609665,13.816833,29.615707,0.854939
2375,681.875244,191.073334,18.542114,40.558655,0.563219
2375,688.578796,206.630875,11.241394,26.654068,0.324307
2375,681.082703,200.742294,11.789795,26.296844,0.145355
2375,681.101318,193.777039,12.372681,27.189835,0.085333
2375,679.261169,190.851990,15.703857,34.856781,0.085333
2375,679.239136,193.696396,10.838257,24.039291,0.085333
2375,684.060852,197.685547,17.481506,38.409485,0.051022
2400,677.304810,201.169525,13.434082,29.356171,0.957447
2400,676.172302,194.436325,15.541077,33.718399,0.957447
2400,676.371521,194.277649,12.586304,28.098572,0.957447
2400,642.598022,199.408875,12.293091,26.773346,0.865654
2400,676.536682,200.724625,16.252380,36.948196,0.773578
2400,640.936584,199.201584,15.171143,32.256363,0.765150
2400,677.832275,205.818573,11.075195,25.335419,0.553544
2400,641.640381,203.264420,11.871643,26.357559,0.462746
2400,633.593811,202.940872,9.654480,20.278534,0.248457
2400,682.991089,201.443741,13.319763,28.593094,0.101756
2400,679.993652,187.323227,17.181213,36.966919,0.101756
2400,683.847473,191.230545,13.877625,29.791412,0.101756
2400,687.078064,192.402756,11.515808,25.568481,0.101756
2400,685.827332,200.348557,12.261353,27.038223,0.066885
2400,670.672607,192.316528,23.669006,50.528870,0.063224
2400,679.755493,194.422546,17.491516,37.332809,0.038210
2425,643.236450,206.230911,12.866455,28.244537,0.769464
2425,643.831726,213.384445,11.406433,25.227905,0.769464
2425,641.875732,208.920029,14.902222,31.916641,0.769464
2425,640.449341,215.220612,14.087585,32.317459,0.046203
2425,656.738281,206.444443,12.687683,27.384109,0.040623
2425,657.255859,212.833832,12.186218,26.597427,0.040623
2425,654.436340,201.963104,15.448059,33.794983,0.040623
2425,654.482239,209.107529,15.471497,32.796265,0.040623
2450,668.645264,195.170593,16.970276,37.472656,0.985285
2450,670.149719,192.043655,15.369019,33.381454,0.985285
2450,655.846008,195.304611,16.069946,35.003983,0.934418
2450,656.692810,191.877365,14.596924,32.030792,0.934418
2450,671.587036,200.169449,13.318176,31.828156,0.511020
2450,665.293274,185.637039,21.996094,47.271606,0.324946
2450,648.839722,197.587326,13.279785,29.599258,0.291508
2450,647.116943,198.935303,12.274902,27.265396,0.291508
2450,646.401489,192.672226,12.674011,27.797852,0.291508
2450,646.610474,192.892120,18.604492,40.463074,0.291508
2450,652.524597,187.885895,21.421448,46.000107,0.277652
2450,401.285370,108.099403,11.816895,25.840599,0.254870
2450,646.500000,200.114044,15.177979,34.266327,0.108860
2450,641.132080,185.417282,22.816101,49.002335,0.100177
2450,399.352234,116.057106,14.105804,29.546928,0.035295
2450,396.544769,108.945404,16.678925,38.103989,0.035295
2450,402.187469,117.688416,10.213593,24.548523,0.035295
2475,358.981842,104.616745,12.210571,26.013397,0.056603
2475,687.412354,194.015869,16.187622,34.421829,0.050067
2475,684.512939,189.123886,22.093933,46.860428,0.050067
2475,686.748474,198.639908,17.976685,39.658554,0.050067
2500,327.290955,56.558380,28.169800,63.393379,0.394886
2500,321.907440,58.441814,25.908173,57.686741,0.389192
2500,597.527222,196.283875,12.818787,27.927826,0.224622
2500,596.815063,193.033722,11.781128,25.921906,0.224622
2500,594.988220,193.057388,17.915039,38.724197,0.224622
2500,330.393646,73.365799,21.609283,47.068176,0.135860
2500,329.782196,68.427887,27.171906,58.561111,0.135860
2500,324.092407,72.692139,21.349335,47.778214,0.135860
2500,332.298767,81.582870,17.349335,37.505829,0.128320
2525,597.672485,195.394516,13.613770,30.019409,0.884691
2525,596.428955,193.191177,12.936462,27.832779,0.884691
2525,595.669556,193.449768,17.429565,37.975662,0.884691
2525,302.075592,86.956581,12.375214,26.719406,0.669652
2525,304.930847,84.348938,11.774719,25.150383,0.669652
2525,301.237396,82.035255,15.078247,33.601402,0.669652
2525,306.856415,82.241013,9.963470,23.324585,0.669652
2525,299.756714,76.654747,18.134613,41.706154,0.669652
2525,594.381714,198.035782,14.378601,33.186844,0.370956
2525,593.754211,196.628647,17.733032,39.364609,0.370956
2525,300.992279,86.621307,17.334625,40.749191,0.070852
2525,596.756226,204.974106,10.299377,25.426208,0.034358
2550,571.320923,196.383469,13.991394,30.622986,0.935174
2550,574.129944,192.753662,13.255737,28.760254,0.935174
2550,568.935120,193.529465,17.410400,38.052383,0.935174
2550,241.046936,77.892738,11.414062,23.997726,0.934257
2550,239.066071,71.866241,14.797226,32.157936,0.934257
2550,242.689102,79.897942,11.373779,25.328156,0.934257
2550,567.231506,198.196899,12.859863,27.800049,0.887138
2550,568.156616,193.338394,13.683411,29.030930,0.887138
2550,232.994690,79.899971,8.614349,19.575310,0.882157
2550,234.391464,79.595459,9.455612,20.189629,0.882157
2550,569.193115,185.722565,18.231750,39.154449,0.673751
2550,239.674393,78.430046,13.738876,32.445328,0.652172
2550,240.543335,68.744980,16.409241,36.357918,0.652172
2550,237.329300,73.195747,18.244522,38.730995,0.652172
2550,242.932022,74.628571,10.473236,22.080009,0.514970
2550,253.728531,79.225029,10.430649,21.541351,0.476969
2550,250.881851,75.201073,12.384537,27.515602,0.476969
2550,566.135681,196.258163,17.290710,39.240143,0.405974
2550,565.666748,191.596085,16.513000,35.497910,0.303121
2550,572.118835,185.832031,19.974121,44.015671,0.303121
2550,563.733704,187.031647,19.751160,43.692307,0.303121
2550,574.077026,200.867554,13.604675,28.483505,0.076169
2550,576.992249,205.033218,9.964539,25.139084,0.076169
2550,570.398193,192.761230,22.088928,47.032227,0.034150
2550,559.352356,192.174988,22.112061,47.465408,0.034150
2575,171.648529,56.576923,15.792587,35.345470,0.913121
2575,172.308044,52.571236,13.646622,33.159935,0.913121
2575,177.311035,57.773487,9.890106,21.172169,0.893080
2575,178.948608,55.679623,9.135162,22.164722,0.893080
2575,174.684113,60.072765,13.598373,28.821522,0.799842
2575,176.917709,62.521652,10.532791,25.296692,0.799842
2575,171.685242,50.882584,20.683060,44.653107,0.563884
2575,188.969727,59.853031,10.843338,21.780766,0.093833
2575,186.277771,56.775326,12.731613,28.113094,0.039296
2600,98.610893,44.376499,15.416565,35.933849,0.802833
2600,97.450562,33.611607,16.468407,36.280689,0.802833
2600,100.686134,40.489746,12.284470,24.664536,0.556215
2600,100.847305,46.376701,11.236115,26.021637,0.511879
2600,97.173180,36.552559,19.998161,43.700806,0.159880
2600,107.477448,45.346058,11.822075,24.323658,0.125160
2600,104.402481,39.702160,14.197395,31.122562,0.125160
2600,95.803513,42.576351,20.277206,43.404217,0.119371
2675,489.867950,183.912186,23.388275,50.740067,0.995146
2675,488.730347,173.452621,23.149841,48.725876,0.995146
2675,484.362610,174.153290,26.436890,55.827698,0.984230
2675,483.964203,177.538437,20.377563,44.083405,0.967276
2675,488.149261,182.471146,17.524628,37.565323,0.652724
2675,496.857758,178.043091,23.128265,49.786102,0.565946
2675,476.803497,173.240723,29.849121,64.356461,0.387529
2675,481.765198,184.514847,22.539551,49.842133,0.387529
2675,486.576233,164.826706,28.124573,62.082565,0.225311
2675,485.248260,165.637619,34.278229,73.012985,0.152199
2675,486.894623,182.475311,21.451202,45.186661,0.093168
2675,487.160828,188.161102,16.465088,37.509552,0.093168
2675,485.193787,175.225372,16.300201,35.014389,0.071258
2675,496.756409,196.913879,14.351959,34.906464,0.062257
2700,511.373016,181.020706,25.502350,55.486023,0.995113
2700,512.243164,188.275955,20.212769,43.015564,0.995113
2700,510.761475,192.831680,23.076965,49.339859,0.995113
2700,517.659790,190.334549,24.211731,55.900986,0.983189
2700,517.615662,175.644608,25.744873,58.936478,0.875454
2700,504.780304,184.625366,22.017670,49.828781,0.670174
2700,516.166443,194.870651,21.062927,47.332581,0.578893
2700,517.226074,188.085770,19.489807,41.717529,0.197945
2700,522.699951,197.302902,16.391235,34.455780,0.197945
2700,521.403687,188.798065,16.580688,34.336456,0.197945
2700,508.975037,178.218979,31.034302,67.920486,0.196414
2700,512.209290,181.240158,18.761719,39.014404,0.176900
2700,498.998840,178.221909,23.982971,50.112320,0.060303
2725,531.801392,183.998108,23.041809,49.775482,0.991510
2725,535.600708,174.313919,28.459167,61.404297,0.991510
2725,526.758118,171.892746,28.800781,60.791290,0.991510
2725,536.165222,183.617630,21.419312,46.718918,0.988938
2725,537.787231,186.987396,23.894592,53.298035,0.988938
2725,526.871155,183.050293,26.482178,55.786957,0.988551
2725,536.765137,193.838135,20.639343,43.464066,0.949799
2725,540.698425,178.387787,17.469543,38.944626,0.173530
2725,525.740356,174.274643,33.083679,71.739136,0.131429
2725,530.861450,177.488831,21.949158,47.962769,0.112334
2725,531.907715,178.596420,18.223389,39.048141,0.112334
2725,532.668762,198.248703,15.362000,35.473587,0.055522
2725,544.554810,180.585617,22.287781,48.366257,0.045261
2750,561.903625,185.533356,25.309753,56.354477,0.995026
2750,566.768494,190.243195,22.741577,48.634476,0.995026
2750,562.810120,191.567535,19.991211,42.438339,0.993390
2750,566.213379,179.338898,26.960938,59.988007,0.932997
2750,557.076965,184.943054,26.287720,54.677490,0.756722
2750,562.182373,181.923111,19.916565,45.082092,0.701660
2750,570.219604,188.822433,18.579651,39.023773,0.665154
2750,566.746338,192.220047,26.233643,57.807892,0.535031
2750,569.561279,199.715240,19.777039,46.134048,0.187350
2750,550.460327,178.326462,30.196960,65.590683,0.131132
2775,601.700256,182.308502,23.780884,52.258255,0.995010
2775,604.227234,173.189835,26.538391,57.723907,0.982083
2775,594.782410,179.600937,25.229431,55.246201,0.896445
2775,606.608887,192.680069,18.688538,43.697128,0.448548
2775,608.672485,184.235672,23.354248,50.314407,0.424537
2775,595.566040,165.038040,38.031616,80.817764,0.306223
2775,605.713806,178.544922,18.894836,41.316544,0.212970
2775,597.818176,184.761917,25.216125,56.345459,0.125825
2775,612.707703,178.603577,23.367188,50.345291,0.108450
2775,601.847290,188.653397,28.656555,62.419983,0.087643
2775,600.909180,182.861008,20.022949,44.629913,0.059944
2775,599.876709,185.690369,17.083679,36.266739,0.059944
2775,599.009705,193.778366,15.562500,33.879379,0.059944
2800,62.054482,94.459236,123.673485,271.457672,0.994165
2800,640.893066,181.774475,23.197876,50.739410,0.992746
2800,638.930603,174.548477,23.248169,51.489166,0.984321
2800,640.136169,190.670364,21.462097,46.098129,0.984296
2800,642.551575,175.228287,26.328125,58.482666,0.983266
2800,633.797302,183.263336,27.367371,59.220337,0.983266
2800,212.046371,131.148926,94.166306,207.281830,0.970668
2800,115.118927,227.637039,60.212067,127.676651,0.682195
2800,50.225567,67.312462,147.901291,333.445496,0.660693
2800,71.583893,101.764244,81.088776,166.801086,0.633119
2800,218.777679,137.318405,73.409119,156.468277,0.551333
2800,86.543251,105.462967,79.755775,162.651566,0.461512
2800,634.035461,181.230194,24.139709,49.020233,0.344611
2800,130.102524,239.471710,43.667023,105.232727,0.318827
2800,640.484253,180.005310,29.187378,66.462189,0.303341
2800,643.944031,188.992722,22.984192,51.911148,0.303341
2800,235.118057,147.458847,51.066177,114.266739,0.214874
2800,93.996162,111.674095,53.222816,128.627899,0.202291
2800,191.378922,111.184799,124.663284,259.290161,0.162183
2800,628.381775,173.684448,26.056030,56.553024,0.145499
2800,90.014114,90.795403,129.247482,289.694275,0.134881
2800,117.495430,238.255798,45.958107,109.289795,0.134473
2800,644.574707,181.161652,22.259766,47.027313,0.116807
2800,649.501221,183.928116,18.283752,38.183365,0.116807
2800,649.486877,191.692703,18.557739,39.600433,0.116807
2800,634.522888,168.095154,28.950256,63.579407,0.080396
2800,103.811447,232.449661,57.746780,125.323959,0.062979
2800,197.431213,101.832291,102.836761,221.623947,0.060740
2800,131.937103,225.858902,55.469040,116.580368,0.058262
2800,269.051147,185.940323,50.385712,102.149918,0.050348
2800,236.266434,210.676514,59.041946,127.897858,0.046950
2800,212.915451,133.336975,67.227005,140.512451,0.045012
2800,114.273460,259.755157,47.410515,102.057343,0.040744
2800,203.753174,74.612160,128.223572,281.314911,0.039512
2825,66.784996,106.959450,107.784752,234.328888,0.995454
2825,439.477905,108.188690,107.670837,236.537476,0.995079
2825,7.373632,2.252449,20.354790,44.565495,0.992863
2825,14.516375,8.240153,13.569639,32.044155,0.992863
2825,10.801865,3.921340,26.656879,42.514145,0.970758
2825,6.868013,6.767076,25.221964,44.031292,0.933504
2825,11.887755,5.730322,18.868881,35.935966,0.933504
2825,432.377228,117.481392,94.743988,200.828033,0.928289
2825,50.861553,86.116707,136.338257,272.400513,0.901990
2825,11.221125,11.150835,17.439304,36.812729,0.894971
2825,680.638611,185.047485,23.085510,49.645798,0.881554
2825,679.470459,180.956421,28.240173,59.054047,0.881554
2825,437.379395,119.543694,77.484802,163.763092,0.866354
2825,477.458466,226.385483,57.235504,123.136124,0.828693
2825,90.686653,193.864014,62.980705,132.188690,0.708818
2825,452.638977,153.941254,89.839355,189.775879,0.600722
2825,671.368286,175.042969,27.309814,59.078232,0.563170
2825,3.675820,6.622391,15.380091,34.862358,0.540760
2825,98.955376,201.335541,46.956841,111.148743,0.403753
2825,448.738373,124.021515,79.123688,167.240540,0.348951
2825,43.030792,109.640945,117.378952,247.900253,0.326236
2825,107.763718,201.962418,46.685669,109.036789,0.268376
2825,672.385193,168.544907,35.601990,73.957031,0.254700
2825,73.885132,116.742943,86.494354,176.224701,0.243797
2825,411.068665,106.223274,122.832703,262.557434,0.217935
2825,457.287476,110.070587,119.273804,255.144043,0.211650
2825,452.099304,131.407623,56.001312,134.154633,0.189090
2825,463.819153,140.380585,53.649780,127.378571,0.162579
2825,485.529572,254.015015,39.746552,88.724182,0.153405
2825,692.832214,173.226547,22.368958,57.728638,0.126242
2825,692.823120,184.948624,22.376465,56.957993,0.126242
2825,88.326385,213.795364,44.567490,104.411240,0.108364
2825,2.695017,15.257461,15.847004,33.218403,0.098256
2825,83.716644,157.354111,77.627090,163.707474,0.094024
2850,389.215973,113.653893,94.294708,205.731812,0.995708
2850,370.479645,114.417595,93.430206,204.566284,0.992176
2850,74.211403,108.588898,115.990578,250.989532,0.990386
2850,38.908142,8.355363,14.849194,31.736259,0.985114
2850,35.802322,5.148547,19.471081,40.912735,0.985114
2850,40.943447,5.787517,17.664761,37.051174,0.985114
2850,31.788786,9.288758,22.343424,47.170403,0.976195
2850,33.948311,5.209857,32.562088,45.700882,0.966157
2850,37.271042,11.929456,13.698391,32.340309,0.915501
2850,398.781738,99.007462,107.189972,224.644577,0.907406
2850,379.576385,96.577347,115.590820,248.591660,0.846076
2850,348.802490,116.872284,102.596710,220.041443,0.836692
2850,44.594418,104.394211,139.209763,296.785889,0.619361
2850,28.073299,115.054115,124.751755,269.047089,0.554018
2850,12.098004,211.301392,60.941425,132.397949,0.441327
2850,43.121166,14.690735,11.743961,24.888626,0.437293
2850,94.871506,126.350075,103.452728,220.717255,0.409391
2850,82.177330,138.871689,79.266670,163.195084,0.408117
2850,366.961914,137.328522,67.879120,147.776642,0.387598
2850,1.000000,81.739937,80.125832,258.837494,0.311979
2850,118.814705,210.723038,64.057808,134.976273,0.310162
2850,128.352936,230.547440,46.933853,107.056900,0.310162
2850,402.916168,119.252960,80.087433,162.831573,0.270195
2850,102.655922,136.195648,75.080376,154.790833,0.230249
2850,20.384426,72.121300,111.944855,298.594482,0.199843
2850,7.169781,140.102097,73.125496,223.797043,0.195806
2850,414.793976,118.680840,60.612701,135.416626,0.150835
2850,9.326591,179.347076,58.416000,198.683228,0.132735
2850,18.226601,228.915207,46.878998,110.362289,0.096916
2850,126.970139,199.443909,65.259872,133.907593,0.096760
2850,373.056183,138.403076,76.608856,157.732269,0.094655
2850,111.228409,157.857529,51.997467,122.777573,0.093999
2850,373.320435,137.755676,52.444611,122.218506,0.093085
2850,411.625092,136.189682,57.746368,135.939590,0.079842
2850,118.754372,221.561813,48.186806,112.294724,0.078849
2850,44.917938,13.020721,11.359119,24.921909,0.077038
2850,415.665924,205.534485,57.717529,122.301910,0.070722
2850,113.599808,229.996002,56.343140,122.916107,0.069563
2875,56.081898,2.596328,21.701641,39.121727,0.995033
2875,56.931103,8.424775,19.371906,41.319492,0.995033
2875,57.036278,6.506879,16.271584,35.526344,0.993916
2875,61.655918,6.178645,15.471371,33.275101,0.993916
2875,138.803818,126.452667,94.138504,204.135345,0.993265
2875,611.294373,133.300247,87.340027,186.303329,0.992540
2875,328.937500,92.237160,114.611115,257.474548,0.992041
2875,351.879700,104.565231,111.437592,247.983658,0.991266
2875,59.537964,3.625290,25.884575,43.677288,0.988668
2875,49.898808,3.843773,32.008038,47.395443,0.988668
2875,60.659466,12.007853,12.091381,27.355005,0.981955
2875,58.784050,11.893391,16.146988,33.327175,0.975883
2875,116.348915,106.788651,116.446083,245.907486,0.959566
2875,43.847622,106.152542,105.385406,232.681351,0.927313
2875,378.293793,108.710365,108.801117,237.909576,0.910971
2875,58.929413,11.816758,11.380302,23.731922,0.893500
2875,622.205505,151.450409,72.070862,149.502899,0.892353
2875,71.344147,96.742836,117.459991,254.230774,0.770090
2875,608.879761,157.147110,73.068298,151.556076,0.708625
2875,177.093826,220.288879,46.590073,103.015961,0.621728
2875,167.052536,198.274429,64.091309,135.635239,0.602822
2875,625.448425,165.997147,52.321289,123.446976,0.530185
2875,588.316650,131.146866,106.647949,219.937943,0.438132
2875,45.486217,90.299522,126.659805,279.828278,0.412965
2875,398.744812,111.067741,107.297424,226.781616,0.406184
2875,130.706421,123.832382,82.280807,169.184311,0.383727
2875,55.407848,128.258240,82.776718,176.344971,0.339786
2875,634.285828,165.432831,53.806519,127.005066,0.322274
2900,82.905113,10.912595,13.800911,29.249752,0.996702
2900,80.572250,5.151864,17.296135,36.658569,0.996702
2900,328.054443,130.715820,78.273590,166.631195,0.993677
2900,315.375183,136.869659,79.401672,167.648956,0.989187
2900,439.991882,136.759293,86.612793,191.166000,0.988968
2900,607.669617,142.463562,64.963196,138.570404,0.983524
2900,595.234436,141.267700,88.226013,182.661377,0.968088
2900,73.609192,4.509472,26.353386,42.127926,0.886238
2900,80.137238,4.511870,30.193756,42.157402,0.886238
2900,609.234924,140.636429,51.712585,109.815506,0.877252
2900,87.915649,10.342402,11.030411,25.302933,0.756370
2900,604.028564,147.254120,54.435120,122.924805,0.707493
2900,327.804535,125.522278,60.339539,133.454681,0.677670
2900,460.090118,161.082245,76.567902,163.185913,0.662603
2900,85.726990,6.152910,23.132019,33.201370,0.637179
2900,467.756897,195.865005,60.711304,132.356979,0.481046
2900,474.102905,211.267395,50.151550,110.230438,0.481046
2900,450.180389,133.543137,98.083710,202.400070,0.425512
2900,353.924927,198.016144,44.313263,97.753662,0.347708
2900,613.383728,243.922195,49.013306,103.596725,0.304845
2900,618.486938,149.906494,45.168640,105.541962,0.301880
2900,326.930542,112.764145,94.588959,205.920029,0.287874
2900,303.104950,111.739059,100.411194,216.163620,0.284965
2900,452.705505,137.912491,74.334778,156.766281,0.258151
2900,339.729187,157.248337,64.168549,137.270493,0.254983
2900,606.751770,127.412354,88.959595,207.049744,0.231818
2900,71.069405,4.535960,22.691360,28.682575,0.224981
2900,451.149963,146.275757,56.923035,128.931824,0.220216
2900,335.739990,148.573944,57.167755,131.535339,0.197447
2900,483.262848,241.911697,40.051605,90.829910,0.195919
2900,627.436523,240.867355,42.296204,93.605576,0.192188
2900,622.531128,249.683517,48.810852,101.705276,0.187436
2900,333.059479,127.707130,49.686462,105.156761,0.185946
2900,480.774506,225.174118,46.477814,101.718094,0.181653
2900,467.001190,217.883942,42.983093,98.268494,0.167973
2925,535.722473,142.740662,67.656433,143.155273,0.994641
2925,105.039543,4.694837,25.577492,42.117878,0.992423
2925,98.903763,4.485532,25.440536,39.675339,0.992423
2925,546.024109,142.906433,71.591187,150.153717,0.991908
2925,104.653931,13.762456,13.583817,30.765774,0.985464
2925,101.628883,8.974520,20.269951,42.292221,0.980581
2925,104.959908,9.462553,15.097801,31.592344,0.978821
2925,106.657578,9.968499,17.755455,40.103855,0.978821
2925,529.640930,129.072830,81.496399,171.101761,0.929381
2925,104.342270,12.258264,12.050537,26.517994,0.926416
2925,550.561523,145.316925,55.641724,131.460693,0.881098
2925,107.901360,11.651220,14.425224,32.048912,0.867340
2925,103.967743,5.742408,19.418747,34.141644,0.656528
2925,108.248878,4.999549,15.664963,28.637001,0.656528
2925,542.786499,149.403610,53.994873,119.273911,0.335884
2925,566.561523,161.667191,48.122681,106.824173,0.245232
2925,548.317993,134.147903,83.030212,177.150284,0.121421
2925,41.341522,201.869553,22.361858,51.604431,0.090144
2925,41.014751,200.086975,29.160007,64.117004,0.072189
2925,31.227766,199.938522,27.566042,59.431931,0.063030
2925,30.135069,212.296249,27.132326,59.629562,0.063030
2925,511.495056,126.944023,105.449158,212.597473,0.058662
2950,129.409485,15.772566,14.114227,30.593801,0.996690
2950,127.799706,9.676076,18.500816,39.019241,0.996690
2950,663.353210,154.109940,54.110229,118.127487,0.943440
2950,1.000000,67.460983,90.209641,319.664917,0.862800
2950,121.976715,6.432392,25.003937,42.125790,0.790383
2950,127.578285,6.639098,31.298073,43.766754,0.790383
2950,139.893646,17.468975,9.999924,22.449154,0.660602
2950,135.631866,11.505259,11.783813,26.713861,0.660602
2950,664.877319,143.349243,48.175903,109.948257,0.491290
2950,1.000000,76.375381,78.913254,198.967209,0.466325
2950,133.740250,8.711902,24.177063,34.185726,0.358336
2950,14.379453,249.313049,48.879307,107.570953,0.159970
2950,117.464424,6.676517,23.426567,30.024673,0.119687
2950,667.626770,129.136154,46.756226,175.169357,0.098064
2950,547.480652,198.799118,13.521973,29.015701,0.062681
2950,547.437256,190.618851,13.555786,29.250626,0.062681
2950,545.761780,195.559753,16.173340,35.779251,0.062681
2950,545.631042,188.067078,16.196716,36.310669,0.062681
2950,10.144062,263.945648,39.249245,91.665802,0.061538
2950,661.310059,159.174255,41.193726,88.765198,0.060397
2950,9.231148,259.816864,47.098824,109.918488,0.038644
2975,153.217438,12.452997,14.300095,30.757494,0.991751
2975,155.535950,16.254879,12.786758,28.781059,0.986855
2975,336.204590,99.711182,118.175049,255.893036,0.986609
2975,148.775101,4.794200,19.130615,35.298241,0.986162
2975,145.406158,5.895310,24.528366,39.271103,0.983580
2975,149.189926,6.486604,30.365860,44.135365,0.983580
2975,153.087250,5.217672,22.287704,33.696537,0.983580
2975,153.479446,8.241014,18.427551,40.655800,0.983580
2975,149.335175,9.706296,16.607895,39.053135,0.873066
2975,317.453461,73.088005,144.194611,310.733337,0.749758
2975,312.826172,94.559601,123.039917,268.923492,0.716527
2975,291.953461,104.096825,134.705383,287.689056,0.325434
2975,350.624237,220.211044,59.742279,132.072495,0.295535
2975,329.233459,140.482605,104.469208,226.233490,0.229404
2975,356.801788,243.036789,46.624573,106.946976,0.143859
2975,346.846252,196.884674,70.319672,146.000977,0.121918
2975,303.368256,228.639618,56.348114,123.268494,0.114348
2975,367.261444,214.672989,50.305725,116.550735,0.091056
2975,337.639099,218.118744,60.476074,131.396698,0.087165
2975,153.566544,5.464984,17.039474,28.142467,0.079249
2975,356.248444,113.199272,75.358887,161.891388,0.065958
2975,351.082977,61.566051,132.090179,290.973114,0.060698
2975,353.680847,258.843781,46.821350,102.800934,0.056316
2975,293.172791,226.568222,52.564636,117.585129,0.043967
2975,344.530334,263.205078,39.624207,89.628632,0.041184
2975,366.367157,240.548386,46.434052,107.433395,0.038485
2975,366.489685,188.515701,70.160522,146.763168,0.034201
3000,605.572937,117.286613,101.386658,216.430359,0.995271
3000,173.086075,15.358972,12.450546,25.447601,0.994194
3000,175.322464,12.722999,13.404434,27.854214,0.994194
3000,171.657501,11.544906,16.252808,35.582947,0.994194
3000,170.247589,6.951629,24.539993,39.693516,0.989339
3000,173.726486,15.728438,9.067398,20.946499,0.928870
3000,170.580811,13.032445,11.165817,23.849014,0.928870
3000,162.876663,7.665110,30.102646,44.434914,0.882103
3000,306.917023,220.050461,11.935730,26.033203,0.477777
3000,164.045319,8.077049,23.557632,31.052017,0.431912
3000,318.847290,219.045639,12.020630,25.774750,0.411513
3000,174.137375,7.222370,30.987595,41.877789,0.211309
3000,290.978485,221.769226,11.772217,25.349350,0.154953
3000,571.877075,93.873451,126.121704,279.672852,0.151230
3000,603.340332,140.708298,69.293701,153.652267,0.140282
3000,625.840576,124.327187,78.205078,168.508118,0.107923
3000,320.191071,211.670776,11.908600,25.605286,0.077912
3000,316.425476,208.871567,14.886139,32.398590,0.077912
3000,642.177734,120.713631,55.417175,127.600761,0.072865
3000,631.391785,117.100098,63.558289,147.871246,0.063861
3000,628.726257,178.067551,70.318542,146.460007,0.061385
3000,638.738892,201.473877,51.721313,120.007446,0.052934
3000,307.951355,211.739685,12.127808,26.039169,0.049713
3000,304.532867,209.469162,15.158508,33.316635,0.049713
3000,316.606689,215.747818,15.472260,32.702576,0.037339
3000,315.381989,211.305283,18.737152,41.147720,0.037339
3000,592.411072,160.379318,70.745300,148.739182,0.037278
3000,304.942322,216.132736,16.046173,34.179565,0.035593
3000,303.367096,211.639938,19.438599,42.255219,0.035593
3000,275.859009,222.427353,11.817963,25.481445,0.035030
3000,275.517181,227.447861,12.450409,26.944000,0.035030
3000,274.288513,218.660797,15.170319,32.987946,0.035030
3000,272.857880,224.269196,15.617126,33.682953,0.035030
3000,594.485413,249.507324,46.042725,100.408081,0.034610
