25,258.662720,14.324679,12.952148,26.037895,0.993039
25,256.546265,9.550033,17.092010,37.608601,0.993039
25,253.577255,6.584202,20.991837,45.700520,0.993039
25,256.844604,8.350179,15.711426,29.106461,0.924536
25,271.159973,193.881821,19.009644,40.630432,0.878606
25,268.378723,189.732071,24.070984,52.320343,0.878606
25,66.547798,232.172699,13.678185,30.161987,0.679943
25,66.908028,226.648148,13.658859,29.222153,0.624049
25,64.041565,224.704727,16.516212,37.144821,0.624049
25,256.919098,8.108759,30.383575,40.905586,0.471153
25,263.372864,6.797499,22.758362,33.175812,0.471153
25,63.277267,225.808563,20.098671,43.377563,0.436571
25,268.768219,16.802032,10.292084,23.856579,0.433228
25,270.885986,14.198506,9.375122,21.294518,0.433228
25,264.710602,10.491893,12.592529,28.691166,0.433228
25,271.982391,202.145035,17.033478,38.872864,0.372020
25,243.173782,7.734210,30.749344,42.306721,0.204467
25,269.976532,209.120438,18.411713,42.962479,0.074322
25,100.406624,234.443771,11.989464,26.164139,0.033421
50,283.119629,15.793716,10.874115,24.889229,0.978588
50,280.801239,9.986328,13.909271,30.347431,0.978588
50,279.977448,10.478258,16.442902,36.389442,0.977256
50,272.616730,6.526385,23.662445,36.567383,0.963855
50,277.725800,7.324223,29.989594,41.990940,0.963855
50,281.927185,5.912023,21.676453,32.391056,0.963855
50,284.691956,15.224730,11.042633,22.877657,0.937025
50,280.641113,11.254480,10.846649,21.380747,0.937025
50,280.046570,15.042589,9.248810,21.203844,0.937025
50,277.008850,6.987022,15.584778,30.156918,0.844249
50,282.054077,4.680994,16.292511,26.324005,0.072362
50,261.355865,6.180356,29.967682,41.740524,0.033196
75,300.941589,8.590130,16.179810,35.200741,0.994368
75,302.265961,13.779102,13.222321,27.367725,0.992204
75,304.936493,8.734388,12.344147,24.685637,0.992204
75,306.358551,12.323636,10.278229,25.337627,0.992204
75,299.240570,4.672934,25.129883,41.012745,0.991042
75,302.530396,6.646895,16.688446,33.157940,0.977709
75,488.463898,185.803299,21.522339,46.582626,0.973233
75,484.603180,187.579544,19.478394,41.471710,0.972476
75,482.244141,190.691345,23.156219,49.778458,0.964238
75,485.945404,194.974213,23.060272,47.957947,0.921435
75,488.934601,193.892624,18.155151,39.412689,0.893486
75,491.886292,189.541077,15.831390,33.968933,0.893486
75,297.899689,10.903540,10.470276,22.883001,0.807301
75,290.786560,5.613063,30.990051,44.973763,0.805005
75,479.018280,188.224701,22.708374,48.485794,0.727028
75,484.300873,199.533905,14.701569,35.259415,0.533462
75,302.471588,6.162605,31.880371,43.103539,0.507942
75,292.567688,5.865842,23.511444,30.394470,0.441709
75,493.251404,201.824493,13.835175,33.896545,0.256057
75,313.759827,11.493091,10.839111,24.578999,0.127508
100,329.078522,15.189973,11.494293,26.691467,0.990519
100,326.668823,8.907161,15.286255,32.299561,0.990519
100,569.198975,187.885529,20.598694,45.144745,0.989645
100,572.395752,186.707260,18.077942,38.516235,0.989645
100,321.052216,6.567935,22.159210,32.841064,0.981874
100,325.604828,12.260774,16.783905,37.527439,0.981874
100,327.498932,17.244614,10.161316,23.138653,0.980502
100,316.219757,8.545615,28.096161,42.255875,0.921750
100,324.129669,8.435845,30.742310,41.626614,0.921750
100,329.386810,7.197062,23.239105,34.525185,0.921750
100,322.872833,6.811652,14.486328,25.150002,0.909204
100,561.845398,184.918228,22.953918,48.650833,0.888400
100,574.611694,196.864304,14.341980,35.042725,0.709782
100,332.624542,16.516586,11.361053,26.459034,0.648653
100,566.899353,190.969940,18.485229,39.452682,0.586775
100,566.133057,188.864685,15.922668,34.136444,0.586775
100,565.848389,195.278580,14.544434,31.947083,0.586775
100,564.057129,192.616653,21.758911,47.790558,0.410570
100,574.836487,184.718185,16.242249,34.087540,0.325483
100,307.375977,7.474954,29.976044,41.883850,0.049447
125,282.705872,116.656395,113.570587,250.527435,0.996270
125,635.356628,191.102539,19.319580,42.099365,0.996148
125,638.089783,189.298386,17.580505,37.732712,0.996148
125,638.177246,199.464005,17.437927,35.801819,0.995130
125,347.910492,14.024163,13.125702,26.581654,0.990133
125,350.706451,12.620934,13.167084,27.365341,0.990133
125,345.549561,10.015614,16.381073,34.859188,0.990133
125,345.877441,11.431664,19.401459,41.375854,0.986642
125,302.851349,121.348923,116.857880,255.634476,0.982434
125,349.168976,7.012047,25.002258,39.343842,0.975124
125,336.020538,7.789908,31.258331,44.563675,0.975124
125,338.747620,6.372405,24.198029,35.051517,0.975124
125,351.162292,16.228619,11.381714,27.166283,0.968264
125,632.403625,189.306931,19.071838,42.956177,0.966731
125,347.135223,14.494566,10.113525,21.453157,0.934007
125,345.079132,13.810046,10.084229,21.412605,0.934007
125,344.800964,12.080289,12.976440,28.086903,0.934007
125,347.467224,7.344745,18.387756,29.625538,0.871146
125,332.385437,135.528687,104.788330,232.150238,0.530586
125,625.937317,188.287186,23.613464,49.981613,0.455865
125,294.457794,134.451752,81.364563,172.277649,0.327405
125,640.442566,187.177277,15.141663,31.528076,0.222522
125,642.151794,184.970657,12.084167,28.524887,0.222522
125,635.136780,194.598953,15.628784,33.449524,0.168923
125,634.783264,191.901016,14.046570,30.378433,0.168923
125,632.387329,198.141418,12.604919,27.134598,0.168923
125,631.779785,190.562088,13.118164,27.639053,0.168923
125,631.754700,198.585022,16.734924,38.566559,0.167998
125,268.121185,79.804428,163.907288,295.713928,0.156208
125,359.275574,229.066132,65.060059,135.024872,0.156079
125,347.856232,7.569075,32.986786,43.826424,0.095219
125,348.438232,218.199127,63.927307,136.578766,0.069172
125,343.830811,108.363770,129.489716,280.647186,0.052958
125,343.747223,5.289627,15.982361,28.451752,0.051535
125,369.807739,240.607651,45.572174,109.615463,0.048649
125,636.586670,183.422653,23.286926,51.881668,0.044689
125,623.825745,178.998718,24.810730,54.214920,0.044689
125,642.153992,186.925156,26.697693,56.881073,0.041897
125,310.240387,134.171616,80.664062,172.205246,0.035879
150,189.195831,89.977211,130.944244,286.702820,0.994595
150,614.509094,130.296738,105.490906,235.962357,0.917263
150,635.927795,136.287842,67.769348,143.414490,0.764700
150,640.117859,121.452965,75.189758,225.360321,0.668851
150,686.380737,353.582581,14.902222,33.639069,0.383214
150,231.855591,223.917725,66.613831,142.052124,0.374015
150,682.651672,346.313080,16.857361,33.054291,0.199198
150,188.336868,141.674835,112.541153,245.073090,0.172180
150,227.207169,101.580643,122.958267,266.039246,0.168991
150,649.878174,131.111877,54.178650,126.797424,0.103475
150,225.998093,240.132874,57.971970,129.394562,0.099601
150,155.338669,97.851288,136.813614,294.571960,0.074551
150,243.918091,216.856140,68.076813,140.671722,0.051046
150,624.271423,154.437378,72.386108,159.402496,0.042488
150,201.196716,115.898422,139.392181,293.891479,0.042242
150,687.323975,348.507507,14.399780,30.945099,0.038957
150,686.938416,334.064117,15.276428,33.383881,0.038957
175,534.640137,92.436646,115.591125,256.336212,0.997250
175,596.367859,227.221176,56.512390,116.600266,0.724359
175,554.257202,87.289009,125.443604,271.149170,0.471845
175,547.707092,107.219589,84.913635,181.652298,0.289687
175,606.364380,237.751678,44.337158,100.352295,0.274753
175,595.330078,244.617798,38.982483,87.973999,0.272198
175,570.989929,143.270203,97.843262,208.487488,0.229318
175,566.969910,111.824677,78.934875,168.787964,0.139209
175,593.861511,244.076721,50.036438,107.633728,0.111306
175,561.373047,256.415863,44.463318,95.960236,0.079512
175,569.257263,283.617126,27.099182,61.939240,0.068531
175,573.316040,283.381165,21.224487,44.903381,0.066858
175,567.858459,271.346924,29.592285,65.800690,0.066858
175,227.737961,201.589218,13.998611,30.153503,0.055778
175,227.360901,209.002747,14.383804,30.838928,0.055778
175,225.365326,204.618546,17.472855,38.728333,0.055778
175,554.019409,270.207092,35.910645,81.290588,0.053428
175,224.044586,190.320160,18.709457,41.129196,0.051305
175,574.728333,229.802109,53.598328,114.035141,0.050324
175,561.920105,236.300293,49.550171,107.754700,0.046147
175,548.358337,255.934601,47.002502,98.964203,0.042859
175,585.447998,130.986191,70.497498,145.218460,0.041124
175,566.836853,249.590805,39.447937,87.151779,0.033685
225,642.105408,174.029068,19.377625,42.160446,0.948636
225,640.172363,175.880264,24.116333,52.478455,0.948636
225,644.007874,171.157639,24.711182,55.795959,0.910169
225,648.930786,175.033264,22.751038,52.606400,0.693881
225,638.222900,164.867447,25.827026,55.589584,0.623205
225,641.342712,164.204269,19.394714,43.970139,0.623205
225,642.278687,182.883820,17.645752,40.186111,0.542606
225,649.324524,178.951965,18.210693,38.204193,0.244136
225,646.284851,183.446060,21.707520,47.701797,0.244136
225,632.469177,170.586975,20.624756,45.712372,0.213045
225,639.458496,187.207642,20.328735,46.537827,0.142287
225,514.429993,183.394211,14.725586,32.541794,0.137260
225,512.813721,180.848740,18.376587,39.025040,0.137260
225,646.801025,161.249817,25.743896,57.662567,0.125167
225,514.315247,176.487350,14.907410,31.439560,0.111019
225,516.005310,176.633133,11.330139,25.550171,0.111019
225,628.528931,164.396881,27.661438,59.280136,0.082925
225,650.823608,167.725693,21.589417,46.811172,0.058830
225,636.714844,157.426163,35.513733,75.049911,0.049802
225,649.301453,172.928879,17.403442,36.782089,0.047633
225,652.567383,183.366776,15.341797,32.223572,0.047633
225,653.220642,174.443970,14.107666,30.374405,0.047633
225,514.631470,192.976700,14.277893,30.640015,0.043952
225,516.004517,195.439072,11.229492,26.586380,0.043952
225,512.288574,186.529221,16.781494,38.137360,0.043952
250,548.473389,164.933472,132.009827,289.674683,0.099055
250,567.280457,166.140152,97.560974,212.552841,0.069296
275,561.224915,173.878067,18.546692,39.294281,0.946339
275,565.882385,175.276505,20.540161,46.420105,0.847515
275,557.947571,177.214340,22.391602,48.744659,0.623460
275,560.348633,174.403595,22.453552,46.364609,0.596208
275,562.351746,181.569992,16.567566,38.210709,0.596208
275,564.880554,182.778107,22.342957,46.695023,0.200816
275,552.157227,172.542236,19.637146,43.640732,0.138403
275,569.542053,182.061996,16.062317,34.236557,0.075610
275,566.249573,171.975830,17.691467,40.062698,0.075610
275,573.300964,183.951523,13.371216,28.534363,0.075610
275,570.621765,175.206421,14.790588,31.238541,0.075610
275,574.041382,176.073395,12.254333,27.092865,0.075610
275,547.794739,166.494797,26.021484,56.472504,0.049078
275,1.000000,189.895370,125.181602,330.232971,0.039252
300,543.957947,186.712921,17.875122,37.599976,0.962217
300,541.928772,188.488327,21.769836,45.305161,0.934753
300,544.004761,178.994827,17.387939,39.639969,0.877095
300,545.274902,197.757828,14.871399,35.277481,0.486107
300,551.123596,191.245392,17.657776,38.701202,0.376541
300,535.223694,187.101608,22.177979,46.131882,0.215468
300,547.563171,187.077042,26.361328,57.634003,0.077942
300,527.586243,184.115173,27.603271,58.710388,0.035901
325,540.149475,198.827591,17.008606,35.292923,0.962707
325,537.000732,201.032288,21.022400,42.836044,0.962707
325,536.400208,189.546371,19.226013,43.486282,0.962707
325,534.858643,196.897873,18.506775,40.566925,0.951356
325,141.807053,217.620392,14.476730,31.158554,0.816173
325,139.148163,214.403992,18.502045,39.480530,0.816173
325,538.074463,189.752121,22.672729,48.170074,0.703200
325,143.748291,210.745819,14.209930,31.737808,0.587516
325,142.931244,222.594803,14.776779,33.256104,0.560386
325,136.512909,210.094803,23.827621,51.176132,0.560386
325,533.377808,192.678436,15.342651,32.288437,0.326660
325,534.294250,203.225845,15.757019,36.430054,0.123972
350,518.572632,193.324280,17.517639,38.639282,0.976383
350,520.089355,187.963348,20.584656,44.446381,0.976383
350,95.729179,202.595398,21.047615,45.178024,0.963952
350,94.500633,212.120789,21.442291,45.140717,0.963952
350,517.890625,196.617813,21.417908,44.997894,0.956458
350,513.870117,194.051544,22.047119,48.165482,0.900862
350,520.665771,194.033630,22.557617,48.851761,0.900862
350,523.263672,198.104431,16.415222,34.561600,0.890708
350,521.141785,192.209854,16.921448,35.394318,0.890708
350,525.057922,192.561676,14.231812,30.575882,0.890708
350,98.323517,217.610245,14.057854,33.675507,0.742473
350,517.118835,200.118423,14.999207,34.834991,0.563859
350,101.860764,198.606308,24.482704,54.133789,0.077193
350,510.054901,181.670593,24.398224,53.196167,0.058465
375,489.887329,197.676727,20.740265,44.848160,0.990169
375,493.468689,198.501526,18.136536,37.655716,0.990169
375,493.118317,193.104767,21.502594,46.449600,0.758738
375,485.135468,192.346924,23.344330,49.291824,0.758738
375,486.481110,202.598328,19.793274,39.852631,0.758738
375,499.750458,196.855682,19.665009,42.305038,0.562252
375,491.175507,199.815353,16.291962,35.247360,0.277276
375,487.822327,192.696503,16.433167,35.498428,0.039597
375,486.704895,192.829849,13.683441,28.671692,0.039597
400,457.430054,194.718628,21.101501,45.811935,0.992214
400,460.976746,196.569656,18.487640,38.473694,0.992214
400,460.038971,191.458298,22.002869,47.387100,0.844135
400,451.205383,191.270081,23.633270,48.846649,0.844135
400,460.674622,201.663391,18.409241,42.995346,0.790477
400,467.307190,195.064240,19.886353,42.790649,0.604236
400,457.035065,197.449936,17.431915,37.440414,0.436928
400,455.347656,200.399048,19.807495,43.830795,0.436928
400,455.544189,201.147018,15.794159,33.960419,0.060313
400,455.552704,193.424744,15.796997,33.663925,0.060313
400,454.067108,192.875839,14.179718,30.036804,0.060313
400,454.928711,205.910675,13.832153,32.410294,0.039373
425,426.315857,186.885406,21.123932,45.866287,0.987767
425,427.785645,192.690750,21.469055,47.780731,0.987767
425,423.027649,188.495209,20.886719,45.942993,0.909375
425,431.363739,198.750397,16.489624,37.398193,0.799144
425,419.312836,196.471008,20.721832,43.058319,0.532970
425,415.536316,186.732422,26.770905,57.144043,0.532970
425,434.650208,189.931885,20.761871,44.004990,0.442115
425,427.340271,180.168549,24.692261,54.243591,0.185800
425,429.300568,205.167587,17.813354,41.679214,0.184429
425,429.208282,183.891312,18.933746,38.838425,0.049920
425,431.230713,181.851501,15.520081,32.431717,0.049920
425,418.639648,170.808960,37.129669,77.595612,0.042508
425,433.776428,185.618851,25.275848,54.955048,0.033674
450,413.274841,195.965851,21.086029,45.857590,0.988699
450,414.790009,192.642990,18.662354,39.693069,0.988699
450,408.719452,194.416809,19.952515,44.442139,0.825702
450,420.101013,196.410278,19.667328,42.471268,0.728034
450,406.855804,201.821381,20.140106,41.032333,0.476446
450,403.132477,188.587112,25.418732,55.168915,0.412629
450,424.021027,199.499146,18.362061,42.420868,0.223159
475,409.625427,198.490036,18.512177,40.123077,0.986049
475,408.012268,189.296906,19.459656,44.632446,0.986049
475,406.427460,202.419067,19.614838,43.161057,0.975872
475,409.972687,189.043182,23.698181,51.525391,0.975872
475,407.290527,196.009293,22.729797,47.422455,0.933404
475,403.417297,195.760529,20.710358,44.567993,0.824494
475,407.273804,200.301620,15.607941,33.442902,0.795408
475,407.218567,193.850082,17.630096,36.191406,0.332072
475,405.617157,192.801559,15.229034,32.034363,0.332072
475,406.712677,206.365433,16.026184,34.184006,0.267955
475,408.468140,190.904617,28.085571,62.146286,0.090917
475,397.928253,192.022217,27.786377,61.079895,0.090917
475,401.540649,201.565735,22.384369,48.661179,0.090917
475,412.822906,212.844727,17.074768,35.596588,0.039232
475,416.335999,217.440918,12.640808,30.608749,0.039232
500,395.060913,200.154037,19.578949,40.062531,0.985810
500,390.215210,189.710693,24.589203,55.447708,0.985810
500,391.747253,199.724503,19.533539,43.127365,0.977512
500,394.398010,195.696579,24.393311,51.723343,0.965402
500,386.328766,192.641602,24.009613,52.214600,0.812400
500,402.436920,196.543015,21.579071,46.426697,0.224311
500,385.184448,186.357925,33.850983,71.355728,0.214080
500,390.867096,207.087036,16.522949,34.914871,0.191259
500,395.115173,206.400040,20.747803,43.257858,0.101962
500,399.085175,213.331512,15.150574,35.849747,0.101962
500,389.787384,192.729782,18.959534,41.421494,0.078919
500,389.275299,192.900970,15.680084,33.088943,0.078919
500,393.237091,184.028732,25.178009,55.580505,0.062824
500,389.934418,206.385849,20.260040,46.758530,0.046057
525,361.844971,189.344498,25.041168,54.152161,0.988976
525,364.213135,188.037460,21.384674,45.539673,0.988976
525,364.561768,198.677155,22.628265,48.412537,0.988976
525,358.384949,196.043106,23.233765,50.967911,0.800671
525,369.211395,192.378281,22.525909,48.020935,0.710519
525,373.048706,196.631897,21.585297,49.421036,0.421037
525,374.348297,191.314743,18.130707,40.142639,0.319964
525,357.168976,191.565582,21.092316,46.505356,0.125400
525,359.669769,177.343857,34.137604,73.273285,0.075025
525,363.884583,180.643967,25.699341,56.381439,0.063513
550,329.176422,183.648361,27.173035,58.596985,0.955180
550,333.284698,186.902176,20.524323,43.048294,0.865182
550,326.570526,186.994492,23.073761,51.030823,0.692620
550,335.174164,179.362595,28.570679,61.738281,0.419440
550,319.282104,171.934631,28.921326,61.946564,0.328151
550,326.012634,170.480652,34.461121,73.709259,0.234288
550,592.943420,196.999573,11.790527,25.717789,0.211413
550,593.653992,192.591248,12.063843,26.238602,0.211413
550,590.436646,188.678513,16.853760,36.392029,0.211413
550,319.200897,178.128067,32.735657,70.862900,0.161150
550,340.455017,185.664383,25.945984,59.686035,0.145446
550,334.113037,195.929718,20.006561,45.943665,0.109210
550,332.947601,177.684616,21.961914,44.776093,0.053263
550,335.182892,177.521317,17.297241,38.765869,0.053263
575,296.579559,187.245270,29.923187,64.075912,0.918861
575,301.138214,197.754379,21.284790,44.788025,0.803447
575,298.783264,187.492798,24.757050,52.589493,0.803447
575,303.376495,196.626999,27.328613,61.677780,0.777904
575,294.266205,188.120163,35.419220,77.143143,0.682898
575,630.351074,205.401550,13.234131,28.435181,0.679483
575,629.150757,209.872986,11.892090,25.608246,0.679483
575,628.403381,203.321838,16.093750,35.870468,0.679483
575,293.915710,191.035751,26.670410,58.080658,0.540195
575,306.346252,195.442230,21.874115,49.251358,0.404226
575,626.862854,195.894928,17.761841,38.520172,0.287428
575,288.221283,199.728088,30.775330,67.292633,0.282721
575,307.718353,198.149139,28.066437,65.025513,0.182497
575,289.673279,188.441849,26.794769,57.711502,0.179708
575,301.885651,183.899124,31.687012,71.722900,0.160645
575,618.251099,207.343109,9.484985,20.205078,0.083288
575,629.628479,202.454483,11.960999,25.654251,0.061163
575,629.124878,199.509949,10.316528,24.402542,0.061163
575,293.048279,171.212601,42.233459,92.221970,0.057004
600,233.829468,178.054092,34.301971,74.368668,0.966182
600,237.423843,180.197693,39.043045,85.291107,0.966182
600,658.290710,203.760529,13.127197,28.306976,0.931667
600,657.183472,196.618561,15.657654,35.102509,0.931667
600,658.367981,197.667236,13.210571,28.123154,0.931667
600,547.013367,201.269653,12.427612,27.072235,0.886108
600,657.016479,189.006180,17.758972,38.650040,0.801828
600,241.440735,174.562912,33.988190,75.379669,0.798799
600,243.298828,185.460602,29.263092,59.596115,0.529003
600,546.023621,192.966415,15.190796,33.006027,0.421849
600,545.900024,205.032547,14.143982,31.626938,0.421849
600,238.865631,187.239929,25.731415,53.496582,0.234367
600,247.753311,190.312851,22.776382,48.619308,0.130186
600,245.925690,199.519943,27.002289,60.523117,0.117887
600,228.503036,189.927567,30.410172,67.325211,0.088687
600,225.020782,171.924393,38.941650,84.141037,0.082861
600,228.352875,177.011429,30.794586,66.845581,0.082861
600,654.376709,193.797577,21.248962,45.963531,0.073466
600,249.245651,176.576233,35.400711,79.660492,0.066060
600,221.989197,168.631775,35.114288,76.368286,0.059015
600,237.450211,197.481323,27.359329,61.799622,0.044960
600,239.579849,186.259216,21.369705,45.446457,0.044886
625,137.549545,159.771393,49.068573,109.632996,0.985930
625,567.652100,197.685593,12.064758,26.362656,0.971634
625,566.427246,194.566055,12.057678,26.948166,0.971634
625,566.541565,194.776566,15.699097,33.711594,0.971634
625,565.137756,187.628693,19.757324,41.870880,0.971634
625,149.161285,165.914505,42.713409,96.318649,0.908502
625,140.763718,165.015472,37.315521,84.745087,0.830732
625,685.283691,197.534943,15.614319,33.312103,0.725211
625,684.370850,190.347412,17.186951,36.542282,0.725211
625,688.063721,191.191330,13.392578,28.684525,0.725211
625,572.950195,199.695496,11.588135,24.720123,0.410783
625,573.051636,194.996078,11.775146,24.964508,0.410783
625,569.324890,196.289291,13.701965,29.070557,0.410783
625,154.531464,169.042709,33.852097,76.586090,0.408296
625,563.473633,182.879684,17.809387,37.441040,0.352937
625,564.771179,198.391251,12.420898,28.071060,0.294868
625,564.247070,196.348663,15.600586,34.794861,0.294868
625,147.544113,159.731476,38.188919,84.172852,0.287093
625,687.493164,200.871979,15.551758,32.302826,0.092823
625,682.940369,189.634598,22.078369,48.503021,0.060766
625,140.054504,183.851624,32.427887,69.832413,0.051571
625,566.215881,203.616013,9.256958,22.982147,0.037177
625,130.845062,171.156250,38.664352,85.621399,0.036017
625,132.398682,178.186249,31.354279,69.565933,0.036017
650,594.696228,198.174744,12.251648,26.695755,0.982707
650,592.620850,192.384491,16.362671,35.247101,0.982707
650,10.278796,154.035065,59.004467,129.541809,0.977099
650,9.065585,157.785278,46.249447,140.938995,0.952163
650,14.088181,159.368759,48.817825,108.232681,0.901570
650,595.949707,202.348160,10.027100,24.865738,0.304436
650,585.725769,198.985382,10.522034,22.198929,0.285170
650,22.131557,166.523666,51.657360,113.233170,0.119347
650,9.133151,136.503265,65.652290,175.339661,0.103370
650,17.722837,187.422241,44.996056,99.324677,0.090042
650,6.527346,154.086578,33.484066,103.222687,0.050682
650,7.552300,134.077209,52.498379,213.244141,0.045620
675,647.323486,201.656876,13.461670,28.874924,0.958319
675,645.633850,196.246048,12.679993,28.238449,0.958319
675,646.458252,194.845306,15.484375,33.606506,0.908778
675,437.474457,204.480515,12.958984,28.314163,0.833974
675,646.617554,203.789917,10.862122,26.050385,0.790942
675,435.011475,200.615723,17.768738,39.926132,0.728480
675,435.259888,193.343506,16.621155,35.958908,0.496111
675,652.202454,201.057388,12.989624,27.310089,0.313508
675,653.026733,196.282242,12.687073,27.104202,0.273415
675,648.893616,197.998062,15.989197,33.926239,0.238912
675,646.444153,187.255020,20.263428,45.492828,0.238912
675,648.423218,202.196808,17.919373,40.659485,0.238912
675,437.213135,197.967926,10.638702,24.015961,0.237414
675,685.244934,199.965546,15.897583,33.665604,0.136136
675,685.396240,192.390869,16.429321,36.153549,0.132508
675,688.008850,195.761505,13.459961,28.446213,0.132508
675,688.143799,205.833664,14.359192,30.958969,0.125407
675,690.123230,210.033417,11.568481,25.451660,0.125407
675,642.609009,197.688110,19.865845,42.688141,0.114682
675,650.119080,188.876236,22.474426,51.295029,0.068694
675,444.384064,204.961334,12.134979,25.526123,0.036041
700,533.403076,190.579666,13.098999,28.481644,0.978402
700,532.342346,186.833679,16.586609,35.050629,0.978402
700,531.302368,180.053772,17.070984,37.464355,0.735394
700,521.680969,191.847656,9.499451,20.632904,0.376076
700,529.581787,191.809021,19.020996,41.700684,0.219678
700,529.918213,195.315247,13.697205,32.123260,0.219678
700,662.481079,191.709457,10.458374,22.750534,0.209617
700,663.465454,193.623383,11.480652,25.258606,0.209617
700,662.282593,196.503769,9.771423,21.883408,0.209617
700,660.822632,186.723801,15.530823,32.530579,0.209617
700,659.734924,186.068985,18.821594,40.952621,0.209617
700,533.670532,187.520020,11.824707,25.349548,0.193007
700,533.338501,184.643753,10.046936,23.291458,0.193007
700,540.067566,191.774902,11.495789,25.177902,0.064576
700,536.675110,188.101685,13.883423,30.066055,0.064576
700,541.065308,195.907242,11.713867,25.227036,0.064576
700,543.942993,197.767288,10.306580,23.983154,0.064576
700,535.183289,186.014114,17.914551,38.057358,0.064576
700,542.649109,192.497223,10.951721,24.168655,0.057789
725,655.710693,191.702515,17.476501,38.781982,0.982055
725,655.002930,198.269562,17.022705,36.769119,0.981443
725,657.959412,198.936203,13.237976,31.973694,0.964524
725,653.732056,192.282211,21.379333,45.785736,0.824075
725,632.528320,201.646011,12.092651,26.620926,0.705145
725,631.370239,206.055222,11.782227,25.549225,0.318516
725,629.553345,198.075653,14.266235,32.183060,0.318516
725,630.056519,203.205688,15.221802,35.883850,0.245796
725,630.538269,196.272598,11.440186,25.574524,0.221795
725,628.496765,193.304382,18.951599,41.392838,0.221795
725,662.538391,183.898560,24.106689,53.391846,0.068712
725,642.538513,201.219193,11.434448,24.869843,0.056174
725,641.225342,198.768509,14.721985,32.202011,0.043766
725,639.496033,188.632874,19.693115,42.995132,0.043766
725,640.234314,201.198944,16.854187,38.047638,0.043766
750,595.639038,196.605850,12.597778,27.396851,0.992809
750,593.970947,195.393478,15.824158,33.628632,0.992809
750,595.802185,202.578156,10.735352,27.052078,0.991425
750,591.873474,196.670395,19.262146,40.591080,0.975033
750,593.052979,185.023712,18.879578,40.228165,0.713261
750,586.650879,199.226822,10.131226,21.638489,0.358579
775,561.967346,195.248383,16.489014,35.753006,0.993382
775,558.981934,193.883224,20.665771,45.069138,0.993382
775,563.360474,198.493546,12.897156,30.891937,0.991985
775,553.850891,201.888397,9.610107,21.457611,0.531334
775,555.433899,201.834518,10.430664,22.138489,0.531334
775,568.165710,187.790634,20.981018,48.220627,0.378015
775,567.292114,199.640198,16.022644,34.160889,0.090198
775,568.123169,195.554855,17.832947,44.118622,0.090198
775,549.034424,186.951569,22.113037,49.364212,0.044291
775,568.643372,201.530930,12.897522,27.746292,0.036040
775,572.931824,196.063004,11.635681,24.843369,0.036040
775,568.542603,192.974335,14.225342,31.196823,0.036040
775,575.785706,195.015793,10.234619,23.263550,0.036040
800,567.923767,188.329346,16.484131,36.427399,0.996073
800,564.266479,187.781555,19.479187,41.906403,0.987208
800,560.851501,189.013412,22.113892,47.781921,0.974831
800,571.785339,184.482986,19.704651,42.972946,0.957916
800,571.206604,187.550659,16.565552,35.029922,0.951687
800,569.576416,190.527374,17.461304,38.212677,0.951687
800,566.392517,186.250641,16.347778,33.543625,0.477980
800,564.783752,183.102066,14.455811,31.811768,0.477980
800,565.473389,194.793442,15.087585,32.476868,0.242453
800,572.642883,195.848633,15.001770,31.978989,0.062143
800,575.631958,201.104263,11.275940,27.202911,0.062143
800,568.697266,182.239182,19.463501,43.568741,0.052004
800,572.537720,182.840729,15.751526,32.880432,0.052004
825,582.187561,185.158218,19.317993,41.337921,0.992624
825,577.465149,178.354340,24.751221,53.918488,0.992624
825,584.413208,173.180649,25.272949,53.772903,0.992624
825,580.856689,175.770355,21.592896,47.251236,0.990495
825,655.277588,187.511642,19.468140,40.914795,0.988855
825,652.494324,172.612732,23.565125,52.588272,0.985901
825,586.463257,186.360489,18.668213,41.936386,0.981115
825,653.780701,182.592468,23.353577,49.809143,0.946653
825,661.939941,182.194992,21.830322,47.484344,0.876410
825,583.039734,180.832962,23.985168,54.821655,0.869008
825,579.555908,178.734268,17.463196,38.138458,0.844979
825,655.219116,179.600708,18.226135,39.296143,0.623100
825,642.916504,176.761047,25.540955,53.419006,0.323824
825,658.138794,199.590897,13.446716,32.469208,0.319161
825,586.050232,179.326599,19.118652,39.722656,0.310696
825,590.031067,179.267197,15.088623,34.198990,0.310696
825,665.248169,176.222427,21.908386,47.747849,0.266764
825,570.261353,197.584564,11.658142,24.166290,0.129033
850,599.326416,171.433075,27.856018,60.865540,0.996185
850,602.453369,169.831039,24.467712,50.635529,0.996185
850,600.046509,178.147354,20.393860,45.185257,0.964861
850,605.006348,180.056030,27.195496,61.575928,0.960083
850,504.342712,186.690735,19.691406,42.564621,0.946177
850,496.439453,174.269119,24.812988,53.623901,0.946177
850,609.480530,175.070206,25.038757,53.977737,0.897289
850,605.043884,166.336426,20.541931,46.500580,0.887531
850,503.014252,173.768585,20.489594,47.569626,0.862985
850,592.719543,178.711517,25.830994,57.446991,0.748020
850,594.123352,155.197708,36.886414,79.539352,0.578228
850,501.161407,180.759491,18.347198,39.263229,0.441037
850,502.072601,187.168106,17.775726,39.007294,0.441037
850,609.866577,181.444016,26.843018,59.081512,0.242987
850,499.008942,182.000198,23.124603,51.720337,0.206127
850,612.607300,164.065536,26.156616,59.473572,0.122066
850,506.338501,179.018631,18.627869,38.310532,0.099218
850,591.255493,169.017731,25.196106,50.090546,0.071701
850,502.823853,179.595123,26.346680,57.711746,0.068347
850,500.735107,179.146317,15.431824,33.314423,0.037561
875,650.562927,166.051743,31.414429,68.553299,0.993870
875,657.476746,166.008850,29.807617,66.893173,0.993870
875,647.314697,158.031189,37.705566,83.529327,0.993870
875,654.880737,160.134903,36.664185,80.192993,0.975423
875,314.597809,183.418274,21.240906,46.005661,0.944953
875,317.923584,184.838730,17.578308,36.739807,0.944953
875,316.119751,173.964462,20.600372,45.732285,0.944953
875,654.842529,173.143173,25.597778,54.450531,0.922262
875,310.817596,180.632339,20.019928,44.755417,0.778219
875,651.513611,180.214035,27.569153,63.688248,0.729023
875,642.163757,167.707428,33.174500,71.231903,0.696284
875,646.489685,163.103378,31.119507,65.711548,0.665580
875,317.012970,180.119492,23.341034,49.440399,0.470944
875,306.876312,176.041519,25.141479,52.750381,0.470944
875,662.334900,173.271698,24.011169,50.061508,0.338101
875,324.768433,181.151535,20.549500,44.372711,0.160981
875,650.299988,153.982056,31.457581,67.738815,0.087600
875,660.520874,149.862656,31.939270,70.645981,0.041195
875,658.032471,178.660400,28.729004,63.383591,0.040333
900,72.695244,184.686752,28.606903,62.222748,0.512133
900,77.739891,193.262344,19.905678,40.600250,0.512133
900,69.527901,185.498840,23.709686,54.794968,0.281255
900,68.671715,196.474304,24.076065,51.082199,0.170003
900,83.802437,191.711868,19.580627,43.589859,0.147585
900,80.235214,189.031387,24.414131,51.950653,0.147585
900,77.565300,198.517197,19.605995,45.595703,0.132905
900,69.802315,176.689682,36.487000,76.740250,0.080297
900,85.047554,194.761887,22.775528,52.413651,0.064937
975,664.196533,166.721466,31.965454,69.759033,0.966260
975,664.234192,154.503906,40.413391,87.809998,0.922892
975,658.782532,178.449524,25.921692,56.318344,0.918865
975,670.163025,169.244949,28.753540,63.782150,0.913281
975,654.432312,166.730560,35.257996,74.324417,0.877350
975,656.586792,161.976700,29.927856,66.307526,0.853515
975,668.331299,174.966888,24.455444,52.012650,0.815012
975,667.512878,183.276871,24.991028,56.885757,0.640118
975,671.545349,155.698227,34.378784,76.056595,0.608345
975,667.509277,160.227295,26.149597,58.746429,0.291722
975,674.199585,171.245804,31.114075,72.249802,0.179880
975,659.221313,189.947617,24.148254,55.188690,0.059999
1000,637.246033,179.205124,27.273071,59.305344,0.990925
1000,632.068237,169.965286,31.368713,67.405334,0.983461
1000,640.473694,170.579880,29.072998,63.445648,0.983461
1000,644.154663,179.962082,24.718567,58.354401,0.983461
1000,638.640442,164.261932,35.937744,78.999496,0.902833
1000,629.936096,176.905151,25.564026,57.966873,0.857355
1000,627.263000,163.433212,32.485535,70.114456,0.740627
1000,626.478699,174.866287,31.883301,68.723999,0.663955
1000,637.564209,171.533752,23.820557,51.572845,0.493541
1000,637.880859,161.258804,24.230835,54.494186,0.385893
1000,641.263062,185.857620,26.910767,60.842377,0.100534
1000,647.277527,180.736771,20.327942,42.792847,0.099149
1000,627.076233,161.676163,42.708557,93.678055,0.033696
1025,602.116455,178.003296,26.634033,58.050217,0.979173
1025,595.431641,182.381516,30.481079,63.639328,0.964545
1025,594.602966,173.625488,28.214844,61.221130,0.932105
1025,603.157227,170.991409,32.304993,68.932877,0.826202
1025,608.030823,178.522675,24.700439,55.446747,0.826202
1025,606.960938,180.543961,29.357849,66.188965,0.612167
1025,600.545959,184.253860,30.076050,66.574997,0.389842
1025,588.504822,185.775620,30.323914,67.383331,0.389842
1025,604.105835,175.703247,21.751221,48.027786,0.222860
1025,612.223206,177.579788,25.154175,54.574265,0.153079
1025,599.523743,190.179260,23.361450,52.944214,0.098465
1025,605.517212,192.313431,20.356934,47.218689,0.077522
1025,593.252380,171.060104,42.279907,86.877121,0.060713
1050,571.994690,185.772552,26.886536,58.673538,0.995597
1050,571.510315,173.604294,26.614197,58.991058,0.985793
1050,576.679749,182.225784,28.149658,62.348846,0.985793
1050,574.601746,187.687744,22.397095,47.512329,0.984769
1050,580.258118,187.017532,20.655823,47.203049,0.980740
1050,581.594421,176.755157,25.789062,59.340210,0.920792
1050,571.144836,182.736206,22.010010,49.715073,0.690964
1050,568.162231,190.530792,22.859314,50.247513,0.690964
1050,578.717529,187.516998,28.561951,66.161270,0.398666
1050,562.342896,173.102142,28.115540,61.271103,0.358207
1050,578.742554,192.097977,22.432739,51.247681,0.227977
1050,576.104126,181.271286,19.692444,41.740356,0.221701
1050,564.314697,179.828171,23.113586,48.395432,0.097135
1050,585.092163,187.301086,16.934631,35.284149,0.058970
1050,583.624023,195.491104,18.190369,37.796783,0.058970
1075,566.802124,186.959686,22.303223,48.175156,0.996969
1075,561.169373,186.792007,24.116943,51.824081,0.996969
1075,564.864929,194.002502,23.410034,49.644455,0.990083
1075,568.391357,183.985641,24.882324,55.145950,0.935901
1075,567.873596,180.319534,20.457520,46.724884,0.871536
1075,559.200073,174.326050,33.991760,74.227615,0.856076
1075,557.686279,190.842758,24.402710,54.418686,0.841821
1100,568.430359,190.827255,20.303528,44.269714,0.996269
1100,563.269470,187.106583,24.427185,53.508789,0.996269
1100,567.398193,185.598404,26.901062,55.993576,0.996269
1100,566.378967,198.052826,20.554565,42.892029,0.988258
1100,565.365662,182.286377,19.693237,42.232361,0.755550
1100,568.038574,195.985229,24.855896,54.493958,0.629181
1100,557.796265,195.119278,24.169189,53.736206,0.629181
1100,569.529114,200.844742,19.224854,44.040039,0.378193
1100,561.868774,176.632095,33.440308,70.976807,0.048759
1125,564.882690,186.402100,21.467834,46.882965,0.995593
1125,562.776062,192.846176,23.081482,47.823502,0.995593
1125,564.958801,188.178741,24.869873,55.640106,0.991578
1125,568.674072,197.615982,20.439331,42.546371,0.991578
1125,570.768005,189.676804,20.698425,44.966675,0.985315
1125,566.643005,198.371246,15.804321,36.928116,0.732630
1125,559.909607,182.010056,24.140503,53.179703,0.499321
1150,567.793884,191.361481,19.289185,41.984222,0.995500
1150,567.530518,189.905090,23.534790,51.760345,0.995500
1150,569.954712,197.695282,20.385132,41.329224,0.995500
1150,565.976562,195.159912,18.333984,40.380554,0.989969
1150,567.977600,196.768524,15.194275,33.256210,0.721317
1150,569.195984,192.520187,15.236633,32.588348,0.721317
1150,570.179688,193.528458,23.576843,53.172546,0.651126
1150,570.801941,182.315857,24.265930,53.598648,0.148760
1150,559.539612,179.467743,25.009033,54.838959,0.148760
1150,568.835815,203.256561,12.919678,31.110168,0.072914
1150,562.010559,185.863083,20.861755,43.609909,0.056130
1175,569.338623,193.086441,18.161438,39.561111,0.996861
1175,571.159241,198.005310,19.541626,40.169464,0.996861
1175,568.272583,188.742935,25.970337,55.688141,0.996861
1175,572.994995,184.198303,17.446533,39.164230,0.916331
1175,571.051331,198.705841,14.283997,31.106689,0.336653
1175,568.604065,199.030548,13.714417,29.445389,0.336653
1175,567.735718,191.886810,13.974609,29.153412,0.336653
1175,571.259888,181.474182,25.330383,56.555405,0.097565
1175,577.112671,189.635742,26.245605,56.729782,0.058346
1200,575.776245,194.225189,19.980896,43.093796,0.995517
1200,577.647156,200.828506,16.465515,34.880600,0.995517
1200,569.188538,201.021500,12.703674,27.011826,0.865000
1200,577.627625,185.181931,17.063721,37.943634,0.830466
1200,583.276062,193.995758,23.511047,50.728867,0.515697
1200,565.144714,185.836395,23.654785,51.222855,0.089232
1200,571.308105,190.276062,27.719910,60.031387,0.044696
1450,11.662537,200.502197,17.496044,37.781921,0.841275
1450,11.135835,208.797653,19.117115,40.982849,0.841275
1450,14.438946,213.081360,14.759060,31.988647,0.841275
1450,9.061642,200.136581,21.327951,46.110321,0.696621
1450,3.390384,211.754654,17.626307,37.566681,0.487189
1450,4.282852,215.268402,13.791397,31.591309,0.487189
1450,4.377260,204.250565,14.795025,31.608704,0.229728
1450,4.569949,199.552963,16.349012,42.709122,0.229728
1450,5.216186,204.967590,18.123816,50.747330,0.200571
1450,9.081565,204.947937,24.226936,54.019836,0.122668
1450,13.683010,219.505264,16.754433,35.401459,0.084715
1450,16.579441,222.222534,12.548197,30.438889,0.084715
1475,18.722694,200.295822,17.107006,37.931000,0.224476
1475,18.655905,210.583740,16.626482,34.621231,0.224476
1475,19.658085,214.480484,13.035431,29.039993,0.224476
1475,15.426618,198.166245,21.662754,46.034073,0.067838
1475,19.117691,204.096634,13.712353,30.162491,0.057308
1500,209.294144,206.702194,14.510147,31.677673,0.992447
1500,206.527878,201.021088,19.653839,42.369171,0.992447
1500,37.818405,204.902451,15.054161,33.165085,0.987979
1500,36.710892,211.441788,13.646912,29.457672,0.987979
1500,201.926361,214.836777,10.535156,21.859314,0.927408
1500,34.699615,195.848724,17.391106,38.478439,0.884142
1500,43.127014,206.841965,13.429970,29.221008,0.702563
1500,46.243488,207.095657,12.049641,26.629135,0.702563
1500,43.466389,212.280075,13.274025,28.795975,0.702563
1500,46.643597,214.079117,11.700592,26.579742,0.702563
1500,39.900906,208.578613,16.219231,34.329361,0.702563
1500,38.852356,201.613892,19.777378,42.105118,0.702563
1500,211.121292,204.530609,13.205353,28.272812,0.693672
1500,211.613495,201.430878,11.255890,26.814117,0.693672
1500,34.305248,209.753876,18.906887,41.643417,0.663920
1500,34.542858,212.941864,14.951633,34.383972,0.663920
1500,201.960541,208.668365,10.286163,22.365128,0.531027
1500,37.307663,201.698898,13.012753,27.625534,0.230919
1500,208.924377,212.512115,14.672150,30.617004,0.213883
1500,211.273575,217.260620,10.153580,26.479126,0.213883
1500,32.324390,198.533432,20.698658,44.236404,0.117032
1500,42.639938,195.222717,22.541092,49.544296,0.117032
1500,36.876770,219.802124,10.707638,26.222183,0.070812
1500,41.821152,216.025314,15.467476,33.257736,0.061530
1500,200.549835,205.412231,16.981171,35.952240,0.047714
1525,173.804657,205.280823,15.390839,33.404037,0.994626
1525,174.095230,196.577744,19.114822,41.299133,0.982379
1525,177.297470,203.377884,13.509247,29.216507,0.932217
1525,168.839493,206.959457,11.933182,26.268402,0.862642
1525,172.478134,199.121643,21.540726,48.087906,0.489649
1525,14.610575,215.729965,13.424694,29.065201,0.237587
1525,13.978804,206.068314,13.955240,29.703354,0.237587
1525,9.861966,209.686890,17.835178,39.152969,0.237587
1525,175.620026,212.664017,14.431137,29.711380,0.167280
1525,178.346985,217.115601,9.957504,25.939758,0.167280
1525,167.792587,204.138474,17.327240,36.000229,0.078159
1525,164.497009,197.357452,21.762329,46.159012,0.056621
1550,149.555618,204.265640,16.144943,35.170898,0.995347
1550,147.245682,203.140045,15.800674,34.568481,0.995347
1550,148.897507,199.648682,15.124100,33.030350,0.987193
1550,147.122330,196.576035,19.632751,42.687454,0.987193
1550,68.915215,205.132370,15.418320,33.804169,0.970547
1550,68.550049,211.783646,13.645149,29.842590,0.970547
1550,137.950150,216.134506,10.298721,21.213455,0.918050
1550,65.744263,196.374191,17.673553,38.711685,0.718153
1550,67.338470,214.286255,14.366005,33.753586,0.579411
1550,66.693863,211.945511,18.278275,40.438538,0.579411
1550,153.945847,205.984192,13.602188,29.038498,0.408538
1550,157.298538,205.835022,12.302109,26.764526,0.408538
1550,155.041931,210.645233,13.226883,28.034897,0.408538
1550,153.718582,193.714691,21.544250,46.637405,0.373768
1550,150.757950,190.750366,18.184250,41.477325,0.311603
1550,75.305138,207.045120,13.261505,28.918182,0.238535
1550,78.346977,207.242798,11.681908,26.201309,0.238535
1550,75.557068,213.337036,13.211967,28.358444,0.238535
1550,71.407021,202.841019,16.395714,35.319061,0.238535
1550,146.902069,213.295959,14.076431,29.724564,0.191629
1550,148.548233,217.081818,9.898315,25.428116,0.191629
1550,143.154449,201.555161,22.456909,47.645569,0.174039
1550,69.161812,220.973175,10.215950,25.316666,0.061645
1550,62.551064,198.012665,22.255157,47.227554,0.051248
1550,72.964935,194.805786,23.075386,50.572906,0.051248
1550,67.261879,202.117813,14.815559,30.143738,0.042814
1550,68.590721,199.348907,10.763802,25.680954,0.042814
1575,144.840057,201.924210,18.170395,38.986664,0.996304
1575,143.353088,195.041016,22.044281,47.567108,0.991435
1575,136.973297,205.852310,12.689667,26.745514,0.665231
1575,146.939545,214.126801,11.189209,28.568390,0.527817
1575,150.992676,191.622559,22.286743,49.135498,0.477721
1575,47.801933,215.493149,12.410843,27.002243,0.403873
1575,46.673573,208.150452,13.902542,29.913864,0.403873
1575,44.818817,211.816177,14.965664,32.368042,0.403873
1575,133.556564,194.998901,23.545486,48.813843,0.126121
1575,137.278671,202.671661,17.979340,37.212524,0.089725
1575,46.150299,216.423859,17.285336,38.246277,0.044922
1575,149.533539,188.937286,19.174225,43.749054,0.037034
1600,151.319351,201.535172,17.910080,38.959579,0.991299
1600,148.382828,201.501755,16.574005,36.078766,0.991299
1600,148.929626,193.701019,18.593521,40.658585,0.991299
1600,146.688232,197.344360,20.573685,44.062317,0.988920
1600,148.043335,196.078232,15.508804,35.543304,0.934595
1600,146.917984,186.011093,24.561386,52.757599,0.927751
1600,153.288910,192.395660,21.368790,46.224655,0.898106
1600,154.356476,200.076385,16.105804,34.329102,0.741630
1600,154.792526,194.654648,15.574493,33.685913,0.397572
1600,152.496124,202.249512,20.319534,47.462799,0.106654
1600,153.200027,209.032684,16.397964,36.504852,0.106654
1600,143.373428,194.947006,24.973526,53.253006,0.099009
1650,211.950577,191.754684,22.661774,49.513870,0.994702
1650,207.612396,187.039185,27.246109,59.929276,0.994702
1650,215.951035,192.775620,23.331818,50.539398,0.959276
1650,217.987991,197.273926,18.336975,37.701294,0.956466
1650,127.955109,206.724731,12.595200,27.309250,0.940187
1650,128.887955,213.577744,11.871384,26.214752,0.940187
1650,125.493797,202.668564,15.654350,33.556244,0.940187
1650,125.914726,209.190094,15.068474,32.271530,0.940187
1650,210.280258,200.075226,20.241272,46.635727,0.888692
1650,204.854126,197.752274,24.645630,53.595215,0.798812
1650,216.248596,180.652954,26.240509,57.617935,0.587352
1650,215.894852,204.393799,20.476776,46.018829,0.444502
1650,212.948715,188.105606,29.330170,65.151001,0.299154
1650,127.966118,199.440567,13.620552,27.616150,0.094433
1650,130.747192,198.122421,9.825516,23.079071,0.094433
1650,205.277802,179.565002,37.946320,80.107971,0.075892
1650,197.930862,183.127655,27.579025,61.631073,0.045493
1675,328.918518,186.109970,28.632690,61.823532,0.994508
1675,333.486145,194.003403,21.297150,44.034149,0.994508
1675,328.594055,192.732315,20.055359,45.073059,0.974564
1675,326.578461,195.545380,23.723267,52.518921,0.974564
1675,339.260345,193.487427,20.468262,45.991577,0.921532
1675,333.441467,196.841080,25.483521,55.735397,0.495059
1675,336.730896,188.528061,26.222076,57.114777,0.488671
1675,331.754730,182.447449,21.226624,48.839050,0.332009
1675,320.779480,178.876419,25.909271,54.525528,0.110810
1675,319.123718,171.262314,31.066986,70.300400,0.092898
1675,143.066696,205.602356,12.034027,25.669907,0.087565
1675,140.397293,201.686234,14.782684,31.547516,0.087565
1675,144.021225,211.483185,11.640640,25.242950,0.087565
1675,141.382050,207.570160,14.235489,31.508987,0.087565
1675,318.371674,188.437454,30.613647,68.470688,0.078362
1700,494.627258,183.615250,27.537292,60.368011,0.993015
1700,495.293671,196.105316,24.084930,51.211166,0.993015
1700,499.219025,190.221832,22.165558,49.687057,0.982176
1700,498.227020,194.178177,26.949432,55.036957,0.982176
1700,491.029480,186.618805,22.635681,50.094559,0.729521
1700,487.672821,193.324493,23.473755,51.297379,0.729521
1700,489.290924,191.301544,26.629791,59.112442,0.661277
1700,500.918304,177.614273,28.674652,65.883148,0.594283
1700,148.905609,207.166595,11.432968,25.138550,0.532702
1700,149.724152,212.049423,10.493118,23.715714,0.532702
1700,147.611176,203.263062,14.319168,30.764603,0.532702
1700,157.452484,207.051804,11.531876,24.273834,0.510580
1700,153.991913,202.955994,14.305405,30.123047,0.510580
1700,158.142242,211.449402,11.136230,24.435349,0.510580
1700,160.691833,214.359634,9.893616,22.878647,0.510580
1700,154.853912,207.898758,13.925827,29.894592,0.510580
1700,153.282547,202.955704,18.271820,39.765182,0.134038
1700,146.403122,202.729050,18.225586,38.920486,0.091409
1700,145.586670,193.312042,16.673309,37.429489,0.091409
1700,504.133270,206.003098,20.692230,48.072052,0.036118
1700,489.947815,172.030411,39.752869,85.324753,0.034189
1775,405.010895,229.232834,13.074524,28.346756,0.041588
1775,404.552887,220.793030,13.909882,29.871796,0.041588
1775,402.687561,217.777985,16.484039,36.994644,0.041588
1775,404.053436,222.115524,11.691956,25.090790,0.041588
1825,180.352432,170.808441,39.100708,82.996048,0.988419
1825,188.955887,180.763290,33.605881,75.632675,0.895608
1825,175.421509,180.916183,33.310501,73.860519,0.871675
1825,186.126938,170.938049,41.283524,91.534241,0.830933
1825,172.691833,171.545059,41.356827,88.282333,0.469077
1825,189.464294,188.017410,23.295227,51.006683,0.366259
1825,179.821564,185.065186,38.943573,87.626068,0.210571
1825,183.986664,170.365143,29.283218,62.870850,0.209461
1825,195.853790,180.020279,33.700302,77.215073,0.142253
1825,185.049042,186.891449,30.908096,70.515930,0.093123
1825,174.171204,166.356140,50.139999,103.419617,0.083717
1825,194.557007,162.587219,34.038773,76.407700,0.047428
1825,198.706100,190.116470,23.551987,49.163712,0.046555
1850,461.077576,166.443420,41.559326,90.561829,0.988202
1850,460.545563,182.851730,37.115906,77.885880,0.978260
1850,469.428040,175.677200,36.197418,79.700806,0.976596
1850,477.965576,182.625305,31.643768,71.972702,0.635481
1850,471.395782,165.966431,42.388885,95.377991,0.575824
1850,462.111206,184.448425,28.861908,67.735184,0.546899
1850,475.469818,189.976547,23.252441,49.905884,0.322835
1850,457.258270,171.020157,35.862244,77.807281,0.305616
1850,466.120056,182.153870,40.225342,89.008209,0.134488
1850,467.134766,167.929108,32.268158,78.808273,0.133784
1850,483.758026,188.296600,28.158112,61.792618,0.049067
1875,211.619385,207.310486,12.348969,27.015305,0.765686
1875,211.734024,213.543488,11.515244,24.533661,0.765686
1875,210.448868,208.510788,14.982132,30.851730,0.256878
1875,208.431259,195.091522,16.893723,36.318832,0.256878
1875,201.522675,216.789474,9.760483,20.349701,0.230973
1875,201.112213,207.696777,10.146072,21.534027,0.115481
1875,208.692078,214.501038,13.511169,30.346542,0.089832
1875,207.989197,212.253204,17.105026,37.761673,0.089832
1875,211.963882,200.366089,12.127884,25.806534,0.039111
2050,35.290398,198.622406,23.115002,49.627441,0.989090
2050,34.369225,200.330658,18.775414,41.061325,0.989090
2050,32.337940,189.684128,23.680824,53.013626,0.989090
2050,40.146236,188.445236,23.344704,50.795395,0.986699
2050,34.885559,196.106796,16.707310,38.079773,0.752114
2050,38.698265,199.180054,18.981205,39.662460,0.741289
2050,42.804440,200.840805,16.060040,33.866211,0.741289
2050,43.529907,207.721878,15.517498,34.433167,0.741289
2050,38.720715,209.233994,18.447880,41.898926,0.362804
2050,37.039982,198.190399,25.566750,56.855560,0.238982
2050,33.264893,208.047836,18.049503,39.964066,0.174006
2050,35.119858,214.056305,13.303005,31.983444,0.174006
2050,43.634430,195.375961,14.869049,30.617096,0.076576
2050,25.217108,200.083664,22.905455,47.461136,0.063113
2075,114.397217,200.998062,18.251541,39.012436,0.993124
2075,117.974686,199.352310,20.875732,46.267990,0.979823
2075,119.120003,187.752136,22.401405,49.377029,0.979823
2075,105.565231,212.980316,12.002495,24.466263,0.744590
2075,120.106155,200.428879,16.533508,34.920319,0.257513
2075,125.051338,208.940567,13.357765,30.406921,0.257513
2075,101.721565,192.317673,25.514755,52.714844,0.150094
2075,114.154282,211.454697,15.240753,32.669464,0.098976
2075,117.584961,191.574310,19.442841,43.780441,0.055695
2075,123.731064,194.675552,14.368744,29.856201,0.055695
2075,105.268486,201.128159,19.307388,40.698318,0.046606
2100,192.189987,198.643555,19.727722,42.514633,0.994514
2100,189.929657,189.995407,24.472473,53.217850,0.994514
2100,185.255356,194.531860,19.127747,43.027985,0.732606
2100,182.102020,191.269821,24.808563,50.992157,0.367251
2100,192.288071,208.711182,16.303680,34.842194,0.119736
2100,194.433899,214.048798,11.871994,29.255447,0.119736
2100,199.017349,196.118912,21.823364,47.858215,0.062479
2100,198.267914,200.445114,16.545532,35.909668,0.049852
2100,195.529739,198.369522,20.585510,43.482346,0.049852
2100,197.091888,187.731003,20.188568,45.876282,0.049852
2150,326.360626,199.451874,18.595337,40.113403,0.994871
2150,328.011658,196.466965,21.868103,47.987869,0.994871
2150,322.977539,189.154205,21.239105,46.134842,0.994871
2150,320.685883,191.372025,24.861755,54.730591,0.994871
2150,324.339233,193.252731,17.271667,38.106827,0.948286
2150,329.394073,196.044388,18.380005,38.259552,0.861593
2150,333.313354,193.391190,14.852783,32.963303,0.722583
2150,323.624512,202.947113,17.604065,40.800476,0.653733
2150,328.996918,206.388123,17.833405,40.206726,0.318526
2150,325.927124,176.720932,27.693695,61.084930,0.109274
2150,316.945312,178.356339,27.872070,62.303391,0.109274
2150,316.666992,194.850204,25.348511,53.787811,0.040772
2175,389.710785,197.350952,18.506073,40.222763,0.993927
2175,392.475159,195.663223,21.384460,47.180359,0.993927
2175,383.752777,190.332077,25.402649,55.355347,0.993927
2175,391.335052,188.859970,27.418854,57.718735,0.993927
2175,388.566864,188.902969,22.490143,48.980850,0.991051
2175,394.894135,199.278549,16.892334,35.340576,0.980015
2175,388.183258,193.627686,17.348358,37.749115,0.928040
2175,396.896790,194.154587,15.214630,33.538910,0.800489
2175,386.859344,202.479446,17.462646,40.970047,0.452867
2175,393.533722,205.250122,17.438324,40.234833,0.232737
2200,455.394348,198.912796,16.904236,37.088699,0.995136
2200,457.485962,197.056900,19.924896,44.410614,0.995136
2200,451.100037,197.919052,21.678314,44.954468,0.995136
2200,456.412659,190.658218,25.841248,54.586029,0.995136
2200,453.852020,190.127075,21.858307,47.394211,0.990751
2200,453.062164,194.419983,16.492218,35.413803,0.927025
2200,457.587097,195.285828,17.408295,37.319733,0.925674
2200,460.823944,194.761749,15.396118,33.006256,0.925674
2200,451.435364,203.519226,17.425201,41.032028,0.384163
2200,457.653778,205.004227,17.562286,40.501541,0.361680
2200,444.228271,193.929367,26.455902,56.994400,0.033182
2225,517.156250,196.519684,20.100403,42.179688,0.995827
2225,521.437500,197.552155,18.319702,39.321762,0.989449
2225,515.983704,193.437958,23.517517,53.552139,0.985402
2225,517.340210,194.369492,16.455383,35.072006,0.912549
2225,524.169189,194.468796,15.825256,34.054535,0.898003
2225,515.655212,203.245010,17.759521,42.137589,0.367421
2225,519.556885,198.076233,22.993835,53.227539,0.278172
2225,521.127136,204.791580,18.102844,42.032486,0.278172
2225,508.373230,193.711426,27.035522,58.506989,0.036801
2250,582.302551,195.864990,18.276428,40.143372,0.992880
2250,583.295044,195.158951,21.637207,47.568588,0.992880
2250,578.154053,189.058563,22.691284,49.528503,0.992880
2250,585.071045,188.803146,22.724365,49.201981,0.969371
2250,579.625916,193.073776,18.274658,39.391205,0.963744
2250,578.583130,196.412521,23.448853,52.323257,0.662629
2250,579.250061,201.427261,17.811890,41.935669,0.662629
2250,584.860657,193.005890,17.498413,37.322647,0.443535
2250,588.648926,193.373398,14.707214,32.445312,0.443535
2250,587.747498,204.345001,16.097717,35.013565,0.404569
2250,585.113037,206.928223,18.131409,41.248856,0.096679
2275,642.484192,218.235352,10.873901,23.774185,0.098051
2300,677.639587,210.454407,15.415588,34.266159,0.949728
2300,676.281433,206.802734,14.897827,31.983398,0.949728
2300,676.461853,213.550644,13.526306,28.831543,0.949728
2300,682.126587,206.806244,17.436462,37.264053,0.122569
2300,676.385193,218.950500,12.016785,28.874649,0.106030
2300,682.643311,204.707840,14.706421,30.748352,0.049979
2300,681.231812,212.964752,15.068298,32.854156,0.049979
2300,686.497620,205.933075,12.010315,26.522568,0.049979
2300,686.817200,215.883347,11.753601,26.516953,0.049979
2325,281.478668,190.476105,21.292084,48.869064,0.991867
2325,280.897156,199.254074,18.231812,40.135620,0.982170
2325,278.257324,195.806488,22.379913,48.150940,0.982170
2325,276.316223,194.491028,20.286163,44.038727,0.929257
2325,282.494934,197.182968,24.157318,53.317993,0.407410
2325,271.799866,198.043243,24.889191,54.171036,0.407410
2325,290.235046,196.304214,20.777985,43.914551,0.297833
2325,279.623413,194.757828,17.466766,35.835342,0.178985
2325,277.628906,192.529510,15.635864,32.877502,0.178985
2325,280.937347,179.897568,26.474457,60.549591,0.081483
2325,275.341980,186.076157,31.837158,66.660721,0.066484
2350,441.630005,203.261658,16.640045,35.762207,0.991189
2350,436.682709,194.692215,20.720337,45.177383,0.991189
2350,441.662201,193.368439,21.440277,46.182846,0.991189
2350,210.835007,207.925873,14.048294,30.489059,0.987550
2350,208.161072,201.935562,18.994476,40.848206,0.987550
2350,438.595001,203.913345,16.724426,36.135529,0.984311
2350,436.995453,196.241211,15.718292,33.530365,0.937758
2350,201.516953,215.849335,8.824432,19.739441,0.879474
2350,203.219208,215.938812,9.939331,20.786514,0.879474
2350,434.900635,202.729858,20.895111,44.947296,0.844528
2350,443.217987,197.820786,16.332214,33.682846,0.810261
2350,440.166473,204.906204,21.376556,43.308868,0.807115
2350,203.017761,209.017288,9.740067,21.306839,0.798256
2350,201.529541,209.319565,9.056915,20.102509,0.798256
2350,212.288986,203.862320,12.083237,25.947769,0.669627
2350,212.438019,200.594513,10.304443,24.406860,0.669627
2350,209.936966,213.730194,13.990051,29.451233,0.071819
2350,211.772171,217.920822,10.000763,25.260117,0.071819
2350,427.487457,205.759094,9.994263,21.211731,0.051476
2350,204.637543,204.160080,22.606796,46.861435,0.042151
2375,153.217133,208.016006,14.423080,31.931046,0.983504
2375,157.504333,206.637253,13.997437,30.074310,0.983504
2375,152.675842,205.227158,18.431290,40.187302,0.983504
2375,505.669983,199.799667,15.625000,32.964096,0.966846
2375,509.604980,200.395477,14.295776,30.768616,0.966846
2375,510.184845,206.577408,13.413361,30.328064,0.966846
2375,506.672302,203.677414,16.621887,36.158844,0.965491
2375,506.154877,192.498688,19.337250,42.143906,0.965491
2375,502.434570,204.499283,18.302246,38.563232,0.878911
2375,155.409897,198.568771,17.399704,38.501221,0.865570
2375,152.079849,196.604141,17.881912,40.083679,0.539473
2375,159.989120,203.253998,11.565186,25.298630,0.447722
2375,508.006073,201.261154,20.696442,46.614807,0.286576
2375,509.198944,207.989944,15.563446,36.037308,0.286576
2375,503.551422,195.784561,11.856720,25.867142,0.222076
2375,505.983734,208.497406,11.484772,26.142700,0.218101
2375,149.552811,207.652298,17.120163,37.251465,0.201761
2375,508.362091,192.906921,20.957672,47.521774,0.180283
2375,500.301636,193.907547,20.870422,45.770142,0.180283
2375,150.738419,211.036926,13.360107,31.418152,0.144537
2375,152.889984,203.119614,12.264389,26.289856,0.049645
2375,151.427078,199.839188,10.331421,22.947922,0.049645
2375,157.620285,213.288055,14.011307,29.179382,0.039035
2375,160.856064,218.119141,9.826126,25.151550,0.039035
2375,155.481461,199.962662,20.794708,47.634186,0.034701
2375,147.312912,201.110397,21.005142,45.812042,0.034701
2400,89.217377,209.078171,14.038979,30.470078,0.983997
2400,87.771347,205.893936,18.178154,37.953537,0.981727
2400,93.638229,207.849136,13.746124,29.782074,0.981066
2400,90.471443,197.878967,18.039192,40.004044,0.819585
2400,90.544098,211.131882,16.917419,35.884094,0.769228
2400,84.684265,203.356888,18.092270,39.436264,0.667795
2400,86.749519,198.380707,18.600479,40.743423,0.649095
2400,88.036789,221.243805,10.116692,25.467072,0.561702
2400,87.336403,211.357605,13.347267,31.404312,0.492375
2400,92.611847,205.296692,17.472641,37.401062,0.364192
2400,93.326607,203.888214,13.501732,26.386322,0.233452
2400,98.032860,200.792480,9.482597,23.049057,0.233452
2400,544.355774,202.655472,12.568420,27.102921,0.233273
2400,546.245605,210.250763,11.073364,25.161011,0.233273
2400,537.624756,204.570343,11.425842,24.238815,0.212618
2400,540.001709,193.613403,22.420715,48.483231,0.180347
2400,95.851349,218.128296,10.409531,25.954224,0.079252
2400,542.256592,194.728500,15.752319,36.406937,0.078542
2400,545.122437,197.360519,12.616333,27.242798,0.078542
2400,87.560242,203.671051,12.883919,27.129700,0.046324
2400,86.794945,200.132217,10.420212,23.817993,0.046324
2425,15.220119,206.000046,17.497829,38.005402,0.986353
2425,12.925573,211.323334,19.338549,41.386948,0.976573
2425,16.616680,217.217239,13.925833,32.458405,0.871561
2425,11.777144,205.773209,23.248482,50.067780,0.710014
2425,21.116964,208.785049,17.578848,37.927063,0.219700
2425,16.357609,202.333038,16.702351,34.077255,0.076342
2425,17.071781,199.621506,14.093651,29.238083,0.076342
2425,13.408272,222.693222,17.196693,40.340164,0.065476
2425,569.903931,214.556747,9.849976,20.780273,0.058686
2425,569.739807,208.117310,10.681030,22.560516,0.053220
2900,140.003632,196.781677,22.646622,48.464355,0.122436
2900,133.543121,188.480621,34.765610,73.974701,0.069587
2900,149.588257,201.830872,23.244995,51.766693,0.068458
2900,138.381165,196.002075,27.803879,58.868942,0.055622
2900,135.377869,196.914001,21.195862,47.186142,0.054890
2900,131.198547,186.194336,24.638901,54.330093,0.054890
2900,133.085236,193.929443,28.941452,62.251953,0.043119
2925,398.177277,198.335800,23.852448,51.484772,0.987761
2925,399.035309,211.571915,22.052948,45.029404,0.987761
2925,403.560242,203.741318,24.121460,53.149429,0.914397
2925,393.180664,205.119949,18.664001,41.636642,0.860807
2925,392.348114,200.011993,25.328430,52.184189,0.860807
2925,398.168060,200.388474,19.133392,43.407654,0.659388
2925,389.369476,207.713379,22.932251,47.866089,0.551423
2925,386.198334,197.302567,28.768494,61.628342,0.551423
2925,409.903900,211.151520,17.625641,38.306534,0.240830
2925,404.735840,211.322159,24.918671,51.048782,0.240830
2925,394.443298,208.414047,27.899353,60.699509,0.199124
2925,408.992676,195.642105,22.904755,50.897293,0.142621
2925,386.231232,192.977615,24.921661,52.812363,0.130660
2925,391.926361,213.182007,13.974091,30.334015,0.035010
2950,614.152283,216.582779,20.456299,44.207321,0.985918
2950,608.985596,215.674454,20.139832,43.406631,0.985013
2950,606.694580,209.944580,25.745850,56.183350,0.985013
2950,614.547974,207.630829,23.973389,51.840149,0.976342
2950,612.850098,226.666153,17.250061,35.710831,0.968580
2950,612.132874,212.913910,26.037231,58.983459,0.804475
2950,618.682129,217.612076,17.459778,35.897430,0.724461
2950,618.376953,222.101273,18.440125,39.352066,0.724461
2950,601.233398,224.522171,13.340332,26.270111,0.573669
2950,603.363647,228.038971,11.625366,24.047150,0.573669
2950,603.926025,212.831497,18.006592,41.474777,0.322877
2950,602.463379,211.189529,24.208252,50.314194,0.260601
2950,601.706299,219.241226,12.621521,27.208267,0.243705
2950,600.936401,220.559586,11.068176,23.649597,0.243705
2950,597.793396,208.526520,25.307617,55.046570,0.083722
2950,621.610291,231.473068,15.189392,33.949814,0.068772
2950,605.195984,199.186905,35.407593,74.308517,0.065582
