25,83.120,210.500,23.150,31.564,0.0163120
25,136.321,209.177,24.754,39.519,0.3332800
25,95.912,211.820,21.157,28.656,0.0282680
25,656.223,203.090,28.330,59.307,0.9545260
25,534.962,208.444,32.074,47.510,0.0609090
25,630.724,205.676,32.474,50.734,0.0600810
25,105.974,212.194,21.332,29.267,0.0344640
25,124.855,214.087,20.722,28.838,0.0131840
25,247.957,146.272,110.797,181.785,0.9998470
25,80.858,207.720,28.801,36.962,0.6217250
25,136.321,209.177,24.754,39.519,0.0336180
25,95.912,211.820,21.157,28.656,0.0287090
50,655.419,212.178,27.941,49.640,0.9135810
50,679.550,204.731,27.163,54.312,0.1721310
50,40.196,202.113,29.812,41.487,0.0561340
50,528.711,135.778,113.437,126.025,0.0087820
50,161.231,171.129,65.361,120.106,0.9999980
75,13.602,178.024,54.704,77.768,0.0106450
75,467.631,202.183,26.295,48.043,0.0160690
75,454.314,204.470,26.887,45.665,0.0074880
75,13.602,178.024,54.704,77.768,0.3193470
75,73.564,199.226,33.806,47.143,0.0130990
75,218.115,177.441,49.880,96.592,1.0000000
75,497.410,6.749,224.590,473.862,0.9931510
75,459.324,152.563,262.676,187.399,0.0734420
75,103.904,197.302,24.750,42.974,0.0300110
75,544.660,122.323,143.056,245.371,0.0169220
100,45.319,179.287,51.278,82.663,0.0345350
100,30.608,187.369,33.193,72.505,0.0234720
100,189.622,191.604,32.496,70.562,0.0077120
100,25.170,181.153,49.319,82.099,0.6650660
100,45.319,179.287,51.278,82.663,0.8562570
100,190.733,189.344,42.214,79.705,0.9984660
100,248.047,123.615,135.451,228.743,0.9975490
100,11.469,194.380,26.904,48.203,0.0333540
100,76.135,192.694,32.192,62.168,0.0322900
100,185.157,188.552,33.173,60.227,0.0066700
125,259.604,205.439,22.126,48.634,0.0095300
125,73.923,184.938,53.127,84.431,0.3042170
125,7.318,201.663,29.308,46.439,0.0083480
125,449.483,105.444,157.596,255.371,0.9999980
125,95.594,138.001,99.370,170.959,0.9883510
150,153.679,136.938,98.120,202.098,0.9983690
150,14.316,195.332,52.083,98.485,0.8697600
175,392.639,182.259,61.384,107.620,0.0169810
175,363.262,198.786,49.229,77.338,0.0749040
175,8.848,195.785,47.075,87.541,0.4202660
175,50.619,203.101,29.410,48.637,0.0266420
175,64.595,204.980,29.506,45.949,0.0147610
175,108.412,148.693,80.374,155.219,0.9998890
175,395.413,182.982,56.429,97.031,0.9953750
175,372.181,189.143,57.586,86.811,0.7195710
175,36.638,201.804,29.756,53.973,0.0076840
200,124.856,165.416,78.878,126.470,0.9999690
200,38.350,190.649,53.294,97.995,0.9987740
200,604.297,142.702,91.585,263.269,0.5751370
200,7.371,204.546,25.544,45.959,0.4493720
200,21.936,203.338,28.346,49.814,0.3125260
200,31.983,202.489,32.701,57.118,0.0057130
225,548.114,199.919,33.734,75.960,0.7113350
225,574.798,186.306,31.032,84.896,0.5433570
225,65.685,199.306,30.151,56.311,0.0085850
225,154.252,178.971,59.197,102.637,0.9993080
225,123.265,196.273,32.331,59.968,0.9989840
225,222.940,200.892,35.319,55.734,0.9979130
225,75.478,189.182,42.816,98.528,0.9942980
225,548.114,199.919,33.734,75.960,0.0147700
225,190.513,200.636,30.073,61.545,0.0094610
250,248.362,204.044,29.886,52.040,0.1063520
250,248.362,204.044,29.886,52.040,0.0163380
250,8.478,197.501,26.311,40.869,0.0322600
250,295.103,189.103,63.378,82.484,0.9998550
250,191.786,178.384,49.373,99.990,0.9998330
250,121.825,186.864,45.884,86.392,0.9947220
250,123.312,202.184,29.481,55.140,0.1016730
250,4.867,199.675,17.368,33.331,0.0160660
275,287.854,211.498,33.856,52.172,0.0175410
275,327.135,213.621,30.202,47.871,0.0145730
275,419.328,196.232,32.648,75.629,0.0343140
275,294.288,205.593,34.048,55.197,0.0102120
275,111.001,203.601,28.517,49.714,0.1899690
275,145.937,203.366,34.856,57.964,0.8299310
275,327.135,213.621,30.202,47.871,0.0302540
275,531.672,189.274,80.368,124.883,0.9976070
275,190.888,198.301,50.128,76.465,0.9999410
275,416.999,200.647,35.479,81.047,0.9818180
275,128.490,199.742,45.442,72.470,0.9755690
275,11.592,206.042,27.745,39.728,0.0330320
275,22.760,208.175,21.444,33.382,0.0065690
300,568.722,211.879,29.230,61.955,0.1766000
300,305.225,205.787,38.190,60.870,0.0100060
300,324.896,205.776,30.116,62.029,0.0583790
300,307.002,203.549,37.110,57.467,0.4798300
300,491.979,190.376,57.332,106.785,0.9998510
300,86.627,192.707,49.368,71.008,0.9919220
300,149.252,197.116,44.347,68.388,0.3872240
300,324.896,205.776,30.116,62.029,0.0404850
300,83.359,200.866,28.076,51.936,0.0064970
325,20.704,187.991,33.615,69.932,0.1033690
325,656.238,167.468,54.507,127.337,0.0590360
325,71.988,188.039,36.630,68.116,0.0115080
325,23.133,188.635,33.581,60.255,0.1636750
325,59.717,187.212,79.368,66.358,0.0114350
325,103.830,193.846,32.989,50.058,0.0218320
325,12.003,190.100,28.349,57.377,0.0076740
325,661.500,161.439,48.740,153.780,0.8523230
325,366.270,205.360,32.255,50.640,0.6515290
325,71.897,184.901,36.730,64.894,0.9241160
325,92.112,190.440,31.464,54.115,0.0294570
350,318.443,193.784,42.767,72.435,0.0430910
350,673.344,192.260,30.469,90.521,0.2813610
350,612.878,208.121,30.380,64.932,0.0309410
350,6.229,184.026,28.585,63.154,0.0371080
350,318.443,193.784,42.767,72.435,0.0520940
350,288.880,186.614,29.362,57.658,0.0734440
350,672.029,189.106,32.009,86.672,0.6730480
375,366.112,195.986,44.499,80.854,0.2085250
375,335.410,193.873,30.867,63.509,0.1672350
375,460.151,209.704,35.966,60.068,0.2368960
375,373.549,193.164,38.745,74.789,0.0114860
375,460.151,209.704,35.966,60.068,0.2203530
400,3.564,196.787,32.752,52.725,0.0180290
400,32.691,196.800,35.682,54.615,0.0069420
400,356.297,189.656,51.871,71.037,0.0147690
400,569.509,203.177,52.136,80.439,0.0970930
400,211.986,211.401,36.143,50.698,0.1265930
400,403.395,189.424,49.046,76.484,0.0087840
400,25.090,187.965,50.348,69.681,0.5509630
400,167.853,201.684,72.041,55.703,0.0243520
400,209.572,205.296,39.486,55.747,0.0081850
400,460.261,188.995,63.197,99.767,0.9372280
400,569.509,203.177,52.136,80.439,0.4770790
400,4.840,195.294,30.361,48.798,0.4865330
400,89.668,189.481,60.803,69.374,0.3994050
400,445.167,203.290,33.723,72.599,0.0644810
400,119.469,194.260,33.918,62.765,0.0211760
400,20.574,194.423,33.791,50.180,0.0088160
400,91.658,192.972,35.086,52.814,0.0076550
425,286.971,205.827,47.331,71.786,0.1979960
425,216.421,197.579,49.525,82.044,0.1201740
425,643.099,171.740,58.470,143.979,0.0379990
425,80.617,199.799,49.653,72.619,0.0103820
425,469.129,200.477,51.031,83.238,0.1555290
425,76.307,201.955,32.619,56.241,0.1061850
425,524.434,190.791,50.201,98.059,0.0969450
425,140.330,196.575,49.238,80.437,0.9387780
425,537.779,193.810,56.302,94.934,0.1141020
425,643.099,171.740,58.470,143.979,0.8621980
425,278.944,204.713,49.583,70.082,0.0939370
425,216.028,196.569,51.354,74.536,0.2888910
425,238.388,206.078,68.128,67.138,0.0106630
425,138.576,196.412,47.509,71.783,0.7852720
425,86.134,200.749,35.621,60.596,0.1500350
425,22.431,204.553,26.658,47.320,0.0258810
450,669.497,164.853,30.664,121.301,0.1602630
450,103.376,203.071,31.794,48.767,0.0405460
450,158.815,196.569,36.500,58.868,0.0064410
450,125.073,192.867,40.656,65.300,0.0090220
450,404.531,201.295,45.920,76.124,0.0649780
450,431.048,191.179,45.191,95.461,0.0069930
450,230.897,200.389,29.948,60.268,0.0732600
450,397.403,206.993,52.105,61.012,0.4347740
450,336.794,193.035,59.098,81.262,0.0072720
450,103.376,203.071,31.794,48.767,0.0173740
450,158.815,196.569,36.500,58.868,0.0336070
450,302.232,186.364,47.312,92.878,0.9993970
450,199.162,188.299,53.159,81.067,0.9992970
450,125.073,192.867,40.656,65.300,0.9794640
450,381.387,192.196,52.319,80.072,0.8418720
450,431.985,188.294,46.253,87.283,0.0341160
475,460.768,183.869,61.162,117.791,0.0198900
475,527.827,188.067,59.275,117.088,0.1115440
475,193.777,193.273,35.837,74.867,0.9986330
475,17.781,200.991,30.959,47.214,0.0058690
475,460.768,183.869,61.162,117.791,0.0406600
475,224.602,189.326,46.543,82.984,0.2344250
475,514.954,192.770,66.027,111.974,0.9943510
475,240.436,185.291,58.788,93.098,0.9934700
475,142.670,189.084,48.185,85.532,0.9988400
475,430.301,179.022,54.018,123.401,0.9706920
475,192.921,194.617,44.164,72.938,0.4787850
475,11.892,200.443,28.515,48.944,0.0211090
475,167.120,206.439,34.593,48.364,0.0090830
475,613.992,148.425,80.847,209.268,0.0074020
500,595.630,166.037,100.680,196.847,0.0101790
500,644.025,135.887,60.269,232.466,0.0258740
500,222.978,199.315,35.011,72.461,0.0073160
500,57.978,194.207,36.584,60.895,0.2085340
500,156.537,198.159,48.730,63.249,0.0089660
500,254.796,188.796,36.048,85.177,0.9788270
500,568.298,152.209,124.710,190.800,0.2304530
500,160.374,191.320,46.577,80.772,0.9998420
500,282.512,170.966,66.917,114.441,0.9997210
500,223.244,199.938,35.900,61.681,0.9975260
500,57.978,194.207,36.584,60.895,0.8436690
500,252.244,193.199,41.879,77.506,0.2505170
500,10.183,199.092,26.887,50.239,0.0297560
500,657.770,171.107,49.952,161.042,0.0088410
525,338.871,186.007,55.186,105.674,0.0174990
525,267.356,189.981,37.333,73.723,0.0066180
525,43.758,193.001,34.218,53.106,0.0112160
525,70.440,187.638,34.014,63.671,0.3449650
525,162.638,187.474,48.307,95.656,0.2795010
525,104.115,187.136,29.949,58.033,0.8018340
525,391.465,177.741,59.119,107.342,0.5477780
525,263.500,193.037,48.528,86.107,0.0242760
525,338.871,186.007,55.186,105.674,0.0114440
525,297.362,165.979,86.641,128.506,0.8766610
525,32.984,195.908,34.981,53.446,0.1406020
525,160.605,176.600,49.646,97.008,0.9560340
525,71.751,193.225,32.060,59.480,0.2521580
550,65.379,195.120,35.113,56.868,0.0089890
550,134.305,185.082,34.755,64.905,0.9522630
550,383.536,166.157,60.532,123.642,0.1941630
550,526.491,163.315,97.257,124.235,0.0091000
550,70.980,194.841,37.819,57.080,0.6760140
550,52.734,191.522,78.045,62.491,0.0075220
550,316.497,144.223,85.414,170.274,0.9999800
550,151.769,174.417,58.578,102.584,0.9997350
550,285.180,194.753,36.030,59.049,0.2060550
550,90.285,194.696,30.628,57.425,0.0364310
550,131.129,180.724,46.300,85.394,0.0204490
575,252.135,189.445,77.069,95.037,0.0079400
575,527.415,146.320,118.745,184.981,0.0946440
575,23.101,193.972,26.607,49.955,0.0266000
575,422.434,179.127,59.049,122.395,0.0054440
575,34.107,198.854,36.458,49.593,0.0061950
575,145.283,200.336,32.854,57.846,0.0109380
575,525.012,151.906,126.076,162.460,0.7240520
575,254.555,177.109,74.428,107.216,0.9882860
575,356.785,131.188,117.098,201.061,0.9998880
575,183.317,180.505,59.760,98.693,0.9998870
575,23.101,193.972,26.607,49.955,0.0101750
575,422.434,179.127,59.049,122.395,0.0092730
575,263.724,174.057,214.131,126.080,0.0065350
600,261.709,184.955,48.229,86.191,0.2283060
600,102.167,200.444,31.790,39.026,0.0121190
600,67.184,200.867,27.163,45.430,0.0169920
600,166.544,201.600,28.765,42.962,0.0163550
600,412.102,137.554,199.702,254.565,0.0055940
600,454.496,163.809,144.304,147.581,0.5413520
600,261.709,184.955,48.229,86.191,0.0188670
600,74.551,209.684,289.490,71.657,0.0059770
600,576.534,137.876,112.775,212.686,0.9923090
600,102.167,200.444,31.790,39.026,0.1018480
600,86.676,198.894,33.742,40.908,0.4203800
600,447.419,87.113,133.032,312.472,0.9999830
600,175.456,164.618,113.922,147.110,0.9988610
600,67.184,200.867,27.163,45.430,0.8825070
600,78.861,200.566,29.258,44.344,0.1849700
600,167.300,198.907,27.393,40.698,0.0566820
625,461.862,176.775,89.515,136.894,0.0220060
625,87.411,207.148,32.804,42.270,0.0149970
625,106.102,206.106,32.049,42.961,0.0128380
625,591.499,65.786,129.812,395.465,0.0765210
625,312.993,179.675,53.492,113.472,0.0467170
625,116.978,204.317,32.788,44.422,0.2152440
625,87.411,207.148,32.804,42.270,0.0248010
625,217.373,202.535,31.468,52.002,0.0989620
625,132.354,206.666,30.731,43.016,0.0141920
625,223.432,180.866,67.336,99.639,0.9990280
625,472.211,173.144,66.649,148.223,0.9899830
625,583.392,89.269,134.789,351.548,0.9887120
625,312.993,179.675,53.492,113.472,0.8994030
625,272.859,193.919,33.776,71.366,0.0286470
650,670.295,179.496,38.928,123.791,0.0174380
650,519.435,151.859,66.554,186.746,0.3600510
650,411.345,156.680,61.015,149.613,0.8331390
650,253.623,194.995,26.144,65.095,0.3096650
650,670.295,179.496,38.928,123.791,0.0114810
650,147.038,203.550,31.056,43.546,0.1043250
650,414.589,175.987,51.598,126.333,0.0660110
650,54.810,197.831,26.866,40.598,0.8356280
650,299.543,177.030,57.124,103.017,0.9999190
650,509.529,159.974,83.759,171.471,0.9451040
650,193.273,202.638,28.788,45.112,0.0199210
650,135.823,202.837,28.725,42.429,0.0152940
650,351.155,188.200,56.420,77.010,0.0143920
675,250.089,200.830,32.479,65.179,0.1369950
675,545.953,161.238,101.847,205.165,0.1054970
675,471.992,164.227,65.548,162.037,0.9922980
675,128.906,201.225,33.045,55.328,0.0057230
675,246.575,206.691,33.532,58.799,0.8672860
675,545.953,161.238,101.847,205.165,0.6644660
675,332.233,189.078,55.012,98.306,0.9997120
675,57.389,201.520,25.162,43.085,0.9976190
675,468.414,162.084,76.397,142.028,0.0270930
675,82.777,203.838,26.623,44.455,0.0078940
700,531.461,180.502,185.184,168.662,0.0921290
700,122.448,200.215,31.612,52.737,0.0117910
700,47.679,202.643,26.066,41.875,0.0053690
700,533.364,161.907,95.508,172.531,0.0189600
700,204.018,202.034,28.721,53.872,0.0080670
700,565.696,137.632,136.067,257.602,0.1953280
700,320.418,189.440,55.387,89.860,0.0125520
700,302.855,191.672,54.320,100.092,0.9481970
700,23.993,199.634,27.727,47.207,0.9888550
700,47.679,202.643,26.066,41.875,0.0714380
700,533.364,161.907,95.508,172.531,0.0465380
700,204.018,202.034,28.721,53.872,0.0226600
700,350.516,203.858,32.827,68.225,0.0118060
700,104.919,200.733,28.747,49.189,0.0115940
700,90.784,202.458,32.036,47.498,0.0060240
725,271.111,201.219,35.867,59.764,0.7034430
725,248.003,201.231,30.640,54.828,0.0207440
725,251.779,196.021,47.649,66.066,0.0116860
725,273.368,205.528,32.643,60.264,0.0087170
725,304.246,191.072,57.794,91.091,0.9999990
725,403.532,194.946,49.350,86.339,0.9965070
725,49.201,194.915,29.103,48.799,0.9873710
725,20.287,191.923,32.427,54.818,0.9708100
725,386.387,175.047,79.818,118.259,0.0376320
725,296.185,201.536,28.132,53.432,0.0219710
725,538.154,197.938,32.488,65.298,0.0093150
750,321.768,206.067,34.644,60.103,0.1498850
750,231.357,194.305,56.067,71.947,0.0051800
750,341.269,205.237,29.624,54.059,0.0194670
750,446.164,202.032,48.590,81.670,0.2432800
750,296.461,204.355,31.813,54.272,0.0065940
750,231.357,194.305,56.067,71.947,0.0159260
750,88.975,196.981,30.431,54.003,0.9093670
750,341.269,205.237,29.624,54.059,0.0348490
750,346.267,189.904,59.123,95.312,0.9999970
750,59.058,193.985,39.290,64.841,0.9996450
750,487.977,195.970,64.062,97.891,0.9967930
750,446.164,202.032,48.590,81.670,0.5726280
750,620.416,201.482,55.028,87.188,0.0050160
775,314.608,195.254,55.982,73.783,0.0099440
775,390.185,208.928,33.210,59.367,0.2225840
775,632.736,182.545,75.402,126.077,0.0132800
775,121.332,199.006,30.713,56.082,0.0362520
775,99.408,183.080,46.842,86.434,0.0250310
775,94.751,197.801,27.308,60.081,0.0265480
775,304.138,199.833,50.633,73.474,0.0171870
775,620.667,176.169,83.855,137.898,0.6977940
775,384.260,202.357,35.303,62.755,0.0150000
775,127.244,192.988,33.579,63.845,0.5631000
775,99.408,183.080,46.842,86.434,0.9191860
775,411.824,188.771,53.786,101.839,0.9999940
775,548.248,202.643,48.699,89.572,0.9840190
775,105.592,198.526,29.562,58.535,0.0233900
775,348.102,202.877,34.513,58.339,0.0089120
800,431.028,202.990,40.014,69.571,0.0062140
800,205.000,201.165,29.566,53.391,0.0206600
800,365.161,204.706,35.123,66.599,0.0120190
800,431.028,202.990,40.014,69.571,0.0071410
800,205.000,201.165,29.566,53.391,0.4929980
800,365.161,204.706,35.123,66.599,0.3503400
800,374.612,198.045,45.053,79.299,0.0416710
800,478.891,188.966,56.729,108.021,0.9999980
800,84.512,175.158,69.621,112.706,0.9999500
800,656.911,190.220,57.112,116.776,0.9986920
800,161.408,193.373,36.589,67.720,0.9820870
800,397.744,202.686,30.054,59.930,0.0059800
825,148.885,199.721,29.849,56.256,0.1205270
825,399.518,202.274,48.893,80.576,0.0163610
825,391.763,204.875,34.379,72.779,0.5203250
825,451.926,214.374,27.827,54.623,0.2620600
825,355.356,197.991,51.263,73.094,0.0276540
825,148.885,199.721,29.849,56.256,0.0372220
825,389.021,201.665,46.823,77.962,0.0435880
825,327.517,213.352,33.119,52.586,0.0155080
825,420.307,213.604,33.826,57.967,0.5604360
825,71.583,166.717,66.881,122.037,0.9999990
825,483.223,191.688,48.351,107.257,0.9995590
825,427.543,205.756,46.588,71.964,0.0503780
850,428.549,207.837,27.375,65.636,0.4215110
850,339.339,190.931,53.260,86.440,0.0073910
850,380.469,201.554,35.548,72.977,0.1568740
850,414.931,198.878,37.389,78.888,0.0407650
850,469.343,186.873,51.808,119.401,0.9938450
850,79.734,194.792,36.163,58.002,0.9994850
850,140.705,206.628,23.418,43.201,0.0119860
850,264.041,189.761,51.383,82.648,0.0119250
850,293.680,208.267,32.462,59.490,0.0107710
