25,610.322,103.363,102.100,322.169,0.0198610
25,330.852,208.740,20.690,35.133,0.0143850
25,387.936,211.055,17.383,38.132,0.0285620
25,278.338,196.411,25.864,53.120,0.9888790
25,324.830,208.162,18.835,34.815,0.0070590
25,595.760,212.743,27.679,50.001,0.0059730
25,603.515,99.445,114.751,263.002,0.9725180
25,327.544,206.597,25.956,39.195,0.7524040
25,386.721,208.871,21.404,43.072,0.4157640
25,280.243,195.665,27.111,49.068,0.0426900
25,508.496,214.217,19.449,32.172,0.0095720
50,453.635,215.772,22.635,46.143,0.1447960
50,333.646,207.083,26.684,58.369,0.0057620
50,453.635,215.772,22.635,46.143,0.0062700
50,333.338,201.832,27.638,59.958,0.9822050
50,383.239,214.469,25.355,38.029,0.9021490
50,393.571,215.762,24.933,42.249,0.6397570
75,254.651,216.852,28.638,75.780,0.7808590
75,317.469,189.161,42.157,89.084,0.0191160
75,319.912,201.119,34.454,71.965,0.9855670
75,388.507,220.121,19.654,33.697,0.1224230
75,250.466,207.275,38.893,88.837,0.0273070
100,263.325,218.484,19.033,36.024,0.0346290
100,337.646,218.280,26.682,43.577,0.0058350
100,332.283,219.064,26.457,38.029,0.1793190
100,260.023,215.486,25.032,42.585,0.1956150
100,164.807,176.274,55.367,124.679,0.9999550
100,246.589,211.841,25.830,42.582,0.5379000
100,272.324,221.280,17.152,31.774,0.0255750
100,238.699,208.414,23.835,47.360,0.0056130
125,127.634,211.669,23.405,40.970,0.3550900
125,136.812,214.538,26.693,42.226,0.4123250
125,217.570,220.733,18.435,35.890,0.0077190
125,136.869,213.177,25.019,39.016,0.1892780
125,217.570,220.733,18.435,35.890,0.5203440
125,129.567,213.562,18.788,37.593,0.0703620
125,99.202,214.133,25.646,44.882,0.9936310
150,205.511,221.609,16.797,40.379,0.3746590
150,50.563,208.803,26.907,50.865,0.0102780
150,103.223,217.273,18.177,39.508,0.2037450
150,119.622,217.595,19.113,39.103,0.4269530
150,104.434,215.295,22.212,42.501,0.9700050
150,204.000,219.084,20.145,45.921,0.6541110
150,50.588,212.721,26.175,52.405,0.9961740
150,117.686,216.002,22.909,42.628,0.5946020
175,233.998,225.620,16.736,35.998,0.3557140
175,116.289,213.821,20.740,49.869,0.0357170
175,154.770,220.947,17.247,37.092,0.0238440
175,134.174,218.417,20.072,44.211,0.9714320
175,233.998,225.620,16.736,35.998,0.2899840
175,120.148,213.831,20.840,48.917,0.9787410
175,8.913,209.382,38.404,65.556,0.9998790
175,154.770,220.947,17.247,37.092,0.0977200
175,133.130,209.602,21.524,50.122,0.0413700
200,133.418,211.801,22.481,51.860,0.9797570
200,171.296,217.520,24.594,39.241,0.9767110
200,152.850,211.229,21.663,52.387,0.9998470
200,169.985,216.459,22.980,41.621,0.5791050
200,127.962,212.157,24.709,50.510,0.0121000
225,145.173,201.548,27.697,59.674,0.1645180
225,304.893,213.905,27.125,52.116,0.0149280
225,193.770,207.909,24.625,44.055,0.0524930
225,171.083,201.687,24.697,60.085,0.9997160
225,145.722,204.760,25.814,61.398,0.7133110
225,193.770,207.909,24.625,44.055,0.9708490
250,197.697,213.163,26.403,45.181,0.4220320
250,123.504,204.967,32.365,69.882,0.9990900
250,157.162,208.289,26.013,60.927,0.9948740
250,474.520,215.601,20.831,45.853,0.0094440
250,159.566,205.253,24.390,57.198,0.0612870
250,195.879,210.444,26.620,46.481,0.8989880
250,123.925,200.618,30.871,67.550,0.0215710
275,169.231,209.319,45.541,58.953,0.0116860
275,117.070,206.251,26.120,54.666,0.0060850
275,66.873,198.215,44.871,86.682,0.9999650
275,105.651,199.338,35.440,82.719,0.9999220
275,173.670,203.602,33.665,60.628,0.9951070
275,117.070,206.251,26.120,54.666,0.0071980
300,2.000,188.442,32.170,101.264,0.7089660
300,409.782,213.617,25.719,50.304,0.1456090
300,505.199,204.605,23.574,52.201,0.3116770
300,301.155,211.451,20.232,58.520,0.0642520
300,174.015,219.363,23.874,38.235,0.0159990
300,11.495,190.444,22.088,80.434,0.0204450
300,409.782,213.617,25.719,50.304,0.6045380
300,77.120,186.799,50.301,93.647,0.9997840
325,136.775,218.209,27.197,38.927,0.5030410
325,512.922,205.028,22.350,54.120,0.2161470
325,525.609,174.088,39.182,98.123,0.0122530
325,135.848,214.299,29.238,39.781,0.1836600
350,121.003,214.823,28.339,43.234,0.0497050
350,121.258,213.268,29.782,40.172,0.0328920
350,325.900,202.484,24.444,49.427,0.0092540
375,139.031,216.589,34.423,48.966,0.0153750
375,449.864,201.472,32.307,63.229,0.9999860
400,516.602,201.559,37.640,70.731,0.2373580
400,113.035,214.704,36.090,50.856,0.3918030
400,94.534,214.114,28.571,50.364,0.0159380
400,518.426,200.366,34.957,64.363,0.2713440
400,339.970,201.128,34.682,51.595,0.0075100
425,512.165,200.802,38.297,74.757,0.1039380
425,514.622,203.237,35.048,66.785,0.9299150
450,463.908,207.375,34.054,60.371,0.9936720
475,534.198,181.473,37.553,71.644,0.3295790
475,527.914,178.530,47.434,90.903,0.9383710
475,257.830,193.713,47.502,65.881,0.8643160
500,45.247,151.800,56.034,102.750,0.9772730
500,45.247,151.800,56.034,102.750,0.0050550
575,497.376,213.083,38.637,60.101,0.9999190
600,453.944,213.547,35.268,58.597,0.9996090
625,351.995,214.737,28.219,43.485,0.9972120
625,472.820,211.428,32.877,55.427,0.9930670
650,423.610,206.810,30.305,60.515,0.9965800
650,255.523,207.608,26.749,43.290,0.9922860
675,212.981,211.494,29.295,51.091,0.9997450
675,417.417,210.982,33.250,57.398,0.9985610
700,156.571,202.806,38.227,71.241,0.9998280
700,410.478,214.874,29.281,47.687,0.3647530
700,407.601,206.714,51.286,64.024,0.0303590
725,5.945,184.398,55.964,117.306,0.9990570
725,390.606,210.535,34.091,63.884,0.9606740
725,471.058,219.517,23.187,49.301,0.2660820
725,455.294,213.017,24.092,56.594,0.2145160
750,500.588,207.958,31.108,71.516,0.0278680
750,477.060,198.250,45.853,79.644,0.2947580
750,500.588,207.958,31.108,71.516,0.7737410
750,367.932,210.861,35.483,61.922,0.9999590
775,535.220,190.357,56.122,98.387,0.0389000
775,564.024,193.637,48.468,94.637,0.3405630
775,534.668,194.511,36.710,70.132,0.0054050
775,353.227,205.106,38.566,68.203,0.9999720
775,528.184,192.672,52.142,90.604,0.9787930
775,564.024,193.637,48.468,94.637,0.8993570
800,351.072,202.029,45.554,72.834,1.0000000
825,329.675,194.683,48.878,82.527,0.9999990
850,274.138,194.123,60.766,86.159,0.9999920
875,210.273,195.722,65.454,98.597,0.9999980
900,111.075,186.137,76.628,121.811,0.9999920
925,510.922,181.600,43.606,101.278,0.9998970
925,451.325,198.663,25.055,63.759,0.0056050
950,483.523,194.493,30.189,69.746,0.7541400
950,39.378,203.437,22.613,43.889,0.0806280
950,680.551,152.870,34.107,147.074,0.0611410
950,472.090,190.654,43.118,77.737,0.0096740
975,599.535,176.991,45.844,91.362,0.9147280
975,35.609,207.535,23.051,44.589,0.0133870
975,437.338,212.244,24.604,41.052,0.0353200
975,434.646,221.024,17.794,34.171,0.0116990
1000,560.213,195.343,27.438,69.087,0.0195100
1025,125.154,210.964,22.958,38.952,0.0247530
1025,125.154,210.964,22.958,38.952,0.0249640
1075,563.473,204.177,27.024,58.495,0.9837770
1100,614.074,201.377,31.283,72.410,0.9859470
1100,245.143,216.885,19.755,32.529,0.6137380
1125,485.260,203.628,21.035,49.462,0.0842280
1125,201.635,207.131,22.771,43.728,0.7561590
1150,155.892,208.153,19.672,32.619,0.0522900
1150,139.595,208.990,18.952,31.232,0.0122560
1150,516.351,194.792,30.268,63.002,0.9983750
1150,155.892,208.153,19.672,32.619,0.0074870
1150,124.318,204.237,28.107,47.681,0.9677710
1150,139.595,208.990,18.952,31.232,0.0276930
1150,325.671,203.452,26.692,49.047,0.0184820
1150,179.587,211.097,15.945,28.933,0.0122250
1175,592.916,178.013,47.111,100.324,0.8545100
1175,530.878,191.441,27.634,81.527,0.0505050
1175,300.309,200.137,34.451,57.264,0.9952970
1200,107.688,210.177,18.389,31.516,0.0122100
1200,99.869,210.439,18.868,34.328,0.7975710
1200,328.960,201.343,25.086,47.107,0.0445450
1200,215.172,214.098,14.932,26.410,0.2000280
1200,99.869,210.439,18.868,34.328,0.0059610
1200,305.046,199.588,35.996,60.542,0.9995860
1200,328.960,201.343,25.086,47.107,0.2222080
1200,11.885,202.888,28.153,47.384,0.0080370
1200,215.172,214.098,14.932,26.410,0.0079530
1225,107.002,203.139,30.256,43.050,0.1072230
1225,365.589,192.532,44.431,70.460,0.9999210
1225,393.266,200.599,24.594,48.190,0.0447160
1225,94.202,203.271,27.069,43.745,0.0348140
1250,440.118,188.659,48.082,83.691,0.9999850
1250,106.431,200.955,33.291,52.985,0.0052040
1275,329.676,212.757,17.498,36.150,0.7516390
1275,508.740,202.041,26.322,57.143,0.1378180
1275,522.873,204.294,24.250,51.508,0.0278180
1275,539.315,177.096,65.244,127.334,0.9998960
1300,527.337,192.896,31.521,75.492,0.0220740
1300,296.155,213.408,19.720,38.042,0.9087940
1300,520.076,192.833,35.697,74.706,0.9987220
1300,659.004,81.494,49.678,335.238,0.0329610
1300,298.838,213.950,17.550,36.540,0.0091520
1325,263.309,209.280,26.286,43.881,0.4762920
1325,263.309,209.280,26.286,43.881,0.0065640
1325,551.360,183.777,45.486,92.089,0.9996150
1325,336.860,217.214,20.522,29.688,0.0154950
1350,223.722,208.625,23.881,44.681,0.9545420
1350,232.706,209.385,22.677,41.800,0.7141760
1350,244.653,213.066,16.933,34.328,0.0057090
1350,611.775,158.611,69.521,158.005,0.9999040
1350,292.601,211.548,25.972,38.341,0.7783980
1375,251.708,203.788,29.337,43.974,0.0054930
1375,192.472,198.294,31.251,54.339,0.9984210
1375,630.737,187.653,26.723,79.470,0.1453190
1375,525.594,187.886,51.846,80.048,0.9212730
1375,249.395,203.384,27.348,45.050,0.9875590
1375,196.202,197.038,30.463,47.247,0.0229030
1375,499.103,202.164,97.662,53.264,0.0065090
1400,158.303,202.825,33.482,62.706,0.9848230
1400,185.887,205.498,95.641,72.211,0.9861480
1425,104.523,197.183,31.084,69.858,0.7371360
1425,104.523,197.183,31.084,69.858,0.0501400
1425,109.718,194.551,55.233,85.362,0.9930630
1450,2.737,178.054,33.415,99.917,0.7386540
1450,359.903,206.109,27.039,50.756,0.1918400
1500,470.734,215.857,30.173,50.334,0.0468570
1500,474.152,213.186,33.177,56.984,0.9982960
1525,528.391,206.447,37.902,76.003,0.0267920
1525,527.528,206.105,43.315,78.080,0.9983930
1550,131.154,214.388,25.637,45.627,0.0789750
1550,119.926,209.395,28.010,46.658,0.0079000
1550,260.378,216.694,23.630,41.558,0.0057740
1600,510.739,204.310,28.462,48.001,0.2621910
1600,62.065,206.093,24.311,51.264,0.4355400
1600,497.809,205.044,24.701,46.131,0.0476300
1600,160.210,209.163,21.561,44.745,0.0402490
