75,277.206,123.063,45.500,91.966,0.0397870
100,385.176,164.742,26.423,39.071,0.0200950
100,399.228,167.040,19.349,31.056,0.0064860
125,375.083,170.972,17.972,33.591,0.0154770
150,497.040,141.290,43.025,97.135,0.0157810
150,663.431,120.067,47.552,145.921,0.0278930
150,497.040,141.290,43.025,97.135,0.0111580
175,332.644,209.547,16.113,36.648,0.0679890
200,331.739,207.987,15.977,34.523,0.0135990
225,338.433,209.143,18.238,36.384,0.1254630
225,338.433,209.143,18.238,36.384,0.0625560
425,200.808,204.953,22.886,49.153,0.0176590
450,200.071,201.160,22.123,44.259,0.9880150
475,221.217,200.733,23.771,46.189,0.0390080
525,387.160,185.067,47.388,77.915,0.5959900
525,371.653,199.834,30.357,54.770,0.0061550
550,379.273,207.360,43.421,65.381,0.1841060
575,266.908,212.447,20.398,35.097,0.0507510
600,279.030,203.159,20.890,33.416,0.0842010
625,273.299,205.093,23.776,41.851,0.9995100
650,275.970,206.425,27.102,47.170,0.9999300
675,356.485,200.550,31.281,54.445,0.9999580
700,438.914,203.317,39.306,69.506,0.0089460
700,444.182,199.069,35.328,66.017,0.9981290
725,501.336,196.390,38.726,80.762,0.0110610
725,501.817,189.557,39.171,82.327,0.9477190
750,530.352,181.708,55.777,99.987,0.9599600
750,569.964,196.844,49.275,68.954,0.0063950
775,504.141,168.060,63.144,127.307,0.9673420
800,104.239,115.868,114.164,245.633,0.9321200
800,45.947,168.744,199.779,111.365,0.1983540
900,83.236,218.821,16.570,25.477,0.0378610
975,579.388,212.312,91.038,148.798,0.0438240
975,579.388,212.312,91.038,148.798,0.5873460
975,582.603,174.990,128.007,238.244,0.0229740
1000,678.949,209.130,24.502,68.652,0.0118280
1050,34.124,180.103,78.032,250.803,0.0344900
1075,652.433,178.695,56.557,129.799,0.9022900
1100,540.692,178.226,54.374,100.008,0.0403750
1100,569.797,168.961,105.102,147.698,0.0427280
1125,157.759,205.246,46.571,77.183,0.0071350
1125,459.651,98.708,220.489,260.928,0.0174510
1125,502.500,138.510,117.618,208.874,0.1921560
1150,100.177,200.164,51.830,93.454,0.1153540
1150,492.329,157.563,107.207,175.871,0.0174100
1150,455.968,159.735,76.534,186.854,0.1227410
1150,448.372,177.201,28.001,71.364,0.0096420
1150,512.864,132.144,98.408,223.817,0.0296900
1150,455.968,159.735,76.534,186.854,0.0068500
1225,471.256,2.000,244.111,388.797,0.0050340
1300,131.919,159.732,49.193,108.811,0.9999300
1300,93.863,167.708,52.982,97.742,0.9997640
1325,428.868,151.067,49.825,110.171,0.9999620
1325,386.788,152.869,52.407,105.654,0.9998230
1325,367.937,179.672,27.040,43.295,0.0258480
1325,357.654,179.776,25.235,38.941,0.0153170
1325,294.756,185.272,18.511,33.535,0.0076820
1350,458.932,206.831,20.030,36.148,0.0103600
1350,533.604,172.333,51.734,120.801,0.9999920
1350,496.388,177.241,53.285,107.919,0.9997420
1350,358.209,211.491,16.481,32.699,0.0185610
1350,456.966,205.032,23.484,40.198,0.5205830
1350,430.481,206.350,19.470,34.537,0.1943860
1350,470.994,207.497,19.546,34.269,0.0118240
1375,497.287,173.572,57.694,131.803,0.9999880
1375,536.713,166.331,54.976,146.356,0.9999270
1375,344.925,219.507,17.387,34.108,0.0374290
1375,446.062,210.381,19.403,33.512,0.0076510
1375,503.267,176.430,52.741,115.337,0.0693190
1375,415.028,208.229,25.422,39.370,0.0681200
1375,444.231,208.363,23.504,39.979,0.0058750
1400,414.974,208.314,18.427,36.301,0.5576460
1400,438.457,208.811,18.477,31.777,0.3929370
1400,516.680,161.842,68.075,152.811,0.9999660
1400,570.655,151.655,66.580,172.174,0.9998730
1400,339.397,214.071,16.451,36.594,0.1676500
1400,414.974,208.314,18.427,36.301,0.0497910
1400,449.399,206.135,29.274,41.802,0.3290530
1400,438.457,208.811,18.477,31.777,0.0140360
1400,341.703,213.464,15.955,35.808,0.0132640
1425,432.374,211.359,24.163,39.590,0.2412690
1425,640.804,158.660,69.740,181.046,0.9999350
1425,572.397,157.678,82.452,182.237,0.9860720
1425,565.688,148.315,100.907,172.129,0.0557160
1425,409.221,210.024,24.971,42.429,0.1298250
1425,455.223,210.595,27.080,42.206,0.1055140
1425,341.971,215.486,21.270,46.642,0.0999590
1425,462.774,208.509,31.591,47.620,0.0127960
1425,434.965,211.406,19.950,37.970,0.0115870
1450,658.905,132.975,51.623,232.490,0.9963790
1450,349.689,204.355,20.528,47.393,0.3030480
1450,416.872,198.972,20.362,48.553,0.2874520
1450,402.466,198.946,19.700,47.461,0.9830300
1450,432.033,197.968,20.660,43.789,0.9307520
1450,432.479,199.147,20.026,46.433,0.0074130
1450,349.689,204.355,20.528,47.393,0.5893120
1450,401.706,196.919,20.418,46.798,0.0103690
1450,416.872,198.972,20.362,48.553,0.0099660
1475,426.564,195.996,23.964,42.904,0.6082400
1475,493.540,193.582,30.937,51.327,0.0066800
1475,378.574,199.522,19.472,37.339,0.0217600
1475,399.548,197.456,20.525,41.925,0.9971870
1475,451.756,195.975,22.039,42.579,0.8266740
1475,426.564,195.996,23.964,42.904,0.0090260
1475,493.540,193.582,30.937,51.327,0.0279690
1475,377.045,198.444,22.099,40.681,0.8217080
1500,428.747,195.733,26.618,46.086,0.3322340
1500,391.147,201.523,22.803,45.453,0.2580380
1500,407.323,199.061,22.268,46.446,0.9667220
1500,470.157,197.663,22.261,44.193,0.2921110
1500,346.323,201.197,21.894,55.637,0.0097840
1500,428.747,195.733,26.618,46.086,0.0183220
1500,391.147,201.523,22.803,45.453,0.7824260
1500,403.000,197.148,24.028,45.399,0.3173910
1500,499.168,196.851,24.999,51.561,0.0203510
1525,367.170,199.987,26.070,46.107,0.0218730
1525,465.737,198.994,29.346,48.973,0.0809310
1525,416.016,198.174,28.186,44.305,0.1540590
1525,397.673,199.470,23.528,46.075,0.9740600
1525,307.502,203.814,23.215,52.704,0.0591730
1525,366.776,197.621,26.913,45.573,0.9445400
1525,364.104,203.267,17.967,40.520,0.0108310
1525,311.386,202.526,24.261,50.870,0.0090570
1550,443.686,195.045,22.337,45.694,0.1229440
1550,389.343,192.672,27.524,47.250,0.4295440
1550,364.514,192.389,25.458,46.182,0.6633900
1550,330.444,195.274,26.394,52.340,0.0067730
1550,261.383,195.358,23.959,57.840,0.3035450
1550,364.514,192.389,25.458,46.182,0.0772340
1550,330.843,192.577,26.417,47.955,0.9959270
1575,392.978,202.174,24.744,48.556,0.6984750
1575,321.060,201.612,31.330,48.424,0.2636250
1575,354.938,199.788,28.649,51.331,0.5677670
1575,299.505,206.558,24.388,46.931,0.6870440
1575,430.215,200.683,23.286,56.039,0.0062410
1575,227.157,198.532,25.899,62.588,0.0060720
1575,392.978,202.174,24.744,48.556,0.0348490
1575,316.340,202.227,32.332,47.636,0.0107960
1575,354.938,199.788,28.649,51.331,0.3256680
1575,299.505,206.558,24.388,46.931,0.5179650
1600,288.497,187.438,25.650,53.979,0.9410300
1600,346.157,184.857,31.194,50.777,0.3332960
1600,303.741,186.052,27.327,51.437,0.9107920
1600,322.370,187.896,25.777,49.457,0.9986630
1600,398.790,191.330,24.544,48.550,0.0266030
1600,513.759,197.827,25.763,55.000,0.0070080
1600,207.591,188.622,24.790,53.298,0.0058230
1600,288.497,187.438,25.650,53.979,0.0270000
1600,302.600,179.764,29.610,54.191,0.1084700
1600,351.450,179.970,31.253,53.434,0.0460290
1625,416.752,180.488,26.265,60.706,0.2897670
1625,353.685,182.577,28.451,52.676,0.8077650
1625,274.669,185.406,28.152,52.185,0.0426420
1625,397.599,186.010,25.272,56.063,0.1441760
1625,320.933,183.697,28.476,51.179,0.9979160
1625,175.054,185.805,26.635,74.685,0.6346480
1625,185.432,182.670,26.062,61.741,0.0065560
1625,282.433,180.668,31.354,51.970,0.2651510
1625,274.669,185.406,28.152,52.185,0.2535160
1625,354.100,180.094,28.103,52.455,0.3669930
1625,417.594,180.049,24.920,51.899,0.3054460
1625,397.599,186.010,25.272,56.063,0.0433520
1650,426.058,185.307,29.029,56.854,0.4374550
1650,272.533,188.317,31.279,55.394,0.0195590
1650,350.476,186.448,32.664,50.957,0.3105530
1650,398.207,188.618,27.268,56.515,0.0064440
1650,324.932,188.926,27.341,51.919,0.9982390
1650,147.924,189.239,47.558,72.097,0.0384810
1650,426.058,185.307,29.029,56.854,0.0930840
1650,272.533,188.317,31.279,55.394,0.1971200
1650,350.476,186.448,32.664,50.957,0.0353090
1650,398.207,188.618,27.268,56.515,0.6068600
1675,316.996,189.250,29.589,58.651,0.6840890
1675,127.838,185.201,49.742,91.709,0.5311560
1675,439.728,187.761,30.627,69.314,0.1764360
1675,336.351,186.085,31.222,61.542,0.0422540
1675,360.698,189.764,27.755,56.253,0.1417250
1675,406.620,190.463,28.101,67.727,0.5969460
1675,290.740,193.462,29.820,60.725,0.9737020
1675,292.855,192.234,30.596,55.517,0.3785320
1675,439.215,187.473,30.822,61.512,0.8803250
1675,360.698,189.764,27.755,56.253,0.5955630
1675,407.175,189.343,26.539,60.560,0.0875630
1700,415.025,185.731,29.674,57.417,0.9777760
1700,440.415,180.900,29.124,60.596,0.7286730
1700,98.921,178.210,51.136,96.777,0.7275390
1700,351.373,180.830,34.578,58.398,0.0107540
1700,123.275,176.748,44.579,83.597,0.1279540
1700,328.608,178.557,29.471,68.414,0.0196340
1700,416.608,184.407,32.492,61.329,0.0478450
1700,439.494,177.575,30.691,58.126,0.7304370
1700,123.275,176.748,44.579,83.597,0.0487060
1725,363.107,189.583,42.451,69.431,0.0061680
1725,452.458,188.367,31.251,62.191,0.5621420
1725,312.688,188.679,33.732,67.374,0.8263930
1725,355.554,192.937,26.716,54.320,0.1609180
1725,424.508,195.201,28.481,58.134,0.9988270
1725,364.998,192.569,51.642,64.766,0.0127860
1725,313.637,186.502,33.389,65.439,0.6320850
1725,452.458,188.367,31.251,62.191,0.2734650
1725,355.554,192.937,26.716,54.320,0.0423710
1725,116.386,196.901,31.893,66.004,0.0129200
1750,403.179,184.364,42.739,77.464,0.1431300
1750,308.061,188.126,29.090,67.267,0.2440410
1750,345.513,186.701,26.589,62.262,0.7140320
1750,484.248,188.283,30.182,66.984,0.4848190
1750,74.372,175.123,47.716,88.196,0.2185610
1750,417.825,183.989,34.437,69.506,0.0712790
1750,305.081,184.758,30.303,65.477,0.9721340
1750,486.421,184.715,30.817,64.576,0.6794660
1750,345.513,186.701,26.589,62.262,0.5094370
1775,421.372,200.786,30.902,64.466,0.7749560
1775,291.167,186.420,29.535,75.426,0.4110430
1775,456.089,192.160,27.218,70.383,0.8552360
1775,405.493,194.794,30.195,63.878,0.7062990
1775,67.099,183.044,58.843,79.932,0.4371610
1775,491.933,191.248,28.513,65.950,0.9709010
1775,324.091,189.580,26.823,70.451,0.9555860
1775,18.287,178.716,47.441,96.697,0.9496610
1775,421.372,200.786,30.902,64.466,0.0065720
1775,405.493,194.794,30.195,63.878,0.0811490
1775,60.308,185.774,75.433,73.222,0.0123410
1775,291.640,183.988,29.095,70.986,0.8374280
1775,491.580,188.046,28.877,63.741,0.0238340
1800,421.318,186.330,34.165,84.649,0.8546780
1800,405.679,195.070,28.569,67.514,0.8136580
1800,288.195,186.009,29.336,75.954,0.8241160
1800,447.538,187.378,32.234,72.418,0.2570330
1800,426.834,191.467,48.471,90.220,0.0334040
1800,90.451,186.836,48.810,77.798,0.9954840
1800,304.388,186.381,27.896,74.658,0.9447840
1800,61.903,182.465,45.482,87.688,0.9103850
1800,65.729,184.934,70.861,85.042,0.0082260
1800,449.275,185.556,29.915,68.352,0.0058980
1800,288.425,185.303,29.645,68.940,0.1047300
1800,418.207,188.162,44.582,85.073,0.0086770
1825,418.306,201.765,40.321,71.686,0.0689780
1825,101.994,193.534,35.323,76.927,0.9809830
1825,314.089,193.312,31.702,76.968,0.7743400
1825,128.326,191.444,42.088,92.251,0.9978080
1825,472.937,199.744,32.595,74.244,0.9967250
1825,95.932,194.496,41.756,77.699,0.1643680
1825,309.458,197.527,36.780,79.819,0.3743490
1850,419.214,193.753,47.797,89.386,0.5381620
1850,341.449,193.695,33.707,77.408,0.0248360
1850,130.089,186.839,49.376,91.274,0.9926330
1850,295.876,197.603,30.490,77.281,0.9917350
1850,102.913,194.638,46.082,84.527,0.9880390
1850,490.520,194.250,29.557,77.062,0.9862890
1850,341.449,193.695,33.707,77.408,0.8475670
1850,433.280,185.821,35.138,94.908,0.0113750
1850,292.174,195.905,28.631,74.545,0.0085300
1875,119.161,175.953,55.146,97.674,0.8983450
1875,355.085,190.642,39.582,78.115,0.8935420
1875,413.227,181.737,50.286,101.638,0.9991260
1875,454.011,187.525,31.746,82.017,0.9974280
1875,279.356,190.339,31.807,72.872,0.9893320
1875,89.784,183.145,45.825,89.766,0.9882040
1875,411.862,191.923,28.791,71.797,0.0362050
1875,356.203,190.414,36.376,75.297,0.1669640
1875,277.350,186.621,29.401,67.566,0.0075920
1900,3.416,163.846,43.189,113.226,0.3805330
1900,465.797,193.534,46.664,95.834,0.6534180
1900,94.601,187.137,47.999,87.409,0.9618010
1900,292.567,188.968,38.952,82.939,0.9777760
1900,148.936,169.040,52.359,106.707,0.9999560
1900,426.619,192.506,29.924,76.313,0.9998010
1900,504.186,193.467,40.964,91.760,0.9991480
1900,399.458,186.924,33.152,86.558,0.9968520
1900,3.416,163.846,43.189,113.226,0.2774870
1900,291.037,189.274,31.090,76.727,0.7073430
1900,396.454,189.957,38.434,84.667,0.0070220
