25,433.162,191.530,15.535,31.276,0.9825776
25,465.883,189.304,20.839,42.281,0.0736110
25,65.210,176.764,27.797,60.834,0.9999604
25,338.733,176.525,32.580,60.766,0.9997009
25,465.087,189.834,21.820,40.862,0.9722921
50,443.942,194.237,18.047,35.868,0.9924638
50,348.921,197.915,14.576,33.193,0.3774893
50,483.728,192.799,22.472,44.797,0.9595932
50,349.128,197.870,14.760,32.057,0.0836930
50,483.312,192.516,22.862,44.911,0.1421798
50,353.128,184.914,28.021,52.421,0.9675896
75,494.453,186.642,22.994,48.636,0.9988269
75,452.080,190.537,17.511,35.123,0.9605080
75,154.072,190.647,13.771,23.683,0.6735637
75,354.892,196.839,12.346,28.303,0.4265620
75,130.912,190.369,15.280,26.564,0.2439001
75,350.177,196.775,12.042,26.915,0.1831613
75,344.696,197.667,13.190,24.885,0.4424086
75,354.849,196.678,12.450,28.107,0.1045797
75,441.100,192.402,14.202,27.778,0.0578482
75,358.415,182.761,26.725,50.833,0.9925545
100,504.740,183.399,25.174,52.672,0.9993452
100,337.884,194.714,12.314,26.584,0.9537019
100,353.184,194.394,12.108,25.483,0.9590535
100,444.704,191.126,15.090,29.415,0.9268286
100,456.008,187.607,19.687,36.035,0.1425877
100,455.928,185.991,20.425,37.180,0.9852051
100,444.423,190.908,15.072,28.752,0.0842000
100,365.575,183.825,23.386,41.451,0.9883626
125,508.317,184.220,23.723,54.336,0.9992505
125,349.588,196.376,12.520,25.690,0.9338958
125,136.433,186.096,14.842,30.784,0.9940434
125,322.884,195.562,12.182,26.619,0.9272944
125,457.735,187.659,20.747,40.128,0.9997429
125,444.989,191.977,15.976,30.488,0.9961548
125,113.906,187.143,14.015,28.932,0.1585247
125,363.592,198.361,11.488,23.528,0.0674812
125,131.668,186.952,14.620,30.588,0.5032357
125,370.296,188.623,22.542,38.520,0.9651334
125,365.634,196.369,14.937,27.142,0.1428715
150,511.401,180.241,26.009,58.079,0.9998949
150,343.250,195.137,12.671,26.413,0.9942794
150,95.731,184.619,17.412,34.161,0.9996585
150,305.739,195.386,12.080,26.822,0.7156813
150,445.533,191.269,15.608,32.112,0.9881154
150,458.434,186.904,21.028,39.603,0.9991243
150,119.270,186.160,16.213,30.024,0.7366510
150,287.306,193.895,10.690,22.029,0.0677957
150,372.906,187.779,21.587,36.624,0.9992829
150,549.332,114.381,82.669,192.074,0.9999673
150,304.784,195.696,13.104,27.023,0.0584139
175,343.909,200.359,13.439,27.424,0.9985753
175,464.478,191.312,21.644,40.410,0.9995516
175,112.908,191.309,15.260,29.636,0.2030567
175,480.955,198.203,15.055,26.932,0.6088752
175,85.967,188.814,16.480,31.371,0.8597222
175,287.398,200.157,11.539,23.863,0.3319476
175,459.391,196.129,16.365,31.826,0.2342008
175,570.724,191.856,20.619,40.867,0.1729253
175,475.684,195.517,16.762,32.145,0.0500424
175,388.876,194.598,20.408,33.613,0.9963372
175,297.420,199.770,13.251,28.222,0.9877048
175,492.165,141.708,66.917,147.082,0.9999225
175,287.118,200.198,11.807,23.801,0.1146060
200,558.863,177.690,30.805,69.259,0.9996982
200,354.032,196.204,12.937,28.465,0.9949135
200,85.471,184.474,18.477,34.824,0.9953360
200,117.872,188.380,13.921,27.267,0.0687587
200,623.475,189.613,18.875,41.776,0.1557157
200,479.841,148.482,55.695,118.079,0.9999708
200,417.415,191.421,19.373,33.406,0.9994144
200,294.394,194.108,13.926,30.633,0.9952056
200,116.793,188.505,14.886,27.531,0.2865555
225,360.609,191.289,13.106,29.739,0.9837320
225,80.628,180.924,16.825,32.542,0.7404836
225,617.085,183.395,19.144,41.598,0.9561237
225,302.579,190.476,11.800,23.694,0.0701993
225,595.964,178.680,30.630,67.734,0.9961520
225,115.999,183.129,15.735,28.447,0.2696410
225,607.427,179.671,27.371,59.069,0.2191307
225,483.269,149.589,53.014,109.527,0.9999516
225,285.779,189.406,15.376,34.088,0.9980558
225,448.198,188.420,20.145,35.906,0.9992512
225,302.430,190.392,12.784,24.082,0.4533214
250,624.887,173.871,35.588,80.655,0.9997153
250,512.101,180.202,22.306,51.042,0.9995758
250,361.370,192.008,13.685,31.787,0.9604012
250,316.009,191.205,10.911,23.922,0.3184806
250,66.859,178.289,18.755,35.375,0.4229021
250,103.711,180.270,17.796,34.988,0.9816265
250,91.589,180.048,16.083,33.626,0.6417974
250,302.913,190.753,12.056,24.309,0.0506807
250,479.012,190.327,19.339,33.959,0.9964768
250,269.472,188.437,16.589,36.064,0.9987495
250,303.110,190.826,12.928,24.660,0.0552647
250,529.379,156.603,47.897,97.931,0.9998930
250,66.141,179.111,19.345,34.217,0.5788091
275,353.981,194.674,14.135,32.720,0.9922137
275,539.902,195.097,14.915,28.950,0.9897817
275,48.843,179.296,16.470,37.594,0.9926242
275,311.534,195.566,11.454,23.090,0.6920838
275,301.709,195.055,11.111,23.166,0.2612563
275,652.313,176.442,30.329,71.642,0.3160020
275,636.367,184.884,24.710,41.665,0.8006349
275,650.875,186.761,16.804,44.230,0.0972278
275,84.481,182.981,16.776,33.745,0.8397129
275,72.007,181.884,17.041,36.555,0.4699208
275,515.121,185.945,26.311,47.901,0.9993927
275,652.339,170.953,36.446,83.631,0.7894623
275,238.263,189.367,18.906,38.715,0.9793136
275,309.335,194.964,11.897,23.891,0.0943797
275,301.452,194.963,11.719,23.388,0.2698752
275,657.637,163.759,50.676,96.075,0.9961736
275,634.957,184.313,25.018,41.502,0.4268188
275,71.964,182.104,17.006,35.127,0.1497606
300,524.414,185.126,25.500,52.522,0.9997696
300,345.262,196.688,14.337,32.433,0.9781043
300,25.052,180.287,18.274,38.871,0.9979594
300,643.261,187.916,20.920,41.729,0.9717318
300,236.420,194.381,12.540,25.532,0.6753055
300,308.179,196.640,11.273,25.327,0.0626696
300,548.597,198.311,16.903,31.708,0.1024061
300,48.089,181.130,16.376,37.322,0.9352947
300,691.652,185.183,18.116,60.095,0.1467396
300,671.517,184.049,19.892,47.440,0.3945312
300,61.764,184.289,17.292,32.415,0.6641573
300,197.991,189.148,20.316,42.724,0.9995571
300,223.799,193.588,14.640,26.059,0.0798392
325,542.300,183.100,27.688,53.689,0.9997597
325,12.207,173.735,18.855,44.406,0.9979190
325,299.288,192.347,13.472,26.436,0.0916945
325,386.977,196.273,16.961,32.236,0.2028263
325,235.202,189.874,12.729,27.216,0.2071247
325,44.626,175.886,17.655,41.109,0.4747177
325,398.201,200.236,18.398,36.901,0.2952066
325,346.625,192.687,15.330,34.543,0.9096379
325,31.403,179.163,18.652,40.818,0.0830606
325,222.563,189.394,14.483,29.663,0.1063820
325,162.515,182.782,23.307,50.132,0.9999154
325,298.973,192.280,14.159,26.484,0.1599046
325,306.782,193.004,13.176,25.947,0.0780562
325,345.925,191.984,16.183,34.332,0.1481254
350,558.740,181.596,26.848,58.008,0.9999719
350,344.188,194.158,16.434,35.730,0.9889538
350,576.988,194.744,15.514,34.008,0.5631814
350,27.224,179.104,16.167,35.417,0.4744897
350,301.290,192.947,14.011,29.199,0.0654250
350,12.027,176.183,17.039,41.812,0.5678026
350,220.886,190.198,14.331,29.559,0.1470420
350,124.769,180.373,25.020,55.190,0.9998542
350,301.156,193.308,14.775,28.319,0.3929850
375,563.134,184.246,27.390,58.964,0.9999753
375,327.343,195.387,17.272,37.382,0.9927797
375,587.063,196.647,14.641,36.399,0.4979343
375,36.706,174.690,34.375,62.430,0.9992099
400,573.625,173.170,31.481,64.246,0.9999402
400,199.838,182.519,16.017,34.670,0.9762809
400,183.937,180.140,16.319,36.972,0.5246004
400,360.895,188.889,17.825,36.059,0.5732976
400,309.945,185.517,20.055,37.829,0.0605161
400,294.331,183.718,18.309,35.247,0.1074208
400,183.905,180.947,17.076,36.492,0.1814138
400,282.020,183.425,16.678,32.618,0.0659684
425,593.108,180.183,30.443,68.070,0.9999784
425,350.969,199.105,19.582,37.650,0.9316868
425,173.637,192.813,19.410,39.085,0.3103518
425,187.862,193.930,15.174,33.185,0.0561588
425,274.759,194.460,16.129,32.386,0.3275372
425,657.901,195.828,16.769,30.750,0.1071133
450,620.624,179.226,32.427,71.745,0.9999624
450,344.787,198.031,18.535,38.992,0.9909478
450,332.263,197.653,16.849,40.077,0.7689730
450,271.764,192.927,18.620,41.732,0.9446234
450,155.283,191.647,17.743,39.852,0.1178391
450,590.791,202.182,14.316,30.178,0.5039759
450,559.047,200.410,14.785,29.647,0.4837161
450,590.355,202.616,14.850,29.817,0.5899986
475,653.766,169.112,36.000,83.467,0.9992641
475,251.078,195.324,15.974,35.646,0.9949036
475,335.859,192.848,19.373,41.954,0.9961269
475,323.848,193.729,16.591,40.551,0.0864010
475,572.921,197.565,17.953,34.878,0.0784368
475,552.095,197.059,14.999,29.188,0.2646808
475,572.538,198.302,17.858,33.241,0.7902009
500,257.403,187.861,18.598,45.455,0.9976171
500,325.057,192.331,17.708,43.130,0.9709058
500,223.185,191.422,18.134,36.198,0.9351265
500,312.318,192.149,16.286,42.570,0.0911674
500,548.241,196.458,17.033,36.436,0.4533392
500,545.719,195.835,18.839,36.621,0.4484015
525,175.447,188.320,18.660,36.239,0.9950087
525,220.191,181.660,20.624,50.941,0.9316632
525,296.997,185.379,19.189,47.455,0.9973032
525,502.632,190.532,16.447,36.602,0.8202158
525,256.168,188.095,17.981,46.175,0.6506026
525,279.240,186.332,17.770,46.053,0.0672816
525,501.458,190.006,17.298,37.093,0.6124058
550,151.866,183.687,21.480,54.029,0.9991380
550,238.641,188.330,17.970,48.881,0.9556670
550,91.586,188.869,20.699,41.644,0.9988361
550,227.938,187.522,17.065,48.171,0.4053386
550,190.711,189.156,22.673,49.275,0.8587641
550,222.704,188.313,15.430,47.084,0.0549613
550,464.824,190.265,17.689,34.885,0.9836411
550,422.614,193.382,20.263,39.429,0.9827074
550,691.933,189.394,13.729,27.820,0.0532767
550,262.526,197.473,20.486,34.605,0.0692002
575,70.337,183.405,26.369,60.854,0.9999014
575,414.454,193.819,15.253,35.630,0.7848834
575,6.025,193.974,13.563,36.079,0.4058037
575,333.068,194.289,24.091,46.376,0.9978345
575,200.310,197.803,24.482,40.204,0.9969977
600,3.812,185.632,26.154,68.432,0.9899279
600,129.002,191.933,20.955,60.940,0.9981399
600,643.821,196.291,14.687,27.765,0.0714134
600,383.536,198.804,16.521,35.950,0.9868636
600,62.531,190.858,26.922,62.876,0.0911340
600,257.255,198.092,28.667,50.110,0.9713619
625,336.803,194.728,18.046,37.504,0.9991838
625,614.973,194.766,15.670,26.301,0.0578424
625,5.141,179.444,29.600,69.980,0.5241479
625,52.760,180.867,27.405,67.626,0.1297937
625,22.199,179.092,28.668,70.243,0.2544714
625,145.286,187.896,31.358,59.585,0.2900783
625,90.776,194.860,32.110,46.486,0.1128608
650,272.877,190.168,19.006,40.360,0.9989092
650,573.277,194.649,12.846,25.320,0.9687458
650,43.295,172.699,32.204,75.668,0.5566279
650,8.274,190.769,20.927,52.610,0.0938828
675,212.912,184.105,20.144,43.437,0.9996307
700,146.342,181.896,24.404,54.179,0.9999516
700,520.266,187.984,14.084,25.749,0.2540608
700,521.041,189.192,13.922,25.179,0.2262814
725,70.934,174.600,26.025,60.644,0.9999517
725,492.887,185.481,15.622,29.172,0.9517126
725,420.789,184.580,18.100,39.119,0.9994110
750,459.365,186.832,16.749,30.768,0.8968158
750,338.281,181.284,24.089,54.976,0.9985392
775,417.361,185.332,17.067,31.776,0.7518597
775,666.480,186.085,14.877,29.183,0.5813909
775,231.933,175.758,27.006,61.926,0.1354965
775,666.553,185.914,15.124,27.939,0.5088980
775,229.124,176.894,30.474,62.615,0.9928307
800,374.670,181.766,16.356,32.690,0.9979044
800,624.817,184.274,14.392,28.636,0.3998758
800,74.830,164.202,38.342,77.656,0.9970672
800,623.956,184.187,15.043,27.593,0.4269082
825,325.026,187.731,18.186,36.011,0.9996457
825,579.126,190.553,14.802,29.937,0.7933561
825,488.438,190.905,14.429,27.854,0.1059014
825,578.741,191.409,15.178,27.143,0.3092121
850,278.990,183.881,17.778,34.403,0.9991221
850,541.250,188.862,14.591,28.405,0.6634142
850,540.547,188.834,15.102,27.584,0.0580120
850,490.831,188.020,20.022,35.565,0.9979765
875,245.136,183.476,18.678,36.624,0.9988500
875,510.786,189.469,12.051,26.448,0.2241380
875,518.612,189.665,11.224,26.578,0.2568887
875,517.572,189.676,13.628,27.580,0.0503578
900,202.922,177.325,18.833,41.426,0.9673985
900,484.007,184.469,15.332,30.707,0.2714646
900,484.493,184.798,15.158,28.009,0.8829195
900,508.335,183.363,17.891,30.510,0.8943006
900,531.042,181.282,22.493,39.055,0.2587356
925,106.605,171.373,20.479,43.137,0.9992280
925,447.848,173.265,18.967,37.647,0.9962048
925,395.361,178.578,24.755,47.601,0.9997447
950,363.450,185.710,17.112,31.994,0.9990525
950,296.609,186.301,19.290,36.295,0.9992879
950,452.805,183.352,24.004,32.478,0.0671237
950,202.800,178.531,28.104,61.594,0.4463219
975,197.692,183.171,20.289,39.121,0.9994654
975,629.797,166.428,31.158,71.607,0.9954090
975,284.697,182.634,17.618,34.513,0.9942052
975,648.917,166.189,47.545,92.525,0.9991893
1000,205.300,169.833,17.683,37.907,0.1708422
1000,280.998,177.808,22.428,38.252,0.9155355
1000,123.927,178.806,21.508,42.173,0.9864043
1000,592.885,165.792,46.684,93.654,0.9983277
1000,204.569,169.049,20.518,39.193,0.1885046
1025,613.821,173.309,27.829,71.663,0.9365667
1025,184.568,180.070,20.157,37.054,0.9988711
1025,569.300,166.010,42.900,89.990,0.9905742
1025,219.938,177.842,22.839,39.216,0.9503993
1025,613.462,172.961,28.061,71.582,0.6435987
1025,449.211,178.777,14.645,30.656,0.0861994
1050,16.208,173.559,23.471,50.528,0.8049890
1050,162.580,180.898,19.522,37.682,0.1326295
1050,173.798,179.020,23.251,41.223,0.0644199
1050,444.970,180.202,17.489,30.520,0.1109657
1050,634.644,172.095,31.297,81.857,0.9993073
1050,443.414,179.631,19.984,29.308,0.5660663
1050,173.575,176.134,26.671,46.428,0.9955322
1050,580.250,164.378,45.763,93.292,0.9850060
1050,161.782,180.700,20.405,37.316,0.9416275
1075,666.669,169.073,33.524,89.501,0.1110135
1075,597.899,167.470,48.553,89.551,0.9875679
1075,132.890,177.814,23.518,50.495,0.9957772
1075,124.900,172.874,23.999,49.132,0.1423781
1075,665.088,167.633,36.171,90.788,0.9861606
1075,115.179,170.911,27.754,55.430,0.5262373
1100,251.706,191.595,17.544,36.113,0.1393959
1100,101.300,180.091,19.329,41.612,0.0570696
1100,691.283,176.295,13.677,55.183,0.3340440
1100,102.324,177.594,24.077,45.903,0.9968643
1100,632.058,166.987,45.058,88.961,0.5838807
1100,30.942,168.991,30.777,59.062,0.5567750
1125,677.946,120.124,29.750,152.521,0.1800321
1125,33.423,173.035,28.339,55.602,0.9983353
1125,680.359,90.179,28.634,191.492,0.3052208
1125,675.978,158.634,33.718,104.031,0.9761192
1150,668.015,176.109,18.973,41.125,0.0753966
1150,675.565,174.550,25.389,45.365,0.0985825
1150,666.519,175.311,24.302,42.439,0.1661311
1150,681.762,94.451,23.473,79.869,0.0791726
1175,407.835,179.536,16.740,34.684,0.7368924
1175,420.872,181.460,15.052,32.169,0.3694586
1175,520.766,182.391,14.376,28.555,0.0555842
1175,627.702,173.135,26.196,48.434,0.9056514
1175,420.067,181.138,16.144,32.422,0.1355991
1175,639.629,174.022,23.692,42.213,0.2448976
1175,519.792,183.563,15.698,27.497,0.7713505
1175,344.976,182.559,18.150,36.327,0.3192150
1200,309.943,179.836,18.238,35.061,0.3593121
1200,326.124,179.965,18.055,34.382,0.5513664
1200,325.223,179.179,19.403,34.842,0.6232538
1200,309.497,179.894,18.292,34.036,0.7148468
1200,216.733,174.236,23.074,35.998,0.9837964
1200,239.429,176.151,24.701,39.085,0.9386948
1200,586.009,170.852,29.119,49.264,0.1272353
1200,577.920,169.839,27.597,53.152,0.5200548
1225,241.838,185.525,18.427,39.922,0.1654530
1225,685.886,192.884,20.399,82.622,0.0618083
1225,152.596,184.682,17.458,41.679,0.3523672
1225,569.085,178.613,26.215,51.056,0.9998006
1225,541.536,176.084,25.245,54.370,0.9996606
1225,223.183,185.328,19.261,36.520,0.9779890
1225,241.493,185.359,19.021,40.392,0.9091817
1225,104.711,163.305,16.870,36.487,0.0597890
1225,141.928,182.070,23.221,45.270,0.7610404
1225,150.051,184.714,19.401,39.788,0.0927294
1250,340.952,184.501,15.186,34.532,0.9975115
1250,103.919,180.864,16.122,35.667,0.2101111
1250,74.590,177.252,19.303,48.337,0.4242079
1250,94.745,178.043,21.126,41.850,0.8012036
1250,297.971,178.678,14.634,29.745,0.3002481
1250,560.853,177.171,17.653,56.907,0.2129578
1250,580.995,175.220,30.067,57.135,0.9998122
1250,663.655,150.566,43.718,118.235,0.9997120
1250,60.324,177.567,27.291,49.423,0.9818683
1250,70.648,176.858,24.239,49.771,0.2338022
1250,177.035,180.800,21.536,42.809,0.9969485
1250,158.047,179.245,23.468,46.378,0.9974827
1250,558.905,177.317,19.208,52.553,0.4693530
1250,546.871,174.068,25.890,57.725,0.9379178
1250,104.165,180.620,16.303,33.389,0.0640309
1250,95.420,177.587,23.520,41.107,0.1313527
1275,51.192,178.725,22.594,42.771,0.5084147
1275,647.389,146.910,60.988,126.761,0.9999474
1275,99.198,177.370,25.099,49.204,0.9998292
1275,598.236,177.722,28.285,58.198,0.9998525
1275,71.637,177.322,27.451,49.926,0.9995177
1275,303.827,186.079,17.003,33.439,0.9916746
1275,550.249,178.991,26.954,54.551,0.9936724
1275,569.806,176.090,27.141,59.731,0.7862573
1275,50.841,178.087,23.735,42.901,0.7745439
1300,418.008,195.162,13.102,29.065,0.3933708
1300,9.014,173.903,22.494,54.720,0.3392382
1300,645.183,154.826,63.822,125.414,0.9998403
1300,616.504,181.229,29.087,61.957,0.9999132
1300,586.440,178.757,26.538,59.153,0.9987232
1300,559.891,181.507,26.977,52.672,0.9978368
1300,417.006,194.607,14.121,29.234,0.0760156
1300,6.676,174.276,25.548,53.339,0.5878914
1300,258.502,185.293,24.247,37.205,0.0507814
1325,636.537,205.058,17.178,44.771,0.1202874
1325,569.894,194.604,27.698,57.627,0.9999444
1325,606.268,193.663,27.519,63.501,0.9996561
1325,217.019,191.057,24.113,45.898,0.9941108
1325,636.225,172.380,67.989,123.717,0.9998703
1325,669.173,175.836,37.177,115.536,0.0913608
1325,636.506,215.908,15.852,31.329,0.4730480
1325,636.824,186.460,44.813,85.945,0.0850379
1325,635.702,200.320,20.713,50.308,0.2464140
1350,203.427,190.080,22.204,56.064,0.3164111
1350,671.423,216.808,17.208,33.930,0.3844270
1350,582.829,195.932,29.894,64.913,0.9999202
1350,149.840,187.923,24.581,54.335,0.9969535
1350,615.215,176.132,73.303,116.882,0.9955244
1350,202.606,189.851,25.368,55.548,0.2413989
1350,670.687,218.579,17.813,30.970,0.0948114
1350,621.799,192.676,32.075,61.988,0.0692913
1350,392.964,202.409,15.818,30.678,0.3392660
1375,682.177,179.949,24.135,67.943,0.3426799
1375,364.433,187.207,14.729,30.846,0.9144531
1375,59.814,169.321,30.195,62.560,0.9998773
1375,617.917,164.508,73.361,120.188,0.9998519
1375,376.549,191.330,17.504,31.875,0.9982237
1375,605.462,183.168,30.878,63.371,0.9982979
1375,608.009,177.284,42.919,83.320,0.2392689
1375,680.178,180.742,27.285,62.586,0.6756070
1400,635.844,185.388,14.444,30.605,0.0769843
1400,654.206,156.226,56.062,123.216,0.9997967
1400,359.191,186.991,18.692,35.503,0.9987521
1400,378.046,187.773,13.903,29.463,0.9289848
1400,635.752,183.535,18.861,41.871,0.0742147
1400,636.493,177.346,31.304,64.370,0.9957694
1425,340.893,189.771,13.744,30.422,0.2412706
1425,345.417,189.979,14.651,29.460,0.8976437
1425,676.645,177.228,26.951,61.962,0.9994099
1425,343.008,188.282,17.487,33.584,0.1607342
1450,438.343,197.097,14.678,26.117,0.3006003
1450,414.886,66.112,25.234,66.800,0.0554101
1475,667.495,179.775,20.941,47.718,0.2856846
1475,656.380,180.446,18.832,39.691,0.4311217
1475,234.874,192.134,18.280,35.984,0.2290636
1475,667.523,175.426,31.693,62.317,0.9814262
1475,656.382,180.221,19.868,39.657,0.5117456
1500,421.927,186.520,14.205,29.661,0.8898157
1500,654.893,177.219,19.070,42.604,0.3274667
1500,612.541,172.921,36.537,69.540,0.9998709
1500,164.031,184.361,19.144,44.435,0.9975630
1500,145.934,184.867,19.563,43.659,0.9728757
1500,138.324,184.948,18.977,41.866,0.1497798
1500,663.774,164.495,41.625,87.689,0.9909560
1500,130.107,184.549,18.915,36.548,0.9254285
1525,312.227,187.332,11.959,23.583,0.0723698
1525,670.005,165.208,34.289,86.880,0.0650087
1525,100.955,178.143,24.320,51.814,0.1153600
1525,648.775,165.914,37.793,82.208,0.1815480
1525,634.633,172.181,21.474,50.623,0.6256687
1525,602.182,169.720,37.182,71.409,0.9982894
1525,666.089,158.930,39.646,93.466,0.7528302
1525,648.074,161.809,44.620,87.603,0.5271246
1525,16.350,171.616,29.407,56.922,0.3256114
1525,98.428,176.412,26.919,51.534,0.1635097
1550,573.054,179.541,20.988,44.350,0.9696366
1550,560.476,178.312,19.562,44.649,0.9433511
1550,596.187,177.130,23.271,47.132,0.8657334
1550,317.192,190.979,12.161,26.088,0.4728684
1550,211.386,190.811,15.351,29.426,0.0618655
1550,51.377,181.045,25.761,51.242,0.9181411
1550,210.972,191.454,16.361,29.994,0.1075705
1550,72.362,186.356,20.299,41.519,0.9378125
1550,23.850,183.705,25.853,51.510,0.3394277
1550,651.570,172.770,25.891,57.546,0.1250801
1550,44.317,183.955,15.112,45.291,0.1138914
1550,629.665,173.892,33.791,69.439,0.7873496
1550,659.868,166.254,42.525,87.467,0.9626569
1575,172.158,183.160,15.796,33.116,0.9108303
1575,572.192,177.344,23.034,49.595,0.9779769
1575,6.798,179.886,15.632,58.770,0.2549188
1575,344.774,193.265,10.659,23.996,0.2659155
1575,393.555,182.797,17.628,38.084,0.1791323
1575,587.078,178.143,23.556,48.432,0.7603481
1575,651.617,157.772,55.011,132.452,0.9987397
1575,41.574,183.650,24.061,47.954,0.9935682
1575,14.477,182.250,20.891,50.777,0.9937919
1575,641.546,177.349,36.663,68.865,0.9952961
1575,8.986,180.553,19.203,55.091,0.7250399
1575,645.723,167.618,45.297,94.009,0.8583947
1600,573.038,166.809,26.657,53.709,0.9992684
1600,675.310,171.386,25.413,82.244,0.7946770
1600,285.319,186.413,11.262,24.234,0.1594572
1600,419.194,178.930,16.978,37.006,0.8667319
1600,6.114,173.804,16.959,53.913,0.0977703
1600,336.300,184.802,12.999,28.501,0.1710861
1600,592.628,170.911,21.016,47.785,0.2075046
1600,624.157,154.010,74.331,132.834,0.9999440
1600,5.054,174.140,19.178,52.071,0.9449075
1600,664.593,165.443,38.308,93.500,0.1357820
1600,675.693,174.463,24.991,70.285,0.0568778
1600,4.770,112.979,20.507,126.639,0.0762707
1600,166.217,180.647,20.771,36.464,0.0992481
1625,290.917,186.361,13.935,30.141,0.9908488
1625,189.620,191.475,15.261,31.454,0.9857715
1625,352.929,185.912,14.901,31.662,0.9352352
1625,571.576,172.021,20.376,50.984,0.9908305
1625,661.577,167.490,36.722,86.641,0.3718905
1625,175.867,193.498,14.080,28.238,0.8968649
1625,600.059,154.617,70.942,128.812,0.9998176
1625,660.276,168.276,37.986,82.191,0.9389527
1625,367.252,184.639,15.001,30.014,0.2914601
1625,47.588,200.222,15.409,22.886,0.0548821
1625,353.234,186.533,14.398,29.110,0.0596893
1625,158.017,194.019,14.118,27.744,0.0881501
1650,183.505,195.823,14.628,30.502,0.9836349
1650,374.410,184.856,17.848,36.134,0.9219242
1650,302.669,187.494,13.974,31.074,0.3774141
1650,170.851,196.105,14.944,30.703,0.9745830
1650,388.904,179.157,20.963,41.419,0.9849237
1650,5.032,74.453,21.662,90.341,0.1967450
1650,650.960,166.986,37.866,87.368,0.1680736
1650,560.134,160.992,60.754,117.097,0.9999510
1650,142.013,191.172,17.853,33.719,0.9891942
1650,649.586,170.480,39.528,83.375,0.8539645
1650,602.649,164.787,41.485,87.397,0.8253860
1675,183.497,188.914,17.560,38.474,0.9975626
1675,319.312,187.042,14.048,31.210,0.9526904
1675,71.103,199.632,11.268,22.390,0.3881491
1675,278.690,189.825,15.125,30.428,0.8408760
1675,168.014,190.208,18.047,37.281,0.1957438
1675,59.110,198.506,11.650,22.637,0.1561530
1675,427.190,178.635,19.461,43.193,0.0676058
1675,238.067,186.641,16.881,32.724,0.3462977
1675,674.708,160.650,25.127,65.007,0.1904949
1675,688.695,165.431,17.937,61.680,0.2442072
1675,509.026,162.045,58.488,113.437,0.9999686
1675,642.339,160.873,44.168,99.776,0.9996177
1675,133.948,190.660,18.314,34.496,0.9949898
1675,59.766,198.666,11.664,21.951,0.7461692
1675,68.676,199.386,11.437,22.414,0.2149966
1675,237.901,187.471,18.233,32.527,0.4482270
1675,168.215,190.008,17.484,36.150,0.9777064
1675,572.188,164.282,44.102,85.741,0.9239870
1700,191.816,188.528,17.015,37.222,0.9986330
1700,174.288,190.087,15.293,34.759,0.9926562
1700,39.345,194.975,13.523,28.307,0.0714931
1700,305.499,188.245,13.779,29.952,0.3027680
1700,612.880,160.736,27.508,62.561,0.9932612
1700,446.751,175.876,15.692,39.959,0.0774025
1700,454.215,160.142,55.910,103.587,0.9998267
1700,641.925,154.576,47.518,105.950,0.9994166
1700,561.651,162.312,42.208,91.043,0.9996006
1700,131.302,188.809,18.259,34.149,0.9978456
1700,38.825,195.163,14.814,26.367,0.1814125
1700,612.669,159.246,28.606,62.691,0.0780984
1725,203.233,190.743,17.986,37.408,0.9985065
1725,531.569,173.228,23.362,51.525,0.9747207
1725,456.398,175.878,20.331,49.307,0.9404309
1725,502.415,175.674,20.357,44.743,0.9508415
1725,279.137,188.366,15.433,30.748,0.1112490
1725,473.048,175.482,20.389,47.371,0.9648149
1725,644.246,153.313,46.807,115.144,0.1759008
1725,246.623,194.979,14.615,28.599,0.0500620
1725,292.740,187.415,15.083,32.240,0.0973674
1725,377.233,183.481,16.747,35.827,0.3863391
1725,639.072,156.437,52.704,116.815,0.9998695
1725,412.310,165.016,52.786,101.243,0.9999076
1725,182.193,189.025,19.482,39.534,0.9941551
1725,133.228,191.518,19.454,35.158,0.8934227
1725,336.944,190.432,19.249,31.340,0.8553942
1725,555.150,163.897,47.826,100.134,0.9999057
1725,88.315,198.596,11.964,22.955,0.0757088
1725,374.774,184.419,19.727,36.580,0.7270682
1725,278.813,188.356,16.349,30.315,0.0857839
1750,211.852,190.164,17.455,35.630,0.9947536
1750,193.719,182.363,18.541,44.138,0.9804827
1750,616.621,166.430,22.088,54.690,0.9506878
1750,101.816,195.904,12.261,25.046,0.7638856
1750,453.054,170.963,22.390,51.983,0.9635463
1750,111.491,196.167,11.576,24.402,0.7239369
1750,319.525,184.193,18.529,34.654,0.9802585
1750,364.335,188.214,17.136,34.327,0.1058591
1750,469.357,169.674,21.624,48.926,0.2062267
1750,640.206,146.509,46.025,120.295,0.0560418
1750,480.182,171.993,24.303,48.160,0.2572993
1750,630.388,147.804,59.176,128.647,0.9990249
1750,542.945,159.845,51.630,99.272,0.9995152
1750,402.766,161.864,52.707,101.016,0.9999053
1750,111.604,196.233,12.829,24.835,0.0531229
1750,538.105,169.770,29.965,68.008,0.1370543
1750,546.949,174.557,16.926,43.696,0.0641049
1750,363.689,187.461,20.521,35.873,0.2880946
1750,101.225,195.882,12.671,25.080,0.0519083
1775,218.264,185.933,17.397,39.309,0.9974535
1775,352.363,175.810,16.709,41.306,0.4554136
1775,496.876,165.576,22.327,47.323,0.0687088
1775,203.761,181.105,19.795,45.478,0.9959174
1775,115.447,191.212,13.749,27.308,0.6780518
1775,638.673,140.950,57.510,140.568,0.1653287
1775,391.855,184.121,16.180,36.265,0.4936228
1775,459.037,170.840,15.756,40.807,0.1523089
1775,478.648,171.973,21.583,44.814,0.0628189
1775,630.796,141.847,65.637,146.479,0.9971080
1775,390.919,184.378,17.524,35.667,0.6348559
1775,115.102,191.141,14.005,27.276,0.2337513
1775,423.225,158.983,48.524,94.164,0.9673387
1775,548.867,155.550,51.326,100.176,0.9911513
1775,148.401,192.259,16.253,29.382,0.5381219
1775,570.934,163.675,32.002,69.879,0.0694476
1775,458.405,170.694,17.038,39.808,0.0624285
1800,232.225,190.595,16.564,36.779,0.9989929
1800,611.302,168.809,28.247,61.448,0.9987493
1800,215.209,185.207,19.027,45.116,0.9984868
1800,394.979,183.414,18.645,40.110,0.9860572
1800,428.052,185.909,15.405,33.501,0.1714082
1800,439.798,163.649,47.593,92.041,0.9994573
1800,561.917,156.801,49.313,101.715,0.9985824
1800,161.987,193.808,15.837,29.078,0.7294978
1800,130.756,193.150,16.317,28.548,0.3521163
1800,641.837,142.584,66.121,152.132,0.9995016
1800,553.850,166.697,27.395,52.128,0.6385067
1800,555.672,162.233,35.720,76.178,0.3128357
1800,427.167,186.086,16.765,33.439,0.1293265
1825,257.395,198.487,17.407,39.579,0.9991265
1825,674.897,173.380,24.759,64.047,0.9945806
1825,238.092,195.726,17.965,41.383,0.9984073
1825,556.355,174.148,27.176,57.245,0.8722131
1825,446.483,189.212,16.231,38.380,0.2678545
1825,593.652,163.004,52.165,108.336,0.9990079
1825,570.875,173.313,27.943,48.756,0.1185362
1825,453.310,173.335,43.181,86.346,0.9961039
1825,556.154,175.153,28.570,53.923,0.0738645
1825,591.855,176.356,21.819,47.661,0.0616735
1825,158.018,198.523,19.154,32.062,0.1253965
1850,293.008,199.018,18.329,41.654,0.9992673
1850,543.536,187.432,20.621,47.368,0.9935409
1850,268.620,190.024,20.030,55.083,0.9669471
1850,72.705,197.681,14.487,30.175,0.0665098
1850,621.034,173.838,26.434,60.333,0.2924182
1850,637.668,189.856,17.023,40.743,0.1261178
1850,59.731,202.157,14.306,27.435,0.1281303
1850,636.630,161.039,58.495,115.161,0.9976113
1850,467.524,180.134,42.325,79.334,0.9987417
1850,192.415,204.336,16.284,29.211,0.3150301
1850,216.513,204.765,15.846,27.401,0.2767916
1850,619.849,174.480,28.609,56.373,0.8465416
1850,659.924,166.618,40.654,88.159,0.0855552
1850,623.280,170.529,43.504,81.354,0.0569417
1875,315.099,201.850,18.666,40.608,0.9995576
1875,610.542,184.587,24.465,56.840,0.9957302
1875,292.083,196.241,19.056,49.004,0.9987977
1875,568.954,181.130,22.209,59.528,0.8905067
1875,579.219,181.398,26.069,58.720,0.9878319
1875,129.248,200.622,14.462,29.612,0.7344930
1875,215.473,206.467,13.144,28.518,0.4024664
1875,476.545,181.357,43.305,80.463,0.9993223
1875,667.319,165.957,40.398,120.783,0.9993935
1875,83.956,201.640,16.671,29.523,0.8762472
1875,214.245,205.972,14.967,28.489,0.1439105
1875,610.896,185.061,23.195,48.712,0.1341163
1875,128.944,200.575,15.555,30.490,0.1828007
1900,648.686,171.442,28.839,66.118,0.9988524
1900,319.758,196.776,19.404,43.422,0.9997312
1900,298.035,190.288,19.362,52.065,0.9998108
1900,284.166,200.663,12.670,26.391,0.7380303
1900,503.903,191.127,20.426,46.005,0.1390242
1900,638.873,169.792,24.584,68.729,0.6525311
1900,678.196,168.686,27.480,86.115,0.3944196
1900,91.768,194.126,15.322,31.371,0.0556013
1900,474.092,176.785,40.626,79.910,0.9995616
1900,176.952,196.846,15.761,30.892,0.9761466
1900,90.805,194.544,16.688,30.072,0.8491690
1900,224.224,195.975,17.448,31.104,0.4871325
1900,677.747,172.311,29.272,79.816,0.8629556
1900,231.791,195.533,17.564,33.762,0.1418634
1925,317.867,185.321,20.900,57.010,0.9997886
1925,306.263,195.865,12.646,29.627,0.9594539
1925,106.293,191.738,12.317,25.148,0.5173373
1925,552.254,189.384,22.238,44.756,0.6398205
1925,340.821,187.574,20.819,53.145,0.9960321
1925,11.416,189.491,19.406,36.678,0.9987060
1925,243.825,191.263,21.955,35.636,0.9959751
1925,27.442,189.970,14.702,26.493,0.8625994
1925,468.697,174.375,44.376,84.089,0.9926762
1925,240.697,192.357,16.942,29.317,0.0595165
1950,367.164,190.898,22.885,52.667,0.9972509
1950,330.398,197.578,14.753,33.923,0.9814839
1950,339.590,188.643,24.304,54.083,0.9432323
1950,454.579,178.440,44.636,81.646,0.9997826
1950,263.798,191.037,22.406,39.554,0.9989042
1950,48.185,189.135,23.314,41.142,0.9998980
1950,339.340,188.957,24.868,53.732,0.2487910
1975,394.748,189.239,21.872,58.022,0.9994210
1975,351.067,192.676,16.775,37.050,0.9991393
1975,364.150,187.029,23.281,58.512,0.9990069
1975,684.933,182.739,22.020,49.017,0.9930151
1975,53.861,183.757,30.411,54.647,0.9999654
1975,455.814,178.798,40.593,77.380,0.9867975
1975,281.791,195.150,18.222,34.384,0.9229851
1975,285.875,192.976,22.618,39.083,0.9904866
1975,153.655,191.040,18.021,33.284,0.7553255
1975,108.359,190.369,14.227,25.808,0.1489864
2000,415.951,184.238,23.085,63.934,0.9994922
2000,305.978,190.879,15.880,37.384,0.9921046
2000,368.744,188.438,18.473,41.849,0.9968309
2000,178.964,188.464,12.951,27.129,0.1938686
2000,291.156,191.862,18.984,37.184,0.0626134
2000,381.844,177.522,26.602,71.883,0.9986241
2000,298.519,190.878,18.185,35.645,0.0738419
2000,288.863,191.341,19.713,38.216,0.9993656
2000,454.195,176.001,43.276,83.384,0.9992204
2000,26.656,186.410,21.879,40.843,0.8762859
2000,164.180,191.719,16.330,29.889,0.2720734
2000,68.845,189.385,15.592,26.992,0.2701401
2025,391.499,187.762,17.011,38.565,0.9993715
2025,397.862,184.568,19.366,46.735,0.0887607
2025,321.440,186.471,15.994,37.147,0.4399566
2025,312.372,188.542,14.212,32.102,0.7515098
2025,316.659,187.214,15.116,34.861,0.0865747
2025,446.239,177.838,29.054,78.803,0.0781500
2025,404.455,178.743,26.750,70.832,0.9976186
2025,38.789,182.266,22.670,41.281,0.9998913
2025,291.182,185.743,20.720,40.883,0.9988664
2025,62.100,183.572,17.600,33.530,0.9979454
2025,176.408,187.303,18.777,33.223,0.7872804
2025,451.464,169.961,46.744,86.141,0.8673919
2025,321.258,185.480,16.759,38.719,0.1256809
2025,131.393,183.669,16.669,28.331,0.1255678
2050,418.014,188.042,16.901,38.586,0.9996392
2050,221.590,184.655,13.721,28.589,0.9359837
2050,337.397,185.480,17.453,37.185,0.1952333
2050,478.782,173.538,33.876,79.465,0.8733020
2050,40.909,179.134,28.663,51.698,0.9999535
2050,299.409,187.937,20.941,39.611,0.9989819
2050,60.494,183.187,18.002,35.780,0.9962683
2050,445.914,167.271,43.735,86.436,0.3409306
2050,192.165,187.609,19.582,33.752,0.7620820
2050,337.185,185.906,18.547,36.309,0.5519412
2075,473.497,163.287,35.541,95.077,0.9977920
2075,245.564,184.788,14.915,29.512,0.9876923
2075,517.756,175.404,36.073,81.469,0.9948446
2075,516.991,183.838,21.683,49.987,0.7570568
2075,331.686,188.577,13.901,30.818,0.1012489
2075,135.842,182.076,13.792,25.957,0.1130924
2075,18.362,171.466,33.657,61.734,0.9999590
2075,50.751,182.041,20.685,38.109,0.9994555
2075,205.311,184.571,20.349,36.534,0.9998378
2075,304.500,186.711,20.360,40.296,0.9988986
2075,436.591,167.937,45.485,91.114,0.9847041
2075,135.289,181.821,14.772,26.090,0.1681711
2100,271.467,184.511,15.559,30.801,0.9981772
2100,174.266,182.458,12.758,26.075,0.2282564
2100,571.689,165.783,44.987,104.172,0.9979740
2100,552.346,181.532,15.214,51.691,0.0706269
2100,525.229,159.794,44.693,110.519,0.9952630
2100,220.804,185.685,18.066,35.714,0.4366632
2100,558.762,178.627,20.244,52.656,0.9035641
2100,35.117,179.282,26.254,46.232,0.9999008
2100,123.651,180.771,16.731,27.551,0.9931247
2100,309.245,185.419,21.629,41.255,0.9970079
2100,444.493,168.372,52.276,89.946,0.9968433
2100,524.128,157.346,45.886,104.166,0.1076651
2100,220.696,184.965,19.136,36.435,0.7286252
2125,295.340,180.218,16.071,33.833,0.9993217
2125,578.980,177.002,22.474,53.214,0.9961063
2125,184.969,178.729,12.464,26.570,0.7118822
2125,395.277,182.032,18.667,39.523,0.5956234
2125,41.456,168.558,11.684,26.565,0.3358651
2125,587.400,149.439,49.929,111.600,0.9838175
2125,665.701,146.186,38.409,128.181,0.6145533
2125,237.564,184.260,16.133,32.761,0.3593590
2125,230.483,183.547,15.451,33.694,0.4688167
2125,371.466,181.522,18.286,38.348,0.2401189
2125,100.868,174.923,19.001,30.053,0.9991226
2125,18.223,174.938,27.517,49.728,0.9999043
2125,586.383,144.059,52.208,116.079,0.2381263
2125,487.116,162.240,49.178,95.264,0.9906074
2125,664.665,145.041,41.019,128.300,0.8702102
2125,313.382,182.116,20.081,39.209,0.9929312
2150,615.504,175.979,23.263,57.154,0.9997153
2150,419.803,185.323,18.635,42.277,0.9992419
2150,598.309,178.269,22.291,55.579,0.9996259
2150,45.527,170.094,13.072,27.411,0.8965504
2150,182.477,180.056,12.737,26.057,0.8666984
2150,382.282,180.425,20.941,41.742,0.4996037
2150,240.659,185.146,16.336,35.014,0.4934399
2150,646.780,131.699,57.098,164.766,0.8768582
2150,399.168,182.651,20.908,42.810,0.6253403
2150,504.752,166.231,51.821,95.981,0.9996131
2150,63.091,175.449,18.957,28.921,0.9923896
2150,303.350,182.446,24.586,44.397,0.9996704
2150,646.036,131.082,58.798,166.383,0.4056014
2175,391.824,173.213,22.260,50.333,0.9994560
2175,633.269,170.046,25.384,64.496,0.9989285
2175,612.312,175.203,24.682,59.760,0.9998397
2175,313.689,180.358,18.644,38.178,0.9995302
2175,379.344,174.669,20.978,47.351,0.9992873
2175,545.383,175.524,24.497,50.200,0.9988130
2175,172.775,176.371,13.782,29.651,0.9616183
2175,42.520,170.645,13.423,24.210,0.4496690
2175,347.740,173.080,19.021,43.664,0.7117263
2175,225.599,182.039,18.218,35.902,0.2718132
2175,417.604,179.554,21.868,46.459,0.9340909
2175,234.535,179.304,16.095,40.375,0.8222986
2175,413.984,181.708,16.478,39.414,0.0911002
2175,280.057,180.707,24.294,44.740,0.9993974
2175,16.425,166.304,17.404,33.173,0.7004038
2175,500.406,163.244,48.334,94.813,0.9992211
2175,347.188,173.866,19.382,41.475,0.0776113
2200,660.005,168.013,28.901,72.024,0.9997582
2200,49.682,167.119,13.591,27.275,0.9937506
2200,480.006,179.932,18.583,49.753,0.9976024
2200,579.919,172.482,24.181,53.950,0.9992294
2200,643.874,174.196,24.956,64.201,0.9993375
2200,457.247,180.399,20.100,47.405,0.9528180
2200,330.530,177.704,18.107,38.453,0.9106722
2200,242.223,178.454,15.430,33.729,0.9809996
2200,229.475,179.703,19.997,41.444,0.9350716
2200,357.201,167.336,19.062,48.869,0.2201111
2200,236.616,179.973,16.569,37.630,0.3545271
2200,444.031,176.226,23.859,51.032,0.8239936
2200,651.309,169.929,26.629,70.173,0.0776004
2200,486.666,164.421,50.665,94.770,0.9996142
2200,265.992,176.733,24.895,43.812,0.9987935
2225,534.442,178.118,24.661,58.603,0.9983379
2225,75.291,170.474,13.241,26.766,0.9924195
2225,631.199,172.550,26.814,56.824,0.9944629
2225,365.138,177.813,19.842,42.811,0.9975857
2225,428.307,172.019,20.691,55.059,0.9778180
2225,184.190,175.544,16.156,31.130,0.9509212
2225,382.711,174.229,22.198,46.917,0.8524882
2225,358.453,180.991,18.191,37.272,0.3041359
2225,519.050,180.777,16.871,55.963,0.0999419
2225,193.455,178.310,13.444,28.239,0.0718209
2225,265.004,180.390,12.999,36.729,0.2723725
2225,256.649,180.736,15.776,40.840,0.2949223
2225,246.711,180.646,21.016,43.964,0.8957829
2225,480.450,165.021,52.333,95.447,0.9963025
2225,266.748,177.149,27.947,50.720,0.9936963
2225,381.750,174.579,24.115,43.813,0.0814335
2250,561.723,168.667,33.391,67.904,0.9998046
2250,604.006,170.584,28.731,69.722,0.9957814
2250,98.801,167.186,16.555,30.984,0.9996452
2250,288.781,174.753,16.283,37.983,0.9907237
2250,197.083,173.465,17.373,35.896,0.9987889
2250,581.919,173.842,23.027,62.624,0.9905979
2250,437.173,169.588,21.467,53.492,0.9885628
2250,691.804,180.888,15.078,41.167,0.0591649
2250,278.518,176.312,19.495,43.647,0.2858034
2250,405.966,171.563,25.185,52.260,0.8750868
2250,330.448,175.525,17.807,37.945,0.1273308
2250,476.744,164.978,51.521,95.755,0.9997366
2250,405.299,172.556,26.516,49.404,0.4180605
2250,266.432,175.026,27.449,49.806,0.6550627
2275,304.916,171.986,17.895,40.777,0.9994486
2275,117.558,165.939,17.372,32.893,0.9998139
2275,202.093,170.326,17.870,39.096,0.9793054
2275,280.460,176.785,18.392,45.372,0.9499409
2275,289.299,175.529,20.775,49.268,0.8193768
2275,444.635,170.724,20.301,47.805,0.0654533
2275,433.693,171.351,21.034,46.533,0.4225444
2275,645.080,163.156,40.609,82.286,0.9903095
2275,659.891,168.377,38.679,76.805,0.5201166
2275,677.493,170.214,24.052,72.723,0.3857099
2275,451.039,161.052,49.207,96.419,0.9446871
2275,259.307,173.931,23.966,47.953,0.9958898
2300,121.607,164.003,19.261,37.452,0.9993073
2300,307.263,169.923,19.262,44.999,0.9996223
2300,187.420,169.151,19.644,40.743,0.9982246
2300,275.895,174.843,20.313,51.747,0.9515374
2300,447.210,168.318,20.635,62.833,0.3513107
2300,474.368,161.512,27.588,70.493,0.5310569
2300,457.825,164.553,31.355,65.890,0.6821055
2300,285.845,172.349,20.757,55.128,0.5854341
2300,402.263,164.203,48.501,91.198,0.9999243
2300,234.898,170.640,26.965,51.731,0.7741587
2325,121.413,158.244,19.341,38.900,0.9996567
2325,305.763,164.666,19.264,44.744,0.9992450
2325,501.471,158.528,32.660,70.467,0.9981064
2325,168.904,163.528,21.060,44.063,0.9979824
2325,474.001,154.489,36.190,75.200,0.9568523
2325,216.133,167.097,19.027,41.755,0.3085546
2325,264.201,167.832,22.068,55.324,0.9175215
2325,463.537,161.684,29.962,64.894,0.5048211
2325,453.092,162.798,26.863,58.712,0.1249871
2325,446.764,163.765,23.677,53.028,0.6109755
2325,272.935,165.431,25.146,61.331,0.6129330
2325,336.160,159.866,46.771,87.469,0.9999642
2325,201.910,162.343,28.345,56.585,0.8973850
2325,212.045,163.197,21.467,46.669,0.0923797
2350,248.021,172.970,23.138,63.559,0.9984511
2350,145.497,169.500,18.725,41.671,0.9754382
2350,322.566,176.759,20.132,41.519,0.9200994
2350,259.750,170.703,25.520,65.174,0.9466789
2350,119.736,163.327,19.396,44.010,0.7481496
2350,534.674,169.146,20.344,45.697,0.0852395
2350,182.585,167.869,21.094,51.174,0.1203124
2350,458.321,162.043,31.174,74.056,0.9767977
2350,363.248,171.979,18.990,43.244,0.0796139
2350,446.447,166.406,27.762,61.111,0.0732171
2350,538.015,162.964,36.348,85.463,0.6041722
2350,278.736,161.514,50.156,92.699,0.9996063
2350,259.200,169.661,27.265,64.759,0.0532294
2350,119.980,162.916,20.409,44.512,0.5959551
2350,447.641,166.554,24.905,50.644,0.0630970
2350,361.610,171.233,21.012,41.882,0.9365814
2350,169.883,165.118,27.497,55.790,0.9853898
2375,447.501,150.470,38.783,79.628,0.7800372
2375,593.620,144.818,40.708,99.957,0.9989552
2375,289.064,159.113,23.600,51.767,0.9927562
2375,116.192,156.155,18.871,46.275,0.8795356
2375,303.425,168.849,19.913,42.152,0.5137016
2375,472.979,144.792,40.716,86.908,0.9939585
2375,242.334,159.434,27.093,74.875,0.2611574
2375,441.329,153.170,28.767,65.324,0.0987182
2375,134.215,155.144,30.237,55.749,0.9978935
2375,302.465,169.125,21.454,38.709,0.5386546
2375,144.293,158.752,21.968,43.407,0.3818437
2375,439.789,157.421,27.643,52.541,0.0904504
2375,544.970,164.272,22.723,37.894,0.0539642
2375,239.991,160.269,29.571,69.378,0.1554550
2375,217.031,155.255,48.536,86.718,0.8777972
2400,461.743,140.155,41.968,100.294,0.9996997
2400,117.914,159.796,16.734,40.478,0.5374840
2400,276.047,160.251,26.132,51.026,0.9819379
2400,430.362,144.905,41.302,88.611,0.9320880
2400,83.950,160.967,19.774,43.465,0.9259449
2400,685.672,138.562,21.307,114.670,0.3920223
2400,194.639,162.635,29.234,73.266,0.8838118
2400,208.158,157.947,35.439,82.206,0.3072924
2400,138.421,154.486,47.448,85.292,0.9998671
2400,99.744,154.628,27.251,54.119,0.9933849
2400,683.737,139.765,23.723,101.674,0.3420617
2400,111.875,158.423,18.748,46.910,0.1935631
2425,418.115,141.609,35.800,96.713,0.9994971
2425,260.920,160.411,25.139,55.089,0.9998260
2425,115.666,159.762,20.700,43.790,0.7435610
2425,56.006,162.604,17.526,39.886,0.7401323
2425,551.716,160.827,19.171,45.263,0.2913174
2425,325.313,165.119,20.223,52.276,0.6810109
2425,443.501,132.000,41.125,111.063,0.9992693
2425,179.142,156.676,37.554,86.980,0.4197267
2425,160.590,157.006,36.133,86.977,0.9773980
2425,58.814,152.071,47.186,81.063,0.7032679
2425,55.793,164.622,18.792,34.863,0.1600466
2425,325.280,164.319,20.758,47.359,0.1382285
2450,424.966,119.873,45.511,116.569,0.9997906
2450,28.143,155.994,22.649,51.250,0.9996713
2450,392.984,130.500,37.345,102.974,0.9993610
2450,312.301,158.393,21.453,49.099,0.8226214
2450,247.730,156.264,26.150,57.002,0.9997695
2450,234.057,165.566,18.277,39.576,0.7434891
2450,144.051,149.764,44.093,101.641,0.8339497
2450,2.886,149.124,23.353,93.133,0.0510790
2450,119.235,151.066,43.312,92.328,0.1435970
2450,116.618,159.645,16.993,43.971,0.2822258
2450,86.434,156.414,36.806,60.623,0.9983585
2450,234.511,167.269,19.059,35.656,0.2453401
2450,115.361,158.630,17.948,41.408,0.0828053
2450,101.541,157.190,27.172,45.741,0.0716618
2450,3.220,151.477,25.936,81.119,0.9577964
2475,235.359,158.450,25.866,62.164,0.9994110
2475,277.193,166.043,18.079,46.022,0.9676036
2475,6.123,157.711,22.289,51.928,0.9980038
2475,364.261,128.232,50.440,121.992,0.9977903
2475,303.778,160.922,21.484,51.047,0.8750121
2475,78.090,149.458,43.226,104.659,0.9392519
2475,101.719,150.819,46.973,105.208,0.3288940
2475,189.933,167.858,25.812,49.589,0.9946982
2500,244.464,150.283,25.159,67.070,0.9998208
2500,6.602,149.799,22.237,51.657,0.9995333
2500,312.422,153.261,23.715,49.996,0.8691967
2500,353.959,114.269,53.444,129.459,0.9994977
2500,73.428,133.706,50.075,126.819,0.6712077
2500,391.824,108.150,53.671,133.928,0.9961337
2500,47.879,137.449,49.240,120.273,0.3685628
2500,267.693,158.115,25.239,45.314,0.9935278
2500,393.161,104.594,51.855,125.782,0.2173672
2500,168.573,152.412,37.666,59.613,0.1235280
2500,311.355,153.753,23.406,46.963,0.1864331
2525,101.843,160.906,24.632,52.668,0.9991085
2525,259.802,169.939,24.746,51.503,0.9915040
2525,435.699,116.383,58.760,132.573,0.9388633
2525,478.625,105.141,61.445,157.330,0.9668608
2525,332.707,167.989,23.219,58.860,0.0551831
2525,147.835,141.397,51.306,132.612,0.9869887
2525,115.779,145.798,52.043,125.940,0.8847880
2525,333.654,160.795,38.782,71.039,0.9734017
2525,115.943,172.857,16.757,38.978,0.0586194
2525,225.435,168.248,24.101,53.952,0.0909251
2525,225.946,170.193,22.813,45.922,0.9949975
2525,383.458,165.872,32.190,58.104,0.9980044
2525,471.561,104.044,66.186,158.862,0.0610590
2550,677.889,128.126,28.989,81.753,0.6582800
2550,542.474,153.330,23.101,60.970,0.9935700
2550,469.453,159.256,26.306,54.498,0.9691408
2550,147.213,160.758,18.983,41.715,0.9973152
2550,509.866,158.549,24.186,58.848,0.7903642
2550,262.874,138.170,50.849,134.349,0.3051582
2550,239.414,158.394,20.479,47.773,0.7726671
2550,244.992,139.733,50.059,129.836,0.0866510
2550,429.594,163.382,22.690,54.206,0.1574604
2550,331.783,163.867,25.149,53.418,0.1152116
2550,239.149,153.216,31.687,76.640,0.0576864
2550,674.076,117.571,27.960,129.681,0.2573619
2550,569.144,106.216,59.948,147.733,0.1193370
2550,488.465,151.607,32.563,74.160,0.9977302
2550,278.724,129.932,58.856,147.254,0.9479300
2550,574.747,107.281,134.397,147.319,0.0737003
2550,636.392,90.891,60.225,169.291,0.8623420
2550,78.893,160.678,33.538,60.198,0.9997038
2550,330.851,163.877,26.089,49.035,0.9888865
2550,568.795,104.841,58.072,142.771,0.9714333
2550,635.336,92.813,64.570,161.671,0.0887063
2550,561.140,155.242,26.341,50.772,0.3701720
2550,508.552,159.235,25.551,54.371,0.5349592
2550,676.615,127.757,31.997,80.661,0.1245873
2575,631.810,160.146,25.051,63.677,0.9997782
2575,224.517,170.644,19.459,43.620,0.9998841
2575,674.868,108.575,31.231,147.891,0.8411766
2575,356.004,128.956,68.596,170.869,0.9974306
2575,316.472,137.813,57.105,159.880,0.8880740
2575,119.924,174.767,26.993,54.072,0.0542214
2575,17.547,163.854,34.117,76.688,0.1123040
2575,314.356,167.575,20.757,55.374,0.0810518
2575,119.111,173.496,31.234,56.085,0.9869738
2575,538.412,167.402,31.300,54.832,0.1973860
2600,664.155,158.802,30.876,68.736,0.9998600
2600,628.918,157.755,32.544,88.624,0.9995819
2600,558.461,168.247,35.521,61.068,0.0699495
2600,372.061,124.289,79.454,192.162,0.9970291
2600,249.011,169.910,23.508,48.903,0.9946581
2600,334.636,167.538,18.286,50.889,0.9468833
2600,364.363,133.279,52.845,174.877,0.3495536
2600,337.660,129.179,63.095,183.860,0.9317750
2600,108.118,177.447,28.917,52.347,0.9996691
2600,598.460,166.241,32.486,64.664,0.9978071
2600,555.682,169.266,39.582,55.824,0.2204907
2625,664.920,158.192,29.286,74.799,0.9992250
2625,247.876,168.761,23.663,50.985,0.9999486
2625,636.651,158.883,34.178,82.393,0.9982711
2625,351.332,106.943,100.675,226.500,0.9976351
2625,309.563,113.537,88.630,222.157,0.9967566
2625,691.188,164.330,16.120,68.032,0.2540470
2625,534.749,164.833,39.515,74.478,0.2266304
2625,71.566,177.258,24.755,51.123,0.2110277
2625,303.194,167.841,30.316,77.055,0.2302914
2625,92.557,160.196,35.806,85.036,0.2105648
2625,300.478,170.386,36.705,70.952,0.9625480
2625,532.089,165.149,42.124,68.880,0.9601967
2650,286.885,102.645,98.875,265.063,0.9998959
2650,360.727,90.196,105.181,285.892,0.9995433
2650,650.111,161.021,32.260,84.561,0.7678792
2650,665.695,160.776,34.623,81.225,0.9983443
2650,528.342,167.820,29.089,72.831,0.9454703
2650,43.066,186.029,14.274,34.177,0.1439768
2650,107.870,159.148,33.914,94.611,0.9948127
2650,45.617,179.996,28.117,51.758,0.9999045
2650,221.952,167.641,46.941,71.688,0.9978921
2650,489.122,166.654,50.055,73.143,0.9975544
2650,527.160,168.560,30.358,68.429,0.1704634
2675,241.150,165.470,26.385,58.687,0.9999429
2675,282.995,73.979,111.552,335.518,0.9998920
2675,673.976,149.818,33.085,99.396,0.9958627
2675,367.194,47.288,126.455,359.356,0.9989104
2675,28.078,176.585,24.475,51.645,0.9981726
2675,136.488,155.238,52.080,96.295,0.9994565
2700,264.214,161.464,23.066,59.897,0.9995512
2700,294.085,28.766,136.641,439.722,0.9992077
2700,199.915,152.892,42.154,103.346,0.1780482
2700,410.207,9.974,149.715,473.364,0.9915794
2700,6.739,146.741,55.232,99.412,0.9997681
2725,278.255,146.009,48.428,106.018,0.9923626
2725,437.821,1.000,190.797,508.227,0.9166253
2725,319.162,10.399,167.791,478.913,0.9969777
2725,456.048,19.105,100.908,459.370,0.0689668
2725,50.987,170.197,23.235,47.788,0.9996223
2725,640.218,151.452,52.146,90.107,0.9944607
2750,296.002,159.418,28.029,66.763,0.9998920
2750,570.123,160.467,43.711,95.376,0.9720327
2750,314.741,26.832,150.356,447.094,0.9987923
2750,426.402,59.826,100.470,399.730,0.0599731
2750,418.533,15.535,169.004,490.579,0.9777028
2750,543.014,85.712,78.523,399.140,0.0774451
2750,41.385,178.353,22.264,47.001,0.9996480
2750,568.556,162.922,43.210,86.003,0.2464678
2775,302.743,158.857,29.126,71.782,0.9991364
2775,312.400,54.309,136.246,391.914,0.9998931
2775,6.667,167.473,14.286,43.866,0.4895218
2775,413.983,40.808,157.356,407.314,0.9948768
2775,40.075,183.890,16.237,33.558,0.1342494
2775,409.290,142.015,32.162,129.459,0.0589273
2775,661.951,163.267,44.502,82.532,0.9990854
2775,28.636,178.849,22.964,44.901,0.9972620
2775,36.171,182.594,18.591,36.532,0.2187067
2800,297.246,168.363,23.302,53.353,0.9997134
2800,304.349,63.068,115.942,355.609,0.9997928
2800,662.331,120.132,45.624,153.735,0.9728380
2800,392.827,36.641,118.718,397.645,0.9994849
2800,486.348,157.096,31.284,103.027,0.9970701
2800,17.240,143.647,58.383,115.694,0.9999163
2800,658.548,118.333,52.265,166.250,0.0615452
2800,17.488,175.772,18.695,43.052,0.0592399
2800,603.011,195.240,25.072,55.286,0.3379619
2825,281.464,70.916,114.086,329.983,0.9997012
2825,567.407,168.979,32.309,76.998,0.9601266
2825,549.688,159.872,39.542,90.482,0.3199067
2825,364.765,60.738,118.233,348.212,0.9995428
2825,641.496,122.527,54.702,154.956,0.5533118
2825,66.389,155.282,44.325,88.963,0.9999399
2825,13.845,181.880,18.307,40.382,0.9983591
2825,638.455,122.485,60.698,165.859,0.7053106
2850,276.389,81.471,104.623,298.564,0.9998263
2850,24.531,186.074,14.889,31.392,0.4406312
2850,348.389,71.769,113.927,319.091,0.9996672
2850,270.571,143.399,41.441,129.174,0.9023450
2850,593.194,127.815,38.733,130.886,0.8406256
2850,277.814,124.970,42.066,207.562,0.1227592
2850,92.304,167.283,37.061,71.999,0.9999611
2850,9.097,184.104,19.572,41.032,0.9730852
2850,23.956,186.366,15.646,29.958,0.1470014
2850,506.492,169.995,44.852,72.668,0.9989722
2850,273.363,144.226,39.119,120.979,0.1710512
2875,281.595,132.133,62.709,179.681,0.6903287
2875,276.907,146.898,45.522,133.921,0.8691016
2875,275.629,169.340,21.700,53.582,0.9866092
2875,285.503,100.179,94.110,261.171,0.9992072
2875,663.737,150.059,37.826,102.493,0.2054580
2875,341.829,85.372,108.309,300.961,0.9997029
2875,548.103,135.132,52.690,121.962,0.9978078
2875,337.561,111.421,48.976,260.584,0.0781595
2875,100.513,169.604,32.547,67.436,0.9999474
2875,181.378,154.845,51.914,84.119,0.9997616
2875,450.304,169.072,46.924,82.564,0.9998606
2875,23.414,186.283,19.993,35.512,0.9994926
2900,519.366,137.384,56.545,124.816,0.9983450
2900,299.838,108.893,90.516,238.723,0.9996704
2900,269.941,169.426,23.387,49.547,0.9994100
2900,292.329,143.835,48.150,141.991,0.8432611
2900,360.316,85.082,99.277,290.747,0.9998553
2900,557.612,128.816,50.966,125.410,0.9756199
2900,66.641,153.729,52.915,88.968,0.9999061
2900,555.585,130.506,52.780,117.919,0.1118506
2900,110.257,172.212,16.354,41.034,0.0766720
2900,294.578,149.141,43.793,113.528,0.1863211
2925,320.016,110.599,81.106,233.550,0.9998451
2925,368.721,97.812,91.903,257.331,0.9997625
2925,500.807,141.676,51.502,118.595,0.9990498
2925,264.835,171.119,20.993,48.322,0.9990630
2925,534.383,134.953,47.301,120.326,0.9136302
2925,281.610,145.896,54.022,132.921,0.9926962
2925,10.617,1.000,140.059,462.595,0.1472895
2925,4.584,4.931,153.753,418.120,0.9916978
2925,277.472,140.192,55.585,131.944,0.0914428
2950,324.292,117.656,74.953,216.423,0.9996616
2950,428.979,165.395,30.707,79.465,0.9812835
2950,509.493,142.173,45.902,129.183,0.9959422
2950,258.708,173.396,18.862,37.854,0.9563057
2950,366.716,103.801,87.885,244.888,0.9998257
2950,478.489,150.243,46.333,115.956,0.9989681
2950,321.601,171.621,23.570,74.485,0.4215988
2950,418.023,152.810,45.345,146.447,0.0665078
2950,400.974,135.932,56.301,195.274,0.1104122
2950,281.406,147.548,51.183,129.224,0.6167082
2950,96.648,176.277,26.566,52.366,0.9999533
2950,18.020,187.630,17.786,30.333,0.9855242
2950,177.804,87.933,102.034,263.936,0.9998755
2950,280.442,144.601,52.327,127.695,0.8044190
2950,258.497,173.287,18.958,38.388,0.0514449
2975,455.361,155.687,43.832,109.188,0.9985595
2975,318.306,159.997,26.230,82.628,0.3222406
2975,370.358,109.803,85.050,232.191,0.9996492
2975,485.071,148.605,46.502,124.770,0.9960300
2975,330.385,118.690,67.722,215.283,0.9947930
2975,4.915,115.258,37.790,190.682,0.0814521
2975,240.651,132.588,85.439,173.980,0.0594236
2975,280.892,143.096,41.781,138.408,0.3629206
2975,301.684,126.571,184.240,202.121,0.1980783
2975,90.269,177.141,25.102,50.227,0.9999493
2975,5.591,118.910,40.023,155.818,0.7710539
2975,281.875,142.273,48.872,124.271,0.4433601
2975,316.731,158.745,26.359,80.628,0.2289908
2975,235.657,112.848,79.303,205.278,0.9995140
