25,653.636108,211.432007,20.322693,45.784637,0.003263
25,668.815369,210.696915,20.744263,45.427322,0.000858
25,682.586060,210.725510,20.778442,45.565872,0.000597
25,672.147217,225.565460,15.713745,33.937653,0.000447
25,321.562927,228.438019,12.072327,26.220749,0.000292
25,663.219788,198.353210,31.733398,70.500977,0.000209
25,317.823242,217.304657,17.114105,36.117264,0.000153
25,338.992401,229.672577,10.562195,22.644684,0.000117
25,481.284332,236.208939,15.941498,33.798386,0.000115
25,484.611877,242.701584,10.787109,23.950882,0.000115
25,704.878540,212.809006,15.121460,37.338837,0.000110
25,662.863831,49.186485,52.935913,203.872772,0.000105
25,303.585541,213.609207,20.747437,42.279770,0.000081
25,672.615906,129.545944,44.025391,181.874710,0.000068
25,337.464050,222.614517,10.669861,22.715530,0.000063
25,225.303085,233.837433,11.848099,25.928894,0.000053
25,355.107483,222.150284,10.649292,22.248688,0.000043
25,320.681091,211.405411,12.338745,25.587830,0.000039
25,479.414764,219.097473,18.912415,39.654907,0.000035
25,221.573914,231.194061,17.840317,36.682770,0.000031
25,307.099854,227.158096,13.173462,28.403915,0.000025
25,566.021484,46.183132,131.020386,246.086578,0.000025
25,290.516724,227.144409,13.897980,30.085938,0.000020
25,290.371765,214.537949,15.012177,32.585373,0.000017
25,483.735626,222.366776,12.748779,27.928329,0.000010
25,449.980408,219.390350,10.895599,24.227112,0.000010
25,496.937714,231.145752,12.160217,26.056519,0.000008
25,171.151886,288.353760,113.247406,238.586182,0.000006
25,114.160339,281.335693,12.008530,25.337952,0.000005
25,432.538361,216.497589,13.774811,29.327927,0.000004
25,432.373810,227.324097,13.986267,29.513428,0.000003
25,416.018280,224.706970,17.126221,35.467041,0.000002
50,652.546509,199.694580,23.025146,52.647034,0.000281
50,705.186523,196.845398,14.813477,37.874084,0.000181
50,705.172180,212.052109,14.827820,37.655151,0.000175
50,705.210449,181.577530,14.789551,37.683929,0.000141
50,306.855957,220.275192,11.695831,24.271515,0.000121
50,705.344788,227.331863,14.655212,36.965530,0.000117
50,699.362366,204.051971,20.018372,57.892700,0.000109
50,666.102356,46.975861,50.928101,201.886810,0.000075
50,273.994598,228.770691,12.075165,25.904663,0.000069
50,269.538361,214.315201,19.547913,40.758667,0.000057
50,289.443146,220.269592,11.779541,24.685181,0.000052
50,272.987610,218.340271,13.538971,28.331482,0.000046
50,548.329468,36.903198,127.700989,238.879303,0.000044
50,353.541626,201.949051,14.819489,31.530289,0.000041
50,258.654877,227.519043,13.364471,28.975952,0.000033
50,253.955063,210.192657,23.471878,47.188080,0.000029
50,484.919678,232.500076,12.570282,26.378494,0.000028
50,259.107544,215.679626,14.388336,31.397293,0.000027
50,576.506042,209.615479,15.700439,35.156006,0.000023
50,353.704315,213.332474,15.583038,32.373215,0.000022
50,241.284088,213.977356,15.463440,32.739868,0.000021
50,288.507416,208.796646,12.416412,25.912903,0.000018
50,272.945435,209.081024,13.361877,27.785645,0.000017
50,216.978363,183.041122,31.808899,72.554901,0.000016
50,629.686829,93.038116,79.425598,197.559448,0.000015
50,369.528839,227.500854,13.659912,28.576996,0.000010
50,368.600250,215.113480,15.127014,31.314636,0.000010
50,385.643280,218.297623,12.773224,27.239044,0.000008
50,498.434357,230.923187,12.070251,26.861298,0.000007
50,225.192963,197.259598,15.338013,33.880707,0.000007
50,259.163330,205.106339,13.583191,29.430252,0.000007
50,386.338135,229.028732,11.971100,25.332169,0.000007
50,493.742767,225.418716,18.396393,38.797775,0.000006
50,402.326355,218.658051,11.370667,25.155106,0.000005
50,419.588501,218.803391,10.441895,23.302856,0.000004
50,402.775635,228.658295,11.215393,24.074295,0.000004
50,497.622650,217.993866,13.610626,30.059799,0.000002
75,505.894836,77.464401,32.670471,70.741119,0.000458
75,657.796021,214.451904,14.649963,32.429443,0.000216
75,610.111816,200.522583,13.721375,30.119247,0.000157
75,494.977417,74.807747,70.164246,153.044128,0.000132
75,16.426029,260.758392,18.886719,40.223785,0.000109
75,705.516479,244.483627,14.483521,36.505356,0.000089
75,705.636597,229.216934,14.363403,36.657516,0.000080
75,692.183655,208.494125,27.008484,90.395157,0.000077
75,705.774597,213.637482,14.225403,36.485443,0.000074
75,572.590759,193.104599,21.722534,50.733170,0.000068
75,257.692474,230.449142,11.653198,24.982391,0.000065
75,12.191701,239.495285,27.045372,59.898453,0.000046
75,307.144867,217.697556,12.746704,26.991699,0.000045
75,242.593506,229.888489,12.223099,26.115326,0.000041
75,673.452698,163.539078,43.968323,192.978317,0.000037
75,387.183167,232.579514,11.331512,24.618637,0.000031
75,668.128418,44.156933,49.662842,213.232956,0.000028
75,354.103912,218.422211,12.282074,26.591568,0.000024
75,238.415817,215.711792,19.999771,41.294891,0.000020
75,242.471695,220.130280,12.787918,27.362030,0.000016
75,386.660858,220.852142,12.211975,26.614044,0.000015
75,355.072571,230.407150,11.193512,23.766373,0.000015
75,371.652649,231.562408,11.064911,24.039780,0.000014
75,370.937531,219.876709,11.891296,25.948700,0.000014
75,256.530670,219.165939,12.834900,27.532333,0.000013
75,402.363373,233.267548,11.221130,23.554871,0.000012
75,291.019501,237.971680,110.158722,229.202454,0.000010
75,322.274445,205.216049,13.118256,28.392120,0.000009
75,322.448395,216.358292,13.759430,29.375122,0.000008
75,322.992310,228.036835,12.626892,26.539780,0.000008
75,317.145081,211.386719,22.040283,43.204742,0.000007
75,242.267227,208.649353,12.367813,26.375046,0.000007
75,337.818237,206.302597,12.687836,26.541031,0.000007
75,256.152649,206.477386,13.449921,28.830017,0.000006
75,333.392303,213.234634,19.816742,40.288177,0.000005
75,545.014038,243.701599,14.144958,30.916656,0.000004
75,337.790344,217.423203,13.167542,28.037399,0.000004
75,338.623383,228.374039,12.100555,25.636459,0.000003
100,536.722839,62.421375,40.984009,98.336090,0.002379
100,530.929688,58.642277,75.706482,165.763809,0.000180
100,705.433960,213.051987,14.566040,36.304596,0.000135
100,387.995972,249.748276,10.986267,23.458084,0.000123
100,372.687866,249.519791,10.574707,22.929611,0.000105
100,705.660217,308.311462,14.339783,36.339722,0.000068
100,291.424835,233.896576,12.645294,27.218750,0.000063
100,705.379883,292.689301,14.620117,37.355743,0.000060
100,225.645554,244.764252,12.034958,25.601593,0.000057
100,705.405212,277.178955,14.594788,37.343872,0.000055
100,705.345154,260.292664,14.654846,37.090424,0.000054
100,195.180206,233.781815,13.118576,27.125412,0.000050
100,222.249069,230.517441,18.364609,39.103012,0.000049
100,211.936264,235.158340,12.930405,27.420151,0.000049
100,692.530029,269.483307,26.655396,90.833466,0.000039
100,699.299866,285.441559,20.245605,58.172180,0.000033
100,669.605835,43.422333,46.669128,204.515396,0.000033
100,195.423813,244.576630,12.287933,26.497498,0.000032
100,225.092697,225.706696,13.402969,27.325607,0.000031
100,211.177490,244.984207,12.124405,25.540482,0.000025
100,257.291016,235.381607,11.919006,25.249313,0.000021
100,670.006226,144.110916,45.396057,192.529434,0.000020
100,674.071472,204.934494,43.967896,191.736526,0.000020
100,240.037033,234.935165,12.965622,27.108047,0.000018
100,305.840118,222.404327,12.911835,27.597443,0.000015
100,305.860077,233.505997,13.127258,28.138077,0.000015
100,166.506317,301.983978,145.967682,246.879303,0.000014
100,599.098145,144.088913,96.710999,202.558884,0.000010
100,239.681137,220.918457,13.771057,28.998352,0.000009
100,12.288526,176.540359,25.862190,57.180206,0.000006
100,120.669792,285.513916,139.967743,260.898254,0.000005
100,560.762634,104.397697,40.810608,89.129753,0.000004
100,321.305023,234.246231,11.922729,25.699234,0.000003
100,98.934517,266.585693,10.894127,22.480530,0.000002
100,98.942497,253.634888,10.800117,23.391571,0.000002
125,658.696777,133.871948,15.755066,34.297684,0.000354
125,275.536957,248.793839,12.418182,25.386002,0.000250
125,241.915970,250.936966,11.600769,23.973709,0.000145
125,291.139526,247.630814,13.988556,28.794174,0.000136
125,259.539856,250.719055,11.191803,23.095978,0.000118
125,464.807098,96.178459,14.184082,30.241119,0.000096
125,223.070862,244.071014,18.210953,38.002319,0.000090
125,225.979782,249.567001,12.679306,26.229355,0.000088
125,242.230453,89.789223,14.300125,31.338455,0.000070
125,647.966125,124.045456,34.929749,77.720688,0.000050
125,227.048569,258.973694,11.578094,23.800385,0.000046
125,459.171753,100.784470,22.630188,48.199173,0.000042
125,180.977432,189.160492,36.182343,80.275970,0.000037
125,655.903931,133.403473,39.080994,87.722198,0.000036
125,669.826172,80.327995,46.208557,196.243774,0.000034
125,225.167404,238.132919,12.899887,27.900681,0.000033
125,193.455383,193.718338,34.131454,74.931046,0.000029
125,242.004501,101.561203,14.379227,31.004196,0.000028
125,658.449280,110.782555,34.649109,76.467781,0.000026
125,237.781464,97.395126,20.993500,43.934708,0.000022
125,616.712219,28.230421,92.354431,197.570526,0.000022
125,452.123047,94.239540,34.139038,74.473396,0.000019
125,211.153519,248.039505,13.677780,28.124863,0.000017
125,645.934998,96.191933,35.938965,77.715950,0.000017
125,241.510132,239.400360,11.395065,24.302246,0.000011
125,634.069458,101.426994,76.466370,190.477814,0.000010
125,429.810974,57.133793,83.627686,177.902634,0.000008
125,160.461121,136.403046,81.087692,168.696228,0.000008
125,125.294067,320.562469,130.116455,229.952667,0.000007
125,306.105164,238.336533,12.997101,27.219711,0.000006
125,305.809814,248.147858,13.420776,27.684479,0.000006
125,209.128693,47.514084,90.757935,193.563904,0.000006
125,668.813110,342.961456,49.532959,216.445587,0.000004
125,321.338043,237.888794,12.143250,25.627869,0.000001
125,71.832001,114.988052,115.625168,234.115128,0.000001
125,321.137726,248.783127,11.917725,25.236313,0.000001
125,227.762299,80.395409,110.993408,230.538239,0.000001
150,129.541046,267.177185,10.119186,22.304321,0.001184
150,271.637695,244.433151,18.241211,37.288895,0.000272
150,274.624908,257.166229,11.735779,24.642761,0.000237
150,115.672272,267.383484,11.443336,25.094482,0.000177
150,51.916836,283.272491,11.477089,24.820618,0.000170
150,48.317886,277.865509,16.878525,35.538513,0.000170
150,705.694641,261.557434,14.305359,35.592682,0.000114
150,324.088287,248.299698,12.267822,25.368118,0.000110
150,705.573120,245.491074,14.426880,36.737991,0.000083
150,693.386353,225.242752,25.655762,87.183548,0.000080
150,274.231934,239.099457,13.624878,29.485809,0.000079
150,289.240356,248.832962,11.942444,24.820786,0.000074
150,253.645493,241.104965,22.677475,44.882797,0.000061
150,116.020332,276.516022,11.011993,23.378387,0.000053
150,83.604980,281.628632,10.979103,23.577057,0.000050
150,671.133240,104.095543,46.089417,204.019287,0.000048
150,289.141724,238.476166,12.303070,26.322510,0.000045
150,243.631607,247.867523,13.824509,28.637268,0.000044
150,258.460266,247.416748,14.290344,29.977478,0.000040
150,339.226013,245.377762,15.008026,30.905350,0.000036
150,674.166565,181.752411,43.051453,190.304108,0.000033
150,308.060883,249.543945,11.117065,22.891998,0.000032
150,353.734314,235.087891,15.050232,31.831909,0.000029
150,99.781448,281.044464,10.590675,22.242462,0.000025
150,100.131187,269.533081,10.765755,23.324127,0.000023
150,67.108627,282.655609,11.112366,23.842651,0.000022
150,83.472664,268.834595,12.016159,26.999451,0.000022
150,353.708923,255.697647,15.198242,31.382034,0.000014
150,348.542328,238.342346,23.961792,48.974670,0.000013
150,671.416992,37.513035,45.555420,199.704269,0.000010
150,6.049600,30.634111,116.864227,269.134705,0.000009
150,209.325195,108.257706,90.365448,191.283401,0.000007
150,669.724487,342.511078,49.342102,220.602020,0.000007
150,307.083130,238.628281,11.453613,24.541550,0.000006
150,363.082672,240.424072,21.740997,44.112762,0.000003
150,368.619995,235.585922,13.477844,28.378555,0.000002
150,369.138733,258.741394,12.737854,26.077271,0.000002
150,368.198456,246.917862,13.581482,28.309891,0.000001
175,122.143242,231.066162,19.714958,41.058868,0.025694
175,127.202164,243.803528,13.223541,29.167999,0.001758
175,81.335823,280.250641,10.207520,22.537048,0.000673
175,116.673500,233.597336,13.317345,29.122879,0.000596
175,57.865440,227.893280,22.993607,51.623444,0.000523
175,54.336861,236.977646,30.843719,64.115402,0.000404
175,321.922333,235.564590,12.777222,26.998642,0.000147
175,705.850281,260.736237,14.149719,36.247925,0.000140
175,705.689880,275.823090,14.310120,36.826965,0.000113
175,79.921608,269.287018,11.462746,24.862335,0.000097
175,68.282593,281.844543,10.289413,22.433258,0.000080
175,338.222656,236.554794,11.035767,23.086288,0.000071
175,290.700104,234.568298,13.331024,27.986176,0.000063
175,339.367065,245.215729,10.892975,22.549683,0.000062
175,354.845001,236.559952,10.728394,22.362961,0.000053
175,644.179016,247.155853,12.898071,29.308014,0.000045
175,291.070618,245.137573,13.319305,28.455933,0.000043
175,307.483398,236.278931,12.822510,27.483643,0.000038
175,322.101166,245.239563,11.900726,25.367920,0.000031
175,673.175415,195.466782,43.781982,190.974594,0.000028
175,669.019653,131.570312,46.342651,191.503998,0.000026
175,306.732513,245.124893,12.941589,26.982712,0.000024
175,51.669777,283.506134,10.484406,22.574646,0.000022
175,67.162735,268.473053,12.362854,27.314667,0.000022
175,669.689453,32.891666,48.282898,214.080154,0.000011
175,388.800140,245.188385,12.345551,26.089294,0.000010
175,40.820335,206.092468,59.424156,125.377441,0.000007
175,214.295746,257.298828,93.228668,198.295532,0.000005
175,388.534973,235.535278,12.349182,26.450348,0.000004
175,621.769043,155.269608,87.620789,189.531967,0.000004
175,484.971863,126.833572,125.090942,250.764084,0.000004
175,669.575439,339.393555,48.791931,214.546875,0.000003
175,402.153473,244.860809,12.247162,25.665955,0.000002
175,401.960114,234.702438,12.385681,26.528305,0.000001
175,417.325470,232.727585,11.672668,25.390915,0.000001
175,397.195435,228.305130,20.116241,40.446671,0.000001
200,337.123352,219.739044,12.018311,24.901291,0.001890
200,238.145508,111.673126,18.898102,38.411865,0.000860
200,338.715668,228.005951,12.332306,25.314850,0.000607
200,320.962646,218.255188,13.630768,28.963165,0.000548
200,355.109680,220.145401,12.146240,25.228989,0.000338
200,233.866348,111.880814,27.343765,59.080078,0.000269
200,705.592957,260.841827,14.407043,36.558533,0.000114
200,705.705750,276.212433,14.294250,36.319550,0.000110
200,372.065643,228.805298,13.310333,27.565125,0.000081
200,692.600037,240.598831,26.448486,89.681534,0.000080
200,226.025345,114.160011,39.425644,85.262733,0.000076
200,1.000000,187.473175,14.040698,31.650574,0.000074
200,312.848175,205.131668,26.764404,57.358536,0.000062
200,371.700562,220.052948,13.086212,26.904587,0.000055
200,1.000000,198.098343,14.330677,33.139481,0.000054
200,336.595551,209.738083,12.278778,25.635635,0.000052
200,303.944763,218.966736,18.434235,41.097290,0.000041
200,219.249786,101.407906,57.016785,123.205513,0.000038
200,290.985687,227.241135,13.783691,29.411270,0.000030
200,287.679504,209.207809,19.208374,43.216064,0.000025
200,554.507141,54.910118,138.864380,279.342651,0.000022
200,671.206848,162.796631,45.063660,190.290863,0.000019
200,306.936279,204.725937,13.490051,29.896942,0.000017
200,386.430756,228.791504,13.482086,27.553619,0.000016
200,670.624756,342.985748,48.342773,218.705597,0.000008
200,2.998082,122.980118,48.733513,187.223892,0.000005
200,386.526398,206.539444,12.702850,26.795120,0.000004
200,402.172485,229.032822,11.380035,23.742310,0.000003
200,402.020081,206.131912,12.265137,25.617020,0.000002
200,401.714966,218.489655,11.858368,25.050003,0.000002
225,320.599518,236.080322,10.821411,23.198090,0.030110
225,308.659637,236.996979,12.061340,26.627838,0.027327
225,322.639191,243.775711,10.067566,20.952194,0.001685
225,339.026703,233.091873,10.855103,23.279831,0.000930
225,195.884186,112.133675,31.213806,66.218651,0.000901
225,205.765274,111.942780,17.456497,35.828979,0.000634
225,338.511536,224.879044,10.801117,22.920303,0.000272
225,294.163605,234.677475,11.750031,25.330582,0.000152
225,705.141174,245.085327,14.858826,36.851837,0.000100
225,704.921631,229.103439,15.078369,37.872391,0.000098
225,704.894653,213.191925,15.105347,38.410553,0.000095
225,705.090393,197.354691,14.909607,38.128632,0.000088
225,698.647461,222.419785,20.993713,60.349411,0.000065
225,698.253906,190.162704,21.590759,62.971420,0.000059
225,605.883484,43.611710,104.385986,278.496887,0.000059
225,691.880676,196.183334,27.409363,92.957047,0.000053
225,189.290161,111.566017,49.528610,109.855507,0.000045
225,669.158081,138.534103,48.899658,204.581192,0.000043
225,656.216797,32.196239,59.936890,229.148727,0.000038
225,275.958954,234.530273,11.591705,24.637665,0.000035
225,356.284576,232.940826,11.438904,24.090515,0.000030
225,675.743347,201.642990,36.624329,82.627151,0.000028
225,690.387512,77.831963,29.612488,101.865242,0.000020
225,355.791016,223.060669,11.043213,23.627991,0.000014
225,670.650085,212.567154,45.958923,193.903305,0.000014
225,538.203003,52.134670,158.494751,292.402924,0.000009
225,386.515503,230.661972,11.026978,24.257309,0.000004
225,371.213837,231.868622,11.399567,24.131989,0.000003
225,371.260864,222.103073,11.121094,23.958572,0.000003
225,189.474228,217.029755,127.492325,261.742981,0.000002
250,305.574432,221.755905,11.639618,25.829468,0.490196
250,320.682495,218.996185,11.449066,24.117966,0.000665
250,298.810760,208.185440,21.929413,47.718399,0.000548
250,294.880463,218.875610,12.134827,25.668640,0.000432
250,320.772461,209.562454,11.741364,24.704575,0.000386
250,669.415527,115.484138,48.461853,212.307312,0.000129
250,293.950287,226.297989,10.996002,24.248337,0.000108
250,260.924347,216.828186,11.053101,23.957764,0.000084
250,691.952576,209.623383,27.547852,93.794800,0.000082
250,705.602844,213.373383,14.397156,36.249878,0.000081
250,705.517639,181.164978,14.482361,37.202972,0.000079
250,705.636414,276.466888,14.363586,35.875153,0.000078
250,339.747345,216.571075,11.136078,23.989944,0.000074
250,705.505737,197.322754,14.494263,36.856918,0.000073
250,294.217560,211.771667,11.197968,24.520370,0.000071
250,705.416138,100.933746,14.583862,37.234299,0.000067
250,705.663818,292.032990,14.336182,35.680878,0.000065
250,667.815735,45.757401,50.396606,212.841171,0.000065
250,691.665283,145.481766,27.998413,95.660950,0.000060
250,691.428589,112.662849,28.393066,96.566704,0.000058
250,692.656128,254.564941,26.459167,89.097504,0.000057
250,338.976044,207.342392,11.027191,23.883713,0.000053
250,690.912231,79.121719,29.079285,98.380447,0.000052
250,276.450317,217.963654,11.571106,24.938644,0.000040
250,670.393372,196.762512,47.083252,199.656433,0.000016
250,511.389648,48.931900,147.384766,282.158630,0.000012
250,670.706604,335.002869,48.488037,223.035339,0.000009
250,1.000000,470.097870,53.561115,105.902130,0.000007
250,99.783798,250.981125,10.806015,22.238998,0.000007
250,114.254547,249.934052,10.903542,22.607697,0.000006
250,354.890381,215.642944,10.856506,23.414139,0.000005
250,355.294342,206.442108,10.610016,22.921509,0.000004
250,54.060387,312.477875,117.203194,234.996063,0.000003
250,113.523628,235.416107,11.690018,25.114044,0.000003
250,99.470268,341.112854,117.832191,207.315002,0.000002
275,288.824890,218.831070,18.266083,37.880447,0.031607
275,285.960083,218.015961,26.134644,56.832703,0.029073
275,275.078064,215.676849,20.021149,43.661743,0.012840
275,278.052490,219.514786,13.380432,29.770950,0.011103
275,294.229187,207.302979,29.699280,65.502319,0.007530
275,303.377289,219.547928,17.212250,35.883774,0.002457
275,291.336334,236.257935,17.760376,38.450592,0.001569
275,314.551910,226.153854,21.530884,43.805038,0.001333
275,163.498734,91.636551,36.501236,79.332855,0.001035
275,278.419647,184.808670,48.084167,96.454636,0.000663
275,303.316925,239.561615,15.254761,31.978394,0.000623
275,319.720398,231.772644,13.459473,28.973419,0.000607
275,154.819992,84.155754,57.234299,128.175446,0.000472
275,34.285530,204.458252,13.117016,27.338913,0.000285
275,48.536495,205.355774,12.678192,25.537445,0.000188
275,537.177490,25.310637,160.094727,271.100555,0.000109
275,705.628723,244.661377,14.371277,36.521545,0.000099
275,705.330383,229.021896,14.669617,37.494553,0.000088
275,705.223083,213.165100,14.776917,37.949219,0.000084
275,225.726288,144.289200,35.413391,81.548492,0.000075
275,691.498901,175.550919,28.402100,98.119064,0.000073
275,665.516174,58.517971,53.720886,237.888733,0.000068
275,239.482162,140.818085,14.816330,30.378937,0.000051
275,692.941467,239.869354,26.450073,89.077728,0.000037
275,671.516602,147.714371,46.420349,197.124680,0.000034
275,468.475372,60.074352,135.671295,277.874084,0.000017
275,356.088135,232.376831,10.909760,23.503082,0.000014
275,211.225037,109.160454,72.493256,152.270050,0.000011
275,671.216492,221.355499,45.627502,197.766693,0.000004
275,370.669128,229.903275,11.120270,24.291046,0.000004
275,370.605438,219.784454,11.255493,24.663101,0.000004
300,276.192841,218.191162,10.091644,21.702682,0.000142
300,705.412292,212.244781,14.587708,36.967834,0.000111
300,705.218933,196.494415,14.781067,37.585037,0.000108
300,705.207275,180.774979,14.792725,37.716080,0.000093
300,692.120300,175.944397,27.232849,91.457153,0.000087
300,699.179688,188.497604,20.497009,59.869980,0.000083
300,705.311707,165.009262,14.688293,37.581833,0.000078
300,291.575104,219.372925,10.511780,22.339722,0.000075
300,705.080139,100.274582,14.919861,37.303894,0.000073
300,705.419495,148.970840,14.580505,37.227615,0.000067
300,705.200134,116.364830,14.799866,37.188820,0.000066
300,705.384644,132.711273,14.615356,37.086380,0.000064
300,698.731506,91.714996,20.698730,60.485611,0.000056
300,670.109314,46.729874,45.836121,189.640900,0.000052
300,259.953522,218.730759,10.047546,21.094772,0.000049
300,244.937149,218.736465,9.984833,21.122849,0.000036
300,691.211853,79.103462,27.771240,93.147652,0.000034
300,691.025146,110.474289,28.637207,96.191757,0.000032
300,621.390930,39.933315,90.011902,221.198364,0.000022
300,386.355988,217.886505,10.414795,22.903778,0.000022
300,324.237640,231.376450,11.267426,23.977798,0.000022
300,308.271149,219.870407,10.763855,22.824600,0.000016
300,494.333771,44.734268,148.112091,280.210388,0.000016
300,372.292755,208.661804,10.618500,22.745239,0.000013
300,386.603577,207.355606,11.161591,24.201035,0.000012
300,372.566437,220.362305,9.700653,21.167984,0.000012
300,339.411163,230.836792,11.081696,23.254776,0.000011
300,553.795898,35.440109,146.383240,265.732910,0.000010
300,324.262695,220.630371,11.027985,23.455063,0.000009
300,339.508026,221.552597,10.658813,22.722321,0.000008
300,671.837219,182.099213,45.729187,200.757721,0.000005
300,371.845978,228.536148,10.489838,22.117889,0.000005
300,356.285278,220.530441,10.203735,21.767136,0.000004
300,355.874725,228.286057,10.573029,22.471848,0.000003
325,436.997437,209.741852,14.461945,32.461380,0.003750
325,443.459320,201.063812,18.782593,39.200241,0.000903
325,18.857367,190.670120,12.201300,25.939789,0.000321
325,355.191986,216.634140,11.777130,25.330490,0.000248
325,14.747108,188.355316,19.048168,38.781235,0.000235
325,338.898743,205.566650,13.242065,29.133698,0.000197
325,335.156311,210.963303,20.335266,40.810715,0.000187
325,323.336365,215.053726,13.478729,29.167938,0.000167
325,339.606018,216.302994,13.049591,28.537735,0.000157
325,355.458344,226.375717,10.689392,22.748642,0.000152
325,323.261597,204.615738,12.962219,28.176163,0.000145
325,668.429749,49.020840,47.908997,197.508072,0.000122
325,308.743042,215.210724,11.957733,26.393372,0.000122
325,421.529724,203.330414,12.013367,25.388779,0.000092
325,421.818787,215.012711,12.307495,25.341843,0.000082
325,2.357868,186.521179,12.362079,26.183685,0.000057
325,369.325012,214.512329,11.178741,24.101852,0.000057
325,307.829407,205.539780,11.257996,24.290207,0.000050
325,429.358948,189.537430,27.180664,59.527252,0.000041
325,619.320068,46.790596,92.212891,242.129547,0.000041
325,437.918121,191.325302,27.613281,60.444016,0.000040
325,690.965454,80.168144,28.680847,96.471413,0.000037
325,691.246033,113.370323,28.484558,95.917427,0.000034
325,370.049927,205.805099,11.350830,25.104828,0.000022
325,444.862427,218.249252,17.101044,34.787476,0.000020
325,465.433502,213.123901,12.960022,27.374969,0.000016
325,464.620880,201.359756,13.565125,28.841766,0.000013
325,386.371826,201.776367,11.228699,25.475708,0.000011
325,671.459412,186.751465,45.347534,195.615845,0.000009
325,534.034180,51.769344,148.618286,279.997650,0.000004
325,115.882324,252.768219,9.890381,20.882874,0.000004
325,331.722321,50.124386,109.177216,215.395264,0.000003
325,413.599548,158.027390,69.320099,144.300217,0.000002
350,242.126068,203.045135,11.070465,23.509552,0.000287
350,355.809784,219.118439,11.389404,24.742783,0.000190
350,352.686127,214.029572,17.251678,34.917511,0.000148
350,354.919678,226.442123,11.667511,25.797409,0.000113
350,307.695129,206.330429,9.874603,21.690353,0.000106
350,666.271301,43.384651,51.363647,212.686951,0.000089
350,705.203674,228.168304,14.796326,37.181244,0.000078
350,704.894104,212.193787,15.105896,37.801559,0.000076
350,704.861755,196.343307,15.138245,38.098282,0.000073
350,704.935913,180.614288,15.064087,38.237549,0.000068
350,355.118591,209.296677,11.976593,26.369217,0.000067
350,705.006104,164.782913,14.993896,38.352310,0.000067
350,698.406860,187.541946,21.215881,62.052078,0.000057
350,323.875092,214.001602,12.442413,27.221375,0.000056
350,691.207458,174.128998,27.949585,93.916046,0.000056
350,339.480835,204.808884,12.467560,28.175003,0.000050
350,690.832092,126.716087,29.053833,98.883110,0.000044
350,675.767700,178.344574,37.343933,83.274780,0.000038
350,368.633728,217.397720,10.751984,22.895065,0.000036
350,340.316833,216.786011,12.400665,27.368942,0.000035
350,369.087891,208.616089,11.010834,23.673141,0.000028
350,660.633667,178.666077,36.956360,82.162384,0.000025
350,546.064941,37.247078,137.507507,247.663818,0.000019
350,66.404213,265.763031,10.709465,22.953979,0.000016
350,369.894653,226.842468,10.196686,21.282364,0.000015
350,671.847229,169.729599,45.272888,198.673172,0.000013
350,632.110107,120.241943,80.514832,198.327911,0.000010
350,386.471710,205.520416,10.412109,22.626770,0.000009
350,386.678955,214.890701,10.191956,22.095963,0.000008
350,587.687744,81.876762,117.699524,259.462677,0.000008
350,51.985474,267.037720,10.877922,22.902679,0.000006
350,82.565735,262.951355,10.754776,22.736298,0.000006
350,66.624901,254.900269,11.147804,24.046204,0.000006
350,82.771729,255.716995,9.910217,21.895187,0.000004
350,538.373047,100.524994,112.119751,234.782562,0.000003
350,98.096886,254.105453,9.632950,21.000290,0.000002
375,145.765564,67.823906,32.524384,71.146263,0.007806
375,307.093079,214.477203,12.351746,26.602707,0.000674
375,307.308014,206.861588,11.483917,25.013367,0.000237
375,141.354279,69.718315,46.512390,110.727928,0.000231
375,640.671204,168.632523,43.686157,95.163528,0.000226
375,322.220856,215.815582,13.198395,27.789520,0.000129
375,321.947266,206.852463,12.511627,26.559647,0.000116
375,293.519287,213.833206,11.282715,25.044632,0.000097
375,705.071411,212.048950,14.928589,38.081177,0.000094
375,705.002075,196.220108,14.997925,38.215027,0.000088
375,700.767883,174.438599,19.232117,53.879211,0.000087
375,705.037292,227.577911,14.962708,38.087067,0.000085
375,705.433960,184.161301,14.566040,33.867172,0.000080
375,704.989319,164.291656,15.010681,38.190964,0.000075
375,338.307434,206.064575,12.528046,26.759415,0.000067
375,698.678345,188.191849,20.912842,60.550003,0.000064
375,351.288940,213.301956,19.991852,40.396301,0.000060
375,338.230042,216.749252,13.584564,28.851028,0.000060
375,551.569458,39.028751,132.155029,260.942932,0.000057
375,635.737793,42.225914,77.926941,221.786255,0.000050
375,691.768311,205.856232,27.756348,94.326996,0.000048
375,691.495850,128.069809,27.972778,94.966019,0.000044
375,691.531494,81.008606,27.907959,93.837601,0.000043
375,493.325623,46.523613,140.044556,272.965546,0.000042
375,599.864136,85.333725,108.843262,233.973618,0.000038
375,339.091522,227.887772,13.327881,28.618332,0.000033
375,355.532166,228.529648,12.876556,27.113495,0.000032
375,355.435211,218.687469,12.959106,27.586792,0.000031
375,671.443909,155.977798,45.450195,193.576828,0.000031
375,354.751007,206.160217,12.856781,27.764343,0.000028
375,368.838135,219.013367,11.963959,25.699310,0.000028
375,323.592834,225.649277,13.277008,28.715576,0.000025
375,385.558258,217.182190,11.265930,24.891876,0.000024
375,364.774567,212.540329,18.614746,38.167511,0.000022
375,666.217712,84.632065,51.411682,208.450455,0.000022
375,369.607025,207.523712,12.115448,26.193100,0.000015
400,370.905884,211.544540,11.773926,25.008942,0.001007
400,371.128357,220.981430,10.761932,23.864792,0.000907
400,367.184692,208.693298,17.307281,35.937912,0.000662
400,308.774872,219.161316,10.951416,23.880554,0.000292
400,419.041412,215.546295,12.650208,27.594070,0.000238
400,323.529877,228.850494,12.321442,27.019623,0.000185
400,291.989288,218.632858,11.316437,23.415222,0.000138
400,51.190517,267.574951,10.642700,22.952850,0.000136
400,385.603485,218.819016,11.094238,23.644836,0.000135
400,291.365723,206.162857,11.028290,24.012314,0.000104
400,320.669678,216.426331,18.000122,38.113235,0.000104
400,385.607239,207.785187,11.972321,25.276245,0.000102
400,705.442444,229.038544,14.557556,36.775665,0.000095
400,705.566345,245.237610,14.433655,36.395142,0.000089
400,705.378357,213.125198,14.621643,36.986084,0.000087
400,323.171509,209.631897,12.155823,26.262878,0.000067
400,433.502747,216.229477,12.691803,27.265289,0.000060
400,404.558746,215.808426,11.428345,25.244293,0.000056
400,691.515015,224.771164,28.036804,94.640457,0.000055
400,332.293945,213.638031,20.343414,42.027954,0.000048
400,662.121948,37.310452,54.631836,218.256119,0.000047
400,357.372284,229.252457,10.873322,23.190384,0.000035
400,338.231415,228.061813,12.011719,25.857941,0.000029
400,357.512970,220.293060,11.081940,24.541412,0.000029
400,337.336945,217.979172,12.393524,27.298203,0.000025
400,571.482117,41.662544,135.973083,263.085876,0.000021
400,276.779938,215.442291,10.807312,24.166656,0.000018
400,670.733948,195.546280,45.838928,196.315231,0.000017
400,593.457031,230.990067,13.101929,29.158554,0.000014
400,671.417175,305.932800,47.412292,219.132751,0.000013
400,529.153503,213.972870,14.010742,31.381775,0.000009
400,470.663330,54.380783,132.919678,277.936157,0.000006
425,308.900085,214.218735,11.101318,24.910507,0.000422
425,323.088226,216.796371,12.073944,26.460678,0.000147
425,663.562256,42.779488,53.096313,220.559814,0.000131
425,370.559357,206.347870,11.817200,25.597717,0.000119
425,319.245056,200.925369,18.969818,41.303986,0.000111
425,322.316925,205.775436,13.051636,28.406128,0.000083
425,690.597717,171.756958,29.064941,97.931458,0.000077
425,700.544800,205.983032,19.455200,52.757294,0.000069
425,544.320251,211.334274,20.044128,43.790359,0.000068
425,308.602112,206.037643,10.705872,23.453247,0.000068
425,705.514648,215.823853,14.485352,33.173004,0.000063
425,367.329193,209.767303,16.765411,34.443939,0.000051
425,547.145081,217.729431,13.875610,29.908600,0.000049
425,384.752991,213.244980,11.750549,25.316086,0.000047
425,292.193726,204.598007,10.522522,22.049210,0.000043
425,539.953735,199.798050,30.004395,66.022751,0.000034
425,322.478271,193.582489,12.639374,26.865250,0.000030
425,555.423157,208.925247,20.342712,44.979736,0.000028
425,337.227142,202.889862,13.495026,29.045120,0.000024
425,338.005859,213.699631,12.718811,27.287201,0.000024
425,559.062256,225.010895,16.333130,35.796021,0.000021
425,332.187439,197.165390,21.625458,46.089706,0.000019
425,553.473206,191.888672,25.940430,54.047073,0.000018
425,276.777802,199.984665,10.701965,24.285095,0.000018
425,371.207550,225.905411,10.750305,22.392090,0.000018
425,350.670715,197.970367,20.192413,41.798645,0.000017
425,355.213318,203.770020,13.076782,28.580856,0.000016
425,620.170227,207.002045,22.202881,47.263306,0.000015
425,356.058716,214.094467,12.674286,27.332977,0.000014
425,276.079926,191.258163,10.400970,22.337799,0.000011
425,559.077881,67.467667,119.911377,254.796219,0.000010
425,530.028320,131.171326,79.018494,168.518799,0.000009
450,184.806076,168.536377,23.069580,49.156219,0.000650
450,189.639313,181.761734,14.937683,31.834000,0.000236
450,666.292419,62.314224,50.522034,211.494644,0.000195
450,691.988953,190.441711,27.206055,91.368286,0.000092
450,704.924255,212.407776,15.075745,38.133514,0.000089
450,323.012421,228.763626,12.455200,27.290909,0.000077
450,705.196167,227.880798,14.803833,37.763092,0.000070
450,699.014038,218.528793,20.531311,59.743759,0.000070
450,468.058197,37.843349,131.711761,267.482086,0.000063
450,604.832275,222.802521,20.733704,47.216034,0.000056
450,599.804138,210.659149,31.994934,70.251587,0.000047
450,308.716705,219.119125,11.125946,24.350525,0.000039
450,336.489594,203.273102,14.888733,31.737198,0.000037
450,672.702881,130.080032,45.401917,196.847794,0.000036
450,321.834381,206.736664,13.864227,29.400864,0.000035
450,586.779053,45.780235,118.089844,251.384857,0.000030
450,322.950134,218.852036,12.761078,27.539124,0.000030
450,350.401215,210.846039,20.717255,43.362152,0.000027
450,332.402710,208.293167,22.817383,48.711044,0.000027
450,609.672791,242.484009,14.446838,31.468994,0.000026
450,319.650635,212.212158,19.672668,42.559784,0.000026
450,353.254425,204.125305,14.457153,31.314621,0.000025
450,365.681732,213.680634,18.253387,38.250687,0.000025
450,369.647186,218.777130,12.030914,25.727127,0.000024
450,343.420319,189.540192,29.455658,65.111725,0.000022
450,337.423309,215.890106,14.005615,29.848953,0.000021
450,354.740814,217.029404,13.753723,29.390259,0.000019
450,338.315674,226.754837,13.271179,27.563507,0.000019
450,355.144043,227.600662,13.159210,27.134048,0.000015
450,369.988647,228.165665,11.928497,24.682434,0.000014
450,573.512207,129.401016,90.138916,186.710800,0.000014
450,385.854095,216.566864,11.331207,24.704941,0.000014
450,385.837646,205.306839,12.170746,26.478363,0.000011
450,171.680466,147.024170,29.425903,65.313950,0.000011
450,369.331726,206.514709,12.820038,27.701141,0.000010
450,396.882385,56.633266,136.237366,283.638367,0.000008
450,165.070084,127.515114,67.810074,144.659637,0.000004
475,177.039551,176.207260,17.205338,37.994110,0.001572
475,170.266403,171.681702,26.612473,58.076065,0.000461
475,386.299957,221.213211,11.513092,25.478378,0.000247
475,179.021515,198.149887,12.519592,25.336792,0.000107
475,604.567261,239.778473,21.079224,45.761230,0.000077
475,705.247925,228.927017,14.752075,37.564438,0.000071
475,705.189453,244.630585,14.810547,37.225525,0.000062
475,662.195435,221.415085,35.090210,78.270950,0.000058
475,705.239258,260.234589,14.760742,36.906403,0.000056
475,382.699677,216.648315,17.519470,36.310471,0.000049
475,672.280945,180.532211,43.739441,187.043655,0.000047
475,691.672913,221.671494,26.943176,90.145889,0.000040
475,370.407379,222.264435,12.265869,27.149872,0.000039
475,668.729797,237.740250,21.797119,47.753891,0.000032
475,402.666718,227.653320,11.858002,26.165298,0.000030
475,307.716980,219.958588,10.800507,23.595505,0.000030
475,366.770874,225.196594,17.992401,36.836121,0.000025
475,423.858429,42.204372,135.081085,264.025879,0.000024
475,402.390564,219.060959,11.608368,25.915680,0.000024
475,99.198288,203.745605,9.993378,21.418106,0.000020
475,322.566040,218.749374,12.511597,27.130692,0.000020
475,673.174866,246.574921,14.463440,31.358337,0.000020
475,668.837891,37.835114,48.238831,208.268936,0.000019
475,579.681702,34.804146,129.872864,248.270477,0.000018
475,354.218445,217.882324,14.301758,31.880020,0.000018
475,337.941833,217.333817,14.010620,30.919830,0.000016
475,638.503906,164.552612,73.309937,175.312195,0.000016
475,350.861084,223.073364,21.115173,42.950928,0.000012
475,338.872711,229.821228,13.349762,28.691772,0.000011
475,323.556488,230.108459,12.026855,25.708298,0.000011
475,458.201447,71.657166,145.365570,287.404633,0.000009
475,377.796997,46.481461,119.565552,231.861435,0.000008
475,355.189178,230.295624,13.413330,28.891144,0.000007
475,592.652283,120.694771,113.370239,233.574677,0.000006
475,370.505615,241.923889,11.497009,23.871063,0.000004
500,257.502472,187.423981,11.623505,24.720276,0.013446
500,246.252441,187.473495,10.688629,22.752670,0.009989
500,254.148346,182.221649,17.268494,36.305786,0.003261
500,161.353729,159.444183,18.825912,41.682510,0.000557
500,156.480957,152.747940,28.342972,59.955826,0.000554
500,400.361237,211.007294,16.632050,33.460266,0.000448
500,545.842957,212.418884,13.985229,31.143845,0.000165
500,481.369080,203.571548,14.260162,30.753052,0.000160
500,274.111938,199.110489,11.382294,24.532852,0.000144
500,545.114807,200.569122,14.989380,33.230560,0.000132
500,230.258514,188.398682,10.381592,21.888794,0.000131
500,476.868408,197.678848,20.926941,44.472229,0.000125
500,167.389221,163.360306,19.820221,44.260117,0.000103
500,705.589172,212.363541,14.410828,37.125793,0.000068
500,705.370361,196.748352,14.629639,37.531525,0.000064
500,661.332092,181.526184,33.867493,75.423157,0.000062
500,665.151550,43.530739,51.190247,210.455414,0.000060
500,668.092407,207.483475,20.453369,43.639816,0.000056
500,692.040833,176.218628,27.225830,92.341064,0.000054
500,164.193893,182.737732,12.513733,25.692322,0.000043
500,417.766022,214.165787,11.536102,24.702423,0.000041
500,417.452332,204.877060,11.820740,25.860428,0.000035
500,388.152191,214.665100,11.411865,24.739258,0.000027
500,173.503632,170.351868,13.676071,29.256699,0.000024
500,568.384338,48.203941,130.824158,271.009827,0.000023
500,272.965302,190.392685,11.234253,23.106216,0.000022
500,307.496826,203.552521,10.555664,23.117813,0.000019
500,459.862335,65.458397,119.766388,247.066895,0.000009
500,369.329315,214.598129,13.138245,27.568970,0.000004
525,416.225403,200.366913,14.841949,32.102280,0.003544
525,401.802246,194.760162,20.130859,42.762756,0.000587
525,405.442688,199.547958,13.393188,30.378387,0.000511
525,465.211334,198.820160,14.639221,31.643463,0.000401
525,404.872711,209.393402,12.677979,29.148483,0.000372
525,450.653595,200.525330,13.536743,29.245026,0.000216
525,395.018829,159.355423,33.635345,75.923615,0.000198
525,573.839966,193.685928,21.277771,46.211212,0.000177
525,291.206635,201.926712,11.860901,25.890884,0.000140
525,434.271698,210.985199,13.260498,28.858673,0.000133
525,433.124176,201.243576,13.331421,28.475983,0.000123
525,497.444519,199.447144,13.078949,29.027298,0.000119
525,481.677216,198.781906,14.142487,30.782150,0.000112
525,404.865509,172.184494,30.612488,69.077835,0.000103
525,657.402405,28.583151,59.593994,229.098434,0.000064
525,691.822083,176.890350,27.267761,91.585144,0.000054
525,306.335358,203.629471,11.132141,23.694595,0.000052
525,388.085510,204.654800,11.399384,24.045105,0.000051
525,666.949219,112.874550,50.146912,201.591248,0.000032
525,662.765686,194.253220,35.740906,78.112259,0.000031
525,653.786987,207.983200,21.232361,46.064606,0.000024
525,658.126526,215.422104,14.396790,30.882782,0.000020
525,621.597961,79.695511,90.788391,231.950119,0.000017
525,667.981506,206.356186,22.270935,48.579849,0.000017
525,256.882294,173.421661,12.466217,25.732162,0.000016
525,570.227295,42.463509,133.019348,260.022156,0.000014
525,650.299011,187.708847,29.460083,63.566910,0.000013
525,368.900421,201.655472,13.784454,30.006653,0.000011
525,363.733978,206.336136,21.457092,43.224915,0.000011
525,147.550217,170.805969,12.247681,25.874298,0.000010
525,495.289703,44.695950,124.298859,246.064392,0.000008
525,538.330383,80.686409,115.881897,232.434113,0.000007
525,368.898407,213.110382,13.683167,29.019730,0.000007
525,322.570465,201.786850,12.103760,25.911392,0.000006
525,353.919495,213.338593,14.320404,30.087967,0.000006
525,383.103394,154.413498,58.956268,121.236160,0.000003
550,402.719147,214.061783,12.259430,28.101974,0.002508
550,418.610626,213.516647,12.763611,29.093948,0.001485
550,400.548645,157.020050,35.882782,79.321030,0.000683
550,528.844421,198.771652,14.539795,31.418442,0.000588
550,597.507568,196.897110,35.553528,78.758163,0.000249
550,435.190796,214.422882,12.501282,28.053558,0.000242
550,407.244476,152.117355,24.381226,51.527069,0.000224
550,602.961365,205.050110,24.849182,54.389069,0.000181
550,290.928986,213.297485,11.476654,24.446350,0.000175
550,418.138153,205.167862,12.420746,27.787125,0.000114
550,413.357635,154.947830,16.239655,33.581375,0.000084
550,291.254395,205.187454,11.073669,23.982376,0.000083
550,403.636536,205.338654,11.869110,26.634659,0.000077
550,704.592468,244.089828,15.407532,38.287552,0.000075
550,499.916626,171.398026,36.847717,83.691330,0.000070
550,589.188354,195.623703,22.532166,47.528595,0.000054
550,664.369446,45.731174,52.882935,212.929138,0.000049
550,691.135376,205.533203,27.989624,94.556671,0.000047
550,670.088867,167.789307,45.794983,184.167236,0.000041
550,611.473450,45.199062,98.917175,252.305145,0.000041
550,369.858459,226.684631,13.748016,29.321564,0.000033
550,385.369568,215.581757,12.410461,27.382431,0.000031
550,369.661591,215.824753,14.459686,31.173294,0.000030
550,583.353333,185.466354,34.732666,78.865067,0.000025
550,365.306763,210.255844,21.980499,44.315033,0.000025
550,508.085510,198.624924,24.693237,52.117050,0.000021
550,380.643280,209.811127,19.670441,41.330795,0.000019
550,485.441528,124.309990,85.018555,171.520264,0.000016
550,385.078094,225.979630,12.647491,27.355988,0.000015
550,306.310181,204.115204,10.366394,22.518188,0.000014
550,598.206970,156.513519,73.633057,158.879517,0.000014
550,567.714172,142.351135,74.976929,157.339142,0.000011
550,386.469879,204.910049,11.799255,26.579178,0.000007
550,369.258484,202.665817,14.362152,31.442795,0.000006
550,517.304016,125.265434,93.022827,190.345551,0.000005
550,393.702789,159.163483,59.359100,130.241943,0.000005
550,128.854187,155.081985,16.978180,37.587677,0.000004
550,131.096573,168.918411,13.389191,28.583069,0.000003
575,401.625977,217.968140,11.737671,24.812149,0.006979
575,402.938477,208.110443,11.190765,24.007767,0.002046
575,514.983704,165.487747,43.360779,95.331039,0.001413
575,560.620972,136.054993,40.553101,97.403015,0.001246
575,418.612732,215.247162,11.335876,25.809311,0.000693
575,534.432495,181.066818,29.832092,65.958496,0.000523
575,544.750061,166.690964,38.918213,88.009369,0.000209
575,435.712006,215.315247,11.838043,27.191101,0.000195
575,385.843048,219.971237,11.937347,26.405060,0.000176
575,580.284790,173.233765,40.281311,89.881439,0.000150
575,400.779846,157.032837,33.733643,76.507553,0.000088
575,502.409393,101.791916,84.185638,181.583450,0.000084
575,381.997681,213.163513,18.383545,39.202850,0.000077
575,386.299194,209.439896,12.523987,26.895447,0.000069
575,668.975647,88.817787,47.382385,200.129852,0.000068
575,593.677307,187.076462,40.843872,86.721634,0.000067
575,372.760468,218.458466,12.864258,28.498917,0.000066
575,417.989197,205.688156,11.651031,25.895203,0.000055
575,451.200623,204.480667,12.138428,27.338898,0.000046
575,367.777466,214.217072,20.773529,41.509445,0.000045
575,538.562866,94.748161,95.986633,203.429993,0.000035
575,371.246155,227.699234,12.901581,27.984161,0.000032
575,274.411224,212.655823,12.172180,25.337387,0.000026
575,274.979401,204.171524,11.412140,24.343170,0.000023
575,101.215996,147.522797,27.421013,57.944077,0.000022
575,466.834015,85.450928,99.380951,205.301270,0.000020
575,580.483459,116.292099,82.430115,174.985306,0.000019
575,270.380463,201.514420,18.288483,36.140854,0.000017
575,671.400635,168.485168,45.663696,202.205780,0.000017
575,93.646088,147.654587,24.779060,53.904770,0.000015
575,91.426041,141.670059,46.477890,101.666412,0.000011
575,107.382027,150.846863,19.798302,39.203934,0.000009
575,550.763550,50.873936,137.316711,262.779388,0.000008
575,290.255707,201.204041,10.926056,23.256119,0.000005
575,109.668327,164.053711,16.276581,33.236618,0.000005
575,388.840240,146.246078,71.501617,151.232407,0.000004
600,192.827194,154.458023,15.977814,33.287720,0.011374
600,576.722290,175.531387,45.678101,99.442245,0.006100
600,569.669556,119.138123,71.736328,153.921539,0.005524
600,416.818573,221.375519,12.947723,28.290878,0.003424
600,412.288757,195.822418,20.669678,45.238251,0.001674
600,416.312805,203.024261,14.381470,31.388840,0.000956
600,585.758606,196.033905,30.362427,69.627106,0.000627
600,610.481140,72.741875,100.607971,214.008423,0.000227
600,386.478302,130.285141,40.630829,91.365753,0.000187
600,641.057739,153.731979,40.517456,89.903030,0.000157
600,430.503601,202.928894,12.957275,27.627121,0.000129
600,507.568939,190.057022,23.967987,52.253693,0.000107
600,393.007416,166.768066,32.885468,74.229507,0.000100
600,704.364441,179.563416,15.635559,38.475739,0.000089
600,704.380066,163.974060,15.619934,38.783142,0.000087
600,690.883240,154.853287,27.874146,94.673965,0.000074
600,399.000641,205.725906,22.166748,47.795807,0.000065
600,403.213867,225.140686,11.688293,26.854980,0.000061
600,431.602600,213.925385,11.812531,25.632492,0.000048
600,402.921112,215.341904,15.357239,32.453278,0.000048
600,667.432434,81.967003,50.225281,201.367065,0.000041
600,388.970123,217.622803,12.518738,26.083481,0.000038
600,242.194244,202.025620,12.647995,27.238998,0.000027
600,237.947250,198.786301,19.324844,38.283890,0.000026
600,515.637390,84.817940,99.872498,210.864166,0.000024
600,57.906624,130.775940,33.754364,72.126266,0.000020
600,380.084625,101.358948,76.602600,165.505066,0.000019
600,669.713562,153.492416,47.030457,196.596756,0.000017
600,243.554993,191.057220,11.667633,25.558655,0.000013
600,55.381298,122.516632,48.231220,103.041412,0.000008
600,320.970184,86.915092,91.141815,192.833221,0.000003
625,545.526550,194.403961,12.266785,26.570908,0.049895
625,674.571411,186.148315,14.812744,31.836792,0.014596
625,542.021545,196.666550,17.657898,37.523346,0.003659
625,528.972290,203.691666,13.030090,28.173691,0.000793
625,686.171143,185.581131,14.491638,30.256577,0.000333
625,527.804443,212.388458,13.494873,29.133667,0.000206
625,179.549225,146.832382,11.525009,24.823349,0.000180
625,301.749298,107.811974,17.060974,34.333580,0.000139
625,514.836731,213.183502,14.494385,31.239395,0.000129
625,666.501160,182.581039,30.031250,64.485703,0.000119
625,595.236572,49.761055,100.210205,215.027771,0.000112
625,174.211609,148.401581,19.340118,40.859512,0.000094
625,467.059875,216.101715,13.710754,29.060287,0.000043
625,482.074463,217.543915,13.160522,28.831833,0.000035
625,476.754089,209.305542,22.197662,45.181793,0.000034
625,23.293739,115.585686,36.756161,79.458687,0.000025
625,46.887016,168.681992,14.370533,29.800171,0.000024
625,604.513245,126.169174,85.840210,186.406662,0.000019
625,190.987259,146.589676,13.562546,27.407013,0.000018
625,498.383392,217.899414,12.208893,27.203522,0.000017
625,672.786560,123.580986,43.543884,190.412750,0.000017
625,481.321442,205.646042,14.968231,31.261780,0.000016
625,557.690002,96.467911,103.552673,216.223740,0.000012
625,38.935074,145.134491,25.387047,53.657944,0.000007
625,24.681587,113.338249,52.609558,114.752357,0.000007
625,631.871704,113.869690,79.327393,180.419739,0.000007
625,209.376221,200.490784,14.401001,31.406113,0.000006
625,223.860626,198.939713,12.993698,28.269058,0.000004
625,392.724091,117.019417,78.526398,163.357422,0.000004
625,155.733475,100.888985,87.481522,179.694855,0.000002
625,57.070217,79.781479,129.238724,267.906982,0.000001
650,656.160156,209.600479,21.905396,48.915024,0.248578
650,666.700623,213.967346,19.418030,43.029022,0.237459
650,660.335693,212.146881,13.951416,29.524139,0.008574
650,681.941772,214.220718,20.895752,43.471695,0.002564
650,645.293396,217.486252,13.086487,28.159622,0.001862
650,610.077332,111.605095,44.010742,100.430733,0.000805
650,356.019775,156.753937,13.062958,28.771988,0.000482
650,157.329727,140.797043,17.469284,33.831268,0.000481
650,352.311340,161.858551,18.913544,39.520569,0.000480
650,149.280457,142.238510,13.669952,29.382614,0.000393
650,284.883057,102.190697,24.746124,52.386971,0.000333
650,1.000000,111.716843,21.613266,61.726517,0.000281
650,288.459412,105.965691,17.638092,35.780891,0.000275
650,1.042394,117.432884,15.995779,36.932625,0.000247
650,278.143341,103.257523,36.989990,82.683426,0.000242
650,595.807922,125.397453,41.706299,99.449394,0.000228
650,289.645386,97.971481,34.868073,77.275223,0.000162
650,147.612366,140.293900,34.413605,75.124481,0.000158
650,705.933411,213.609299,13.980896,34.233063,0.000152
650,596.080505,120.057655,69.972107,148.908997,0.000141
650,2.777163,123.847160,36.569500,80.471962,0.000046
650,557.539246,112.257309,89.665955,184.633255,0.000020
650,643.346130,179.718872,59.663513,120.982513,0.000019
650,266.556580,81.183708,66.963013,140.542389,0.000017
650,583.828857,149.928680,32.532410,76.549377,0.000013
650,227.114212,64.383430,89.924210,186.537170,0.000008
650,518.713989,130.855743,94.817932,197.683075,0.000006
650,3.654962,72.843056,46.812542,163.633514,0.000004
650,142.263809,117.803772,71.672318,157.907898,0.000003
650,5.798857,94.389694,59.962196,194.882492,0.000003
675,122.478844,123.823326,26.002907,56.681755,0.068331
675,128.817810,124.856094,17.561142,35.617996,0.006304
675,273.185303,80.065880,43.354370,97.275810,0.004496
675,108.310310,121.640976,34.069725,77.784393,0.003396
675,655.918396,89.763008,38.677002,89.749062,0.003247
675,640.546814,106.929985,39.308411,93.761024,0.002553
675,288.349426,93.120659,43.381134,97.411400,0.000810
675,129.503220,117.200714,29.631714,69.922562,0.000768
675,631.684204,127.569847,34.925171,82.799019,0.000251
675,167.903458,116.294212,37.880478,86.983879,0.000226
675,705.500977,290.973328,14.499023,37.307098,0.000173
675,629.723450,94.531342,77.922852,165.203003,0.000099
675,161.321930,78.239113,69.435287,143.060181,0.000059
675,187.757095,152.780441,23.415588,51.627014,0.000037
675,664.408386,94.217049,54.014160,235.092529,0.000035
675,269.771973,74.811653,72.027252,152.000214,0.000032
675,642.630798,177.069305,14.205811,32.219040,0.000018
675,205.891235,162.255692,15.420990,33.112457,0.000014
675,667.406372,256.427826,50.435913,213.181671,0.000009
675,669.662964,344.048767,48.984741,212.662537,0.000005
675,7.602408,45.242329,115.911583,242.543259,0.000005
675,90.628349,93.482086,78.406090,168.230896,0.000004
675,125.633095,94.701454,61.501915,125.795006,0.000004
675,475.114594,65.591751,102.561188,211.154037,0.000003
675,1.000000,51.654980,60.912399,236.180801,0.000003
675,278.155823,45.663670,102.111877,207.112564,0.000002
675,47.698299,82.481552,102.518066,215.229446,0.000002
675,125.228485,90.984779,88.952393,187.615967,0.000002
675,322.902588,45.248737,107.304108,220.390274,0.000000
700,673.043945,182.982315,16.765259,36.607803,0.021329
700,681.498901,179.433319,21.374146,44.313599,0.001213
700,666.436401,172.778107,27.077637,59.897766,0.000900
700,52.447975,109.022583,33.326195,73.394104,0.000865
700,687.110535,194.674789,14.775879,31.777176,0.000484
700,227.669540,70.950424,34.594803,80.979218,0.000322
700,321.913971,139.182709,13.129059,28.430634,0.000255
700,61.849716,109.978371,17.415199,35.552391,0.000190
700,49.848633,114.394119,20.703796,45.007095,0.000173
700,705.094910,180.523346,14.905090,36.536224,0.000166
700,705.200134,194.990326,14.799866,36.699158,0.000148
700,705.276550,166.494522,14.723450,36.507370,0.000112
700,214.075851,73.365143,38.341782,86.549133,0.000095
700,630.770813,74.992378,63.335449,136.300842,0.000093
700,699.931458,174.827621,19.030762,54.369843,0.000077
700,693.185974,161.706116,25.257385,85.212570,0.000069
700,581.716492,145.061295,33.493164,73.358795,0.000051
700,641.563049,103.638397,14.274719,29.923813,0.000050
700,47.486740,92.367966,53.099281,114.027756,0.000045
700,644.296692,88.311531,32.642273,75.579002,0.000039
700,649.992432,93.359383,23.877930,50.582115,0.000034
700,206.734177,58.109539,68.068344,149.136169,0.000025
700,670.099304,255.152954,48.809753,215.181396,0.000024
700,638.006897,98.995407,22.023621,47.614578,0.000024
700,661.503235,183.529739,13.088745,29.007263,0.000019
700,675.379944,109.125664,40.525330,169.607391,0.000016
700,669.828552,336.753021,48.395447,210.866852,0.000014
700,569.947998,99.924988,65.414978,135.736465,0.000005
700,146.014893,46.240662,103.785980,207.835846,0.000004
725,227.905258,154.344604,13.279541,29.656189,0.000531
725,223.443192,151.277069,20.707123,43.693466,0.000326
725,705.157288,196.252548,14.842712,37.749649,0.000118
725,705.289490,180.697311,14.710510,37.454285,0.000118
725,705.055298,211.723892,14.944702,37.648041,0.000100
725,116.882484,76.544350,40.038689,89.681007,0.000093
725,705.542114,165.111115,14.457886,36.792542,0.000092
725,705.249023,227.625671,14.750977,37.179779,0.000077
725,698.944641,187.709717,20.619202,59.623398,0.000067
725,692.333435,173.326889,26.656494,90.716568,0.000054
725,689.666992,198.360596,14.556641,31.348099,0.000050
725,238.872116,155.541382,14.500381,30.841324,0.000048
725,109.309616,61.318878,64.390488,139.154388,0.000043
725,696.871704,213.276627,22.914001,71.920975,0.000042
725,232.439590,157.651794,26.579544,54.341873,0.000035
725,685.306580,208.124603,19.921082,42.589783,0.000032
725,671.361938,131.851364,46.142517,191.873581,0.000031
725,448.110596,200.857666,15.046387,31.894623,0.000029
725,671.487183,38.206345,44.913025,200.567642,0.000028
725,443.557861,194.101273,21.418274,47.644348,0.000027
725,239.913773,164.648163,15.169403,33.705109,0.000027
725,671.539734,248.459778,46.889893,214.634888,0.000021
725,628.850098,159.151291,35.519287,81.246460,0.000020
725,102.525368,76.656036,40.481728,90.358505,0.000020
725,242.256317,179.147568,13.462219,30.757553,0.000015
725,436.432251,174.146088,33.649872,73.785095,0.000011
725,79.161949,52.351749,84.863930,176.263016,0.000010
725,257.813660,186.283447,11.764771,24.535446,0.000010
725,670.000549,342.767548,48.919983,220.790863,0.000006
725,604.346436,117.742004,89.203613,180.789337,0.000003
725,415.818939,139.383621,73.117737,151.479385,0.000002
725,211.371674,104.045486,75.936249,157.700607,0.000001
725,296.972351,109.459076,102.412781,209.150574,0.000000
750,19.286009,169.316605,30.065458,65.229828,0.000768
750,22.810852,172.541138,13.955173,31.533783,0.000590
750,77.913818,270.803925,49.315247,104.317932,0.000290
750,89.430634,294.207214,29.616570,57.042297,0.000233
750,28.236080,174.288345,16.700977,35.155304,0.000186
750,109.455200,301.636108,20.654388,44.293396,0.000157
750,126.957985,305.157349,17.399239,38.576508,0.000138
750,111.110435,287.274994,18.150871,42.290955,0.000133
750,705.573486,212.028702,14.426514,36.637848,0.000103
750,705.761414,196.922775,14.238586,36.222168,0.000103
750,95.802986,302.490448,17.618332,39.690521,0.000101
750,92.754105,264.601959,44.744278,96.265045,0.000082
750,705.330139,227.516907,14.669861,37.066467,0.000080
750,111.082802,318.729279,18.188957,38.687103,0.000080
750,705.341064,243.766663,14.658936,37.070496,0.000064
750,2.785254,171.622314,12.388776,25.293411,0.000064
750,100.169678,136.395599,38.315887,89.405136,0.000062
750,95.589439,287.356354,19.040947,42.898224,0.000062
750,700.055420,204.111816,19.517700,56.786316,0.000053
750,97.291878,321.547729,14.710815,32.819458,0.000029
750,693.055786,203.465515,26.240967,88.536346,0.000025
750,30.475552,165.562759,15.863922,33.753082,0.000018
750,671.689392,34.555283,44.422729,196.287872,0.000015
750,673.153259,141.161804,45.109375,195.264984,0.000012
750,89.889145,127.404747,67.778214,145.888336,0.000010
750,51.859837,254.742798,104.687607,215.628174,0.000007
750,670.143921,351.808868,47.525330,207.345184,0.000003
750,63.378136,119.157883,122.540428,247.805649,0.000003
750,28.704052,153.605957,130.594330,268.585632,0.000003
750,9.398277,121.581161,65.976654,153.643387,0.000002
750,127.625023,182.666870,107.484016,226.925629,0.000002
750,100.789894,251.381393,133.022003,275.156067,0.000002
750,434.443512,131.221817,112.640717,225.571762,0.000001
750,79.595039,199.606430,123.072578,256.108032,0.000001
775,210.647491,197.281738,46.213379,110.175659,0.017567
775,147.618439,126.230850,40.440292,95.079544,0.000244
775,705.710327,212.859940,14.289673,37.003250,0.000132
775,705.711853,228.327713,14.288147,37.255753,0.000130
775,705.631409,243.999069,14.368591,36.972458,0.000121
775,705.758118,197.032135,14.241882,36.816330,0.000111
775,699.632568,220.350159,19.962769,57.939423,0.000107
775,705.554382,260.141510,14.445618,36.499390,0.000101
775,699.701721,189.827271,20.032959,59.207153,0.000101
775,692.961243,207.580002,26.364502,88.544083,0.000100
775,705.971313,181.211395,14.028687,36.279648,0.000090
775,705.803833,276.896027,14.196167,35.407898,0.000090
775,705.902649,101.716873,14.097351,35.505585,0.000081
775,705.891296,85.745247,14.108704,35.522644,0.000080
775,706.064880,437.287903,13.935120,35.497650,0.000078
775,692.788452,236.380737,26.890076,91.279449,0.000068
775,692.292480,146.542572,27.390076,92.700729,0.000066
775,700.041016,251.581879,19.750916,56.558411,0.000059
775,692.465942,66.753876,27.074463,90.530930,0.000050
775,693.202637,384.787811,26.522644,90.121063,0.000044
775,179.155396,149.569214,112.777649,227.373444,0.000032
775,692.948914,416.545624,26.731689,90.338898,0.000030
775,673.474182,146.985992,44.134644,193.939392,0.000024
775,136.396729,108.753426,79.952515,166.502197,0.000024
775,669.193115,34.368031,47.199585,204.024277,0.000015
775,118.399666,131.714737,119.965828,243.673447,0.000013
775,471.168732,47.146038,118.261871,251.598740,0.000010
775,574.023682,223.690567,20.536621,45.990189,0.000007
775,669.769470,342.489441,49.210815,221.145874,0.000005
775,569.446106,213.396622,31.417053,72.960739,0.000004
775,350.010132,134.661667,106.204468,220.070450,0.000004
775,531.967957,50.286678,150.027039,279.803650,0.000003
775,2.287481,32.935242,55.670826,196.943405,0.000002
775,252.608704,59.669418,98.667267,207.094040,0.000002
775,1.699361,98.282021,57.535648,216.187500,0.000002
775,80.460907,91.891342,109.799210,228.104752,0.000002
775,537.221252,153.092743,97.295959,200.623169,0.000001
800,706.097900,261.211700,13.902100,34.974487,0.000116
800,705.754883,245.239868,14.245117,35.985687,0.000097
800,705.557495,228.948227,14.442505,36.550339,0.000090
800,705.656128,420.969604,14.343872,36.132690,0.000086
800,705.451477,212.616516,14.548523,36.783112,0.000082
800,705.684937,405.171112,14.315063,36.061584,0.000082
800,705.697937,436.855225,14.302063,36.090546,0.000082
800,705.397949,196.872177,14.602051,36.861710,0.000076
800,705.728394,389.261810,14.271606,35.997040,0.000070
800,705.283447,180.996002,14.716553,37.316681,0.000069
800,705.394104,165.277664,14.605896,37.207932,0.000067
800,692.840759,223.367264,26.489868,88.698715,0.000067
800,705.698669,149.708694,14.301331,36.647476,0.000064
800,699.222961,205.027252,20.386047,58.893982,0.000064
800,699.826538,237.285614,19.936890,57.245361,0.000060
800,691.710510,161.408310,27.653503,93.295197,0.000059
800,698.911865,173.909973,20.701538,60.065094,0.000055
800,692.365295,384.105072,27.290771,92.021667,0.000051
800,671.901367,107.270103,45.374939,197.272675,0.000050
800,692.657288,415.880798,27.053101,91.236603,0.000043
800,692.278076,352.196991,27.474060,92.465820,0.000040
800,217.031509,229.472107,31.720306,70.975281,0.000039
800,160.890182,45.926235,130.456894,247.796844,0.000034
800,666.622925,14.707619,50.865845,228.121185,0.000024
800,235.421951,256.326111,20.674210,42.692749,0.000021
800,227.425552,227.188492,34.133408,77.619308,0.000020
800,222.417328,242.834183,20.285568,44.454819,0.000020
800,126.532738,66.225166,114.801308,238.046844,0.000015
800,205.420090,64.940971,126.502029,265.495331,0.000013
800,670.292908,175.245697,46.246948,197.865784,0.000010
800,671.981995,298.602661,45.904785,202.819214,0.000009
800,240.139694,247.392044,14.934311,32.555740,0.000006
800,205.214035,170.361832,82.772690,178.082108,0.000005
800,399.999573,33.153736,115.085022,238.847336,0.000004
800,434.174713,67.583084,122.182404,254.114090,0.000003
800,514.932373,102.108109,107.202881,226.214554,0.000002
800,632.890869,268.057312,80.062988,216.715515,0.000002
800,102.772179,240.193222,111.842110,236.188828,0.000002
825,1.235073,2.096926,12.498027,22.211134,0.000172
825,706.460144,261.174103,13.539856,33.994720,0.000130
825,706.143250,245.658066,13.856750,35.289597,0.000106
825,705.314331,85.645012,14.685669,36.126160,0.000095
825,700.368225,238.401398,18.944336,54.436310,0.000093
825,695.913269,74.416321,23.265686,71.442688,0.000089
825,704.922974,100.871635,15.077026,36.906425,0.000084
825,705.903381,229.632446,14.096619,36.118256,0.000083
825,693.168396,210.233994,25.828125,86.379654,0.000075
825,705.035461,116.791191,14.964539,36.804390,0.000073
825,705.244934,132.815994,14.755066,36.581177,0.000070
825,705.452698,148.991913,14.547302,36.339645,0.000068
825,282.596283,168.179550,23.187927,49.918839,0.000068
825,705.604614,165.105774,14.395386,36.188904,0.000065
825,698.585693,108.358780,20.906433,60.610962,0.000061
825,1.362530,1.635083,17.136982,33.730797,0.000058
825,698.983337,140.539215,20.648315,60.027954,0.000050
825,670.936218,31.821754,46.788513,205.555023,0.000049
825,691.238770,126.779747,28.318726,94.931450,0.000046
825,690.997314,94.338882,28.148743,93.252777,0.000044
825,691.659363,160.575577,28.008789,94.051819,0.000034
825,404.194977,162.018860,35.232666,78.027893,0.000025
825,411.413818,175.524414,23.810699,54.436539,0.000024
825,275.975281,159.761398,35.809021,78.534714,0.000024
825,415.332184,196.620239,15.984039,34.354874,0.000023
825,672.004272,289.147064,46.662781,215.579712,0.000022
825,264.516876,123.493996,75.698700,162.110748,0.000021
825,660.842712,101.127235,36.444336,81.288246,0.000017
825,392.306061,154.184875,35.633942,79.654999,0.000010
825,417.266541,152.435745,36.338104,80.690430,0.000010
825,673.315918,178.067780,43.864075,192.651245,0.000009
825,392.361755,115.202126,73.088745,153.505280,0.000007
825,226.911835,85.270935,93.322571,195.525665,0.000006
825,619.631348,27.597551,93.864380,218.952118,0.000006
825,414.057556,79.260689,95.023346,202.138672,0.000006
825,440.520081,72.476944,112.872437,236.749100,0.000006
825,263.807098,145.359253,35.446930,79.453964,0.000005
825,120.292221,92.133316,107.212204,225.523788,0.000004
825,179.118149,87.463806,115.351486,246.523193,0.000001
850,664.151062,18.647909,53.915527,237.834488,0.000139
850,112.702965,141.429565,40.590172,88.650940,0.000123
850,706.083435,244.946732,13.916565,35.196487,0.000104
850,705.861511,405.099457,14.138489,35.911346,0.000088
850,705.831970,421.129852,14.168030,35.918640,0.000084
850,705.491577,101.969368,14.508423,36.226753,0.000080
850,705.865051,437.163910,14.134949,35.824463,0.000079
850,705.846313,229.351578,14.153687,36.170151,0.000076
850,705.197327,117.165276,14.802673,36.903557,0.000072
850,705.365051,148.908859,14.634949,36.721970,0.000071
850,705.190552,132.885056,14.809448,36.936356,0.000070
850,693.794922,225.427841,25.096558,85.129257,0.000070
850,705.549072,164.969116,14.450928,36.530289,0.000064
850,705.722290,213.451080,14.277710,36.534454,0.000063
850,705.657654,197.199524,14.342346,36.658798,0.000059
850,705.701599,181.056503,14.298401,36.387680,0.000058
850,699.899292,222.262192,19.381226,56.174057,0.000057
850,692.761841,368.434570,26.994568,91.398193,0.000050
850,698.911621,124.675362,20.596069,59.677330,0.000047
850,692.628967,400.166565,27.056396,91.389557,0.000047
850,692.809143,194.190918,26.351746,88.593445,0.000047
850,699.132629,156.893509,20.576233,59.951935,0.000036
850,691.591370,143.523590,28.039978,94.416199,0.000035
850,699.379456,190.011948,20.280029,59.276260,0.000034
850,691.451416,111.635857,27.694580,91.952858,0.000032
850,672.843445,129.991058,44.996948,197.085083,0.000026
850,672.064941,246.969986,46.590332,221.351456,0.000022
850,100.595680,89.479721,82.141716,173.437912,0.000012
850,132.404495,59.131756,107.005203,224.306229,0.000010
850,69.142273,94.545021,97.121857,200.672485,0.000009
850,169.841827,40.509651,113.822296,236.782593,0.000008
850,397.629364,98.153633,18.775940,39.434471,0.000008
850,670.637878,341.995422,48.485474,221.448669,0.000008
850,307.574860,95.577843,87.888885,184.916260,0.000005
850,390.861420,89.044342,31.807526,69.528427,0.000004
850,14.379028,48.716518,108.538956,229.185913,0.000004
850,359.229370,34.703304,94.869690,194.203873,0.000002
875,514.042847,106.795868,12.137634,25.399734,0.000170
875,706.178101,213.376450,13.821899,36.036102,0.000092
875,706.232117,229.091614,13.767883,35.336670,0.000091
875,706.194641,197.558411,13.805359,35.853516,0.000090
875,705.964417,357.417908,14.035583,35.487091,0.000083
875,705.564331,133.199265,14.435669,36.095261,0.000072
875,693.635010,193.633942,25.590820,86.962677,0.000070
875,705.609436,117.405327,14.390564,36.267403,0.000069
875,705.571472,148.964981,14.428528,35.986908,0.000068
875,700.029114,205.645142,19.569519,57.231934,0.000056
875,692.754639,336.688568,26.822632,90.498627,0.000052
875,692.146729,145.198364,27.328796,91.546036,0.000047
875,692.825256,368.352234,26.924744,91.067719,0.000045
875,699.146179,126.205803,20.342102,58.897682,0.000044
875,691.719055,113.729050,27.576904,92.746048,0.000044
875,692.948853,400.574890,26.767456,90.630066,0.000041
875,659.364380,140.458862,13.464478,28.522675,0.000032
875,655.340210,133.449005,20.163269,44.134018,0.000030
875,671.848328,264.171783,46.680359,212.416992,0.000028
875,672.006470,138.285278,14.167603,30.387665,0.000027
875,667.231873,131.489899,21.262878,46.713608,0.000026
875,670.750000,90.227737,44.772461,190.688889,0.000022
875,671.036865,151.665192,46.882874,212.684235,0.000020
875,675.887085,120.947639,35.107910,79.248192,0.000015
875,659.772766,134.852478,34.782593,76.675049,0.000013
875,586.315063,54.658569,88.066284,189.341873,0.000012
875,638.299561,67.114876,74.359680,174.968536,0.000012
875,670.019470,121.090378,17.737549,38.864014,0.000011
875,657.623230,124.239594,15.490723,32.658920,0.000010
875,595.597412,80.278015,34.601990,78.376862,0.000008
875,648.380859,113.024811,33.291748,71.951675,0.000007
875,670.421875,343.659393,48.652100,221.046722,0.000007
875,602.784119,101.265434,21.864807,45.210915,0.000004
875,147.033005,111.964622,83.808929,176.460388,0.000003
875,92.710266,85.271568,106.281113,219.758179,0.000002
875,163.249161,158.869553,34.535309,74.194504,0.000002
875,149.566422,144.441208,34.746094,76.101746,0.000002
875,126.319122,36.595848,102.197159,213.073029,0.000002
900,685.343506,223.354080,21.706299,44.615921,0.000916
900,689.442993,227.730209,14.402405,31.304398,0.000685
900,690.247192,240.167847,13.463562,29.627319,0.000391
900,676.921387,226.056244,13.381592,29.877472,0.000348
900,705.295349,227.656021,14.643066,35.753036,0.000290
900,705.429749,213.895462,14.570251,36.293411,0.000267
900,700.173096,220.150223,18.769287,53.602097,0.000218
900,676.557068,216.499832,13.121948,28.104065,0.000167
900,705.922974,241.824402,13.971680,34.359375,0.000153
900,706.277100,200.524673,13.676270,34.329376,0.000153
900,693.974182,197.350479,23.810547,80.278488,0.000093
900,700.122620,196.016495,18.844299,53.114471,0.000088
900,386.882843,125.393997,15.087555,33.321564,0.000088
900,383.616608,118.634239,22.225677,49.930824,0.000085
900,705.499634,405.136108,14.500366,36.583801,0.000080
900,705.498108,389.250793,14.501892,36.675812,0.000080
900,705.514587,420.963196,14.485413,36.457550,0.000080
900,705.505920,373.357452,14.494080,36.645599,0.000078
900,705.569458,436.820251,14.430542,36.346893,0.000076
900,705.497925,357.432739,14.502075,36.622925,0.000075
900,705.702454,341.730438,14.297546,36.151428,0.000070
900,691.848755,368.225342,27.602539,93.047241,0.000063
900,692.026245,399.970612,27.331848,91.912628,0.000052
900,670.085205,36.060329,46.891785,212.509644,0.000048
900,671.512939,283.892242,46.502014,207.076782,0.000046
900,393.928772,119.439629,22.117859,48.746758,0.000045
900,369.879333,72.609695,79.932251,170.240952,0.000025
900,386.682587,109.623123,35.583313,80.238159,0.000017
900,678.974548,149.833939,37.509644,162.785904,0.000015
900,325.619537,58.982124,89.351898,185.599731,0.000014
900,398.834534,123.964699,15.418732,32.755745,0.000013
900,40.135544,164.144119,29.769455,67.527069,0.000006
925,526.944031,197.836136,33.770508,72.986160,0.980714
925,558.621399,187.397552,33.024292,73.991516,0.775554
925,536.735352,202.474106,23.665833,46.292282,0.028171
925,377.890350,186.898270,24.853027,54.781937,0.003335
925,363.507385,176.276398,29.394226,68.032104,0.001197
925,383.492981,205.189301,15.406738,35.134735,0.000728
925,518.009766,172.891495,58.009216,112.608505,0.000620
925,515.651306,216.002350,16.677368,35.960587,0.000282
925,423.052948,81.520348,62.989197,144.102417,0.000268
925,442.432190,124.176422,45.980774,101.927902,0.000252
925,438.865631,82.115387,28.666016,62.305328,0.000124
925,489.983459,210.428040,23.141724,47.699585,0.000066
925,442.247711,110.145805,27.085449,62.038872,0.000061
925,430.707275,84.775497,44.978546,95.257507,0.000053
925,593.184448,213.323166,13.028442,29.245209,0.000050
925,495.268921,216.316589,15.552368,32.451859,0.000043
925,427.524506,78.098213,89.414154,188.574432,0.000033
925,368.531891,49.545715,112.602936,215.839783,0.000028
925,480.350525,211.565796,16.894562,35.822250,0.000027
925,610.904419,214.890778,12.778076,29.006577,0.000025
925,451.154785,110.858963,29.458130,66.366165,0.000023
925,496.201263,206.276215,14.240173,29.444748,0.000013
925,671.385620,131.460327,46.702271,196.213806,0.000010
925,452.380859,64.025970,125.690552,250.935913,0.000009
950,392.480438,199.049957,37.683228,82.693604,0.988315
950,430.525177,190.261703,36.875305,79.655167,0.983678
950,432.620026,206.268250,25.431458,50.051025,0.029312
950,221.201874,194.192047,27.095169,61.209030,0.019392
950,454.909729,197.296967,25.522125,52.424347,0.007015
950,441.452484,203.778152,23.885406,49.909286,0.005251
950,462.387543,203.607819,16.171936,34.850754,0.000936
950,283.609070,80.186386,58.902313,134.474274,0.000900
950,411.840210,214.462524,20.807068,40.053162,0.000873
950,299.195343,82.474960,24.540527,50.095551,0.000833
950,292.576080,78.139656,35.158966,75.531746,0.000642
950,233.033173,198.643585,24.030518,53.593597,0.000577
950,238.925659,201.562210,17.066605,36.059372,0.000405
950,312.975891,128.847305,23.267609,48.779388,0.000067
950,351.344757,216.404114,15.691254,32.618042,0.000059
950,303.748108,117.462440,39.376862,79.259438,0.000043
950,347.228333,220.855179,21.635132,44.892166,0.000040
950,518.831177,43.298244,144.815308,280.276733,0.000033
950,256.753021,201.485916,13.400269,29.628082,0.000030
950,225.545135,53.442154,109.320618,215.017227,0.000022
950,321.181732,69.937256,111.738220,228.680237,0.000006
975,395.069916,178.691879,40.232727,87.704544,0.987314
975,351.192169,187.139023,42.931702,92.910690,0.984914
975,407.907410,198.199890,24.325562,54.014389,0.005732
975,368.894196,170.741776,54.179047,105.894485,0.005662
975,372.454742,196.211914,29.717163,65.063751,0.003732
975,397.048859,205.085587,27.377319,57.696701,0.001295
975,427.853180,193.007751,20.356476,45.176544,0.001050
975,450.107513,210.585587,15.080017,34.929565,0.000718
975,382.456787,207.641861,19.009857,40.251465,0.000699
975,231.939941,67.988487,74.107025,169.008301,0.000415
975,253.838333,108.644859,44.123032,102.493523,0.000281
975,192.944382,209.912308,14.975601,33.218369,0.000177
975,193.023636,197.717865,16.240967,35.654434,0.000129
975,431.681213,208.371857,15.732117,35.648865,0.000122
975,208.886978,198.599777,14.645569,32.115875,0.000100
975,244.081619,73.987579,42.364395,90.837585,0.000066
975,337.469208,212.856796,17.695282,36.772919,0.000030
975,304.225800,201.393494,15.701233,33.085236,0.000029
975,319.392914,203.322678,14.680298,30.891342,0.000020
975,187.688385,52.097958,118.320007,229.368561,0.000016
975,571.169983,82.175163,125.772583,254.962524,0.000011
975,512.268433,79.786583,122.778748,250.929352,0.000007
975,268.856293,61.892029,125.395172,256.800720,0.000006
1000,365.431305,157.399963,47.105621,103.460846,0.993657
1000,319.183685,170.622650,48.983368,105.937378,0.989439
1000,170.684875,183.181808,22.373734,48.048798,0.113679
1000,162.268906,180.330566,21.331192,46.483276,0.091488
1000,332.853973,158.306702,58.319183,116.803894,0.040358
1000,365.211151,176.948166,31.085236,69.638824,0.011424
1000,376.386597,183.146545,33.215576,70.806076,0.004056
1000,193.003082,185.872696,13.394714,28.763641,0.003354
1000,175.925323,193.628036,14.711823,32.640381,0.002896
1000,329.327240,217.066635,27.372559,57.600082,0.000621
1000,490.345398,186.062363,25.241943,53.643219,0.000608
1000,208.050644,182.615799,15.398254,33.439713,0.000515
1000,496.552460,208.154709,15.234283,33.812332,0.000441
1000,395.664886,180.395203,19.086212,40.674500,0.000290
1000,368.517334,194.142487,19.926117,41.872299,0.000244
1000,339.755829,178.347382,27.553986,61.919632,0.000177
1000,348.701050,184.248917,19.643585,37.464447,0.000080
1000,416.199585,185.043762,15.065033,33.613556,0.000076
1000,459.680145,197.900848,24.910797,54.462662,0.000044
1000,271.368042,186.686920,15.142731,32.796005,0.000017
1025,417.400024,151.377518,59.227112,128.914200,0.995485
1025,367.383820,169.189835,57.356384,125.862137,0.994602
1025,389.330353,155.485809,64.683136,132.996094,0.039745
1025,412.433838,189.964249,24.292542,55.514633,0.012325
1025,208.011795,189.501190,20.931503,45.913315,0.012290
1025,410.547668,175.822754,35.736633,80.376099,0.003275
1025,219.823410,191.026154,19.371521,42.566727,0.001780
1025,211.047272,197.775940,14.626236,31.407043,0.001350
1025,422.703247,164.665588,37.587189,81.084091,0.000911
1025,366.426239,194.948380,26.500427,53.615723,0.000692
1025,415.823120,183.217545,19.005432,39.923889,0.000687
1025,454.962463,184.912369,26.818604,57.550095,0.000468
1025,238.572510,193.908463,16.640503,36.615509,0.000383
1025,375.433533,178.273560,36.870575,77.023468,0.000347
1025,461.662018,195.624222,16.798828,37.949615,0.000170
1025,462.386017,182.963135,16.061432,35.233368,0.000130
1025,509.937378,109.236198,96.928467,203.086670,0.000032
1025,272.020477,110.549965,37.010223,79.992409,0.000020
1025,303.937012,196.135132,16.976227,37.593353,0.000020
1025,245.825287,68.409637,78.015747,174.311050,0.000009
1025,392.779175,189.804474,23.779022,51.208893,0.000007
1025,536.582642,104.072868,115.253479,236.542450,0.000007
1050,409.314789,152.980865,68.085907,147.813416,0.996198
1050,474.226898,133.754074,63.198029,135.944077,0.991986
1050,236.477173,183.522644,22.197540,47.988693,0.059593
1050,209.055389,166.995193,21.617538,47.356323,0.044308
1050,219.622147,169.038925,29.781403,65.074463,0.018926
1050,224.214096,180.085938,19.664352,42.665451,0.003668
1050,451.712463,162.083023,48.544525,104.045151,0.002700
1050,247.135712,179.918427,23.098511,49.498901,0.002179
1050,459.955566,201.887741,22.218170,50.926422,0.001169
1050,474.396301,169.221130,29.675171,62.927399,0.000949
1050,463.445984,181.090912,17.851105,39.109421,0.000783
1050,301.117554,92.378838,37.514526,81.140404,0.000050
1050,335.886597,182.048660,17.195740,37.604584,0.000033
1050,480.571655,192.384659,19.352386,44.865891,0.000020
1050,309.914429,123.097099,29.899017,62.551170,0.000020
1050,282.035736,82.603783,63.788818,145.580933,0.000010
1075,410.170349,153.015045,74.847992,163.976288,0.994922
1075,491.979279,126.902115,72.940887,161.315231,0.993826
1075,458.509491,135.199341,75.167633,163.393677,0.040199
1075,420.540283,196.791428,51.491577,114.795303,0.034801
1075,465.328674,216.696503,14.640839,32.059082,0.012970
1075,411.994934,183.898773,37.736664,88.151764,0.003068
1075,481.834717,217.151932,13.772522,30.330887,0.002956
1075,465.604858,227.240036,14.155457,32.457657,0.002228
1075,477.200287,210.894501,21.321350,44.384811,0.001419
1075,507.147797,149.127258,49.530182,106.518219,0.001398
1075,457.542755,202.446686,27.322205,57.686584,0.001043
1075,207.359360,171.474396,14.027634,30.531403,0.000920
1075,416.903564,207.877594,19.244385,44.755386,0.000533
1075,462.306732,197.196381,17.345245,40.620544,0.000283
1075,436.085724,178.728302,53.338959,116.698914,0.000282
1075,417.668182,223.838745,17.069855,40.658325,0.000150
1075,541.378601,180.052322,18.362061,41.627945,0.000070
1075,241.971573,180.490494,16.218216,34.864349,0.000056
1075,236.057037,172.251236,24.858276,54.525436,0.000038
1075,288.575623,88.724632,38.494202,85.185677,0.000038
1075,471.063599,194.191330,38.099213,83.101944,0.000035
1075,520.489197,67.794563,129.171021,259.304108,0.000016
1075,522.452698,169.595093,25.486816,56.003250,0.000003
1100,402.534912,145.820084,86.967651,188.038437,0.996111
1100,506.133911,147.136215,68.273987,145.981735,0.978077
1100,420.845551,203.867081,57.823395,124.099625,0.024493
1100,188.567337,169.846695,25.298813,54.363708,0.018086
1100,513.274109,207.424240,19.005127,45.662689,0.002635
1100,500.435791,213.558853,15.351257,35.028046,0.000747
1100,209.240021,174.552185,14.614258,31.255142,0.000483
1100,483.039459,217.305603,13.904755,30.292465,0.000315
1100,463.109039,213.888962,16.724823,36.066437,0.000295
1100,297.639801,127.981171,22.971619,49.911652,0.000294
1100,418.727173,209.094208,16.991516,39.943207,0.000291
1100,471.222961,94.427414,132.425720,278.761719,0.000273
1100,402.363434,201.458710,15.188171,32.994064,0.000261
1100,417.863464,194.321335,18.469727,41.234512,0.000207
1100,514.614319,222.945053,18.524231,43.997513,0.000170
1100,301.845032,135.388351,16.427338,33.505112,0.000161
1100,223.402542,174.595413,15.714157,33.276596,0.000141
1100,417.162445,156.327408,53.464844,122.390366,0.000075
1100,462.332214,198.202469,17.415588,36.471939,0.000074
1100,218.399826,173.395203,23.696213,50.630157,0.000067
1100,524.324219,187.144974,25.192627,54.209625,0.000033
1100,292.362549,128.263641,34.753418,73.622986,0.000017
1100,545.322693,64.409805,126.744751,260.614624,0.000010
1100,377.080841,60.606445,116.558197,230.637299,0.000006
1100,273.924683,96.352867,60.830261,137.415222,0.000005
1125,399.490356,131.375275,94.537720,203.326080,0.995758
1125,520.848938,171.625656,58.446838,123.625595,0.763352
1125,177.762100,170.195648,18.099899,39.282227,0.016279
1125,548.816772,208.711441,29.585938,65.284500,0.003167
1125,388.574249,200.986221,13.867126,31.216156,0.001535
1125,415.251770,196.882339,59.414917,129.450668,0.001340
1125,402.524933,195.936829,16.085663,35.643112,0.000899
1125,540.075684,213.647232,24.036865,56.099960,0.000801
1125,192.633514,168.352142,16.744080,34.817993,0.000573
1125,480.078247,213.542953,14.207062,33.972015,0.000461
1125,479.529114,165.915649,131.062744,268.803192,0.000402
1125,508.968323,156.901367,90.103943,189.762482,0.000399
1125,416.571869,190.235168,20.356415,46.646912,0.000396
1125,557.222717,220.884247,19.714294,44.729156,0.000392
1125,416.909363,206.901749,19.621979,45.849411,0.000267
1125,287.541534,132.083374,21.262939,46.396606,0.000202
1125,477.107880,219.269455,21.008942,42.605789,0.000153
1125,606.699158,39.796532,101.619446,212.930878,0.000153
1125,464.086090,214.760941,15.354309,33.866760,0.000143
1125,282.303284,120.336296,32.219910,67.855522,0.000041
1125,466.728882,199.702652,38.874878,86.372208,0.000026
1125,274.682098,98.834969,34.162262,74.028282,0.000013
1125,255.789474,75.207199,67.879990,156.076279,0.000003
1125,258.118896,81.151314,96.296783,209.219330,0.000003
1150,403.010864,131.741318,96.765289,210.840256,0.997237
1150,530.329346,171.917892,57.265381,129.138504,0.716874
1150,417.738861,209.883743,16.569092,38.987701,0.003034
1150,418.364410,224.276398,15.030243,35.527710,0.001685
1150,479.136444,212.894577,15.703400,38.584869,0.001470
1150,416.573792,191.789490,19.525421,45.729675,0.001453
1150,501.051788,121.999985,111.003387,238.649033,0.000854
1150,411.419098,197.749771,31.251038,67.150894,0.000748
1150,479.928589,199.631393,14.791290,36.395706,0.000426
1150,287.963623,166.999252,16.240631,35.266403,0.000199
1150,172.284027,165.191055,23.497681,51.245514,0.000193
1150,496.555695,213.470779,13.844177,31.852173,0.000190
1150,277.778717,125.518494,25.104462,55.238190,0.000180
1150,496.074097,202.547073,15.691345,33.899994,0.000142
1150,283.244110,136.161743,17.103790,35.176636,0.000049
1150,283.235992,146.946793,21.101532,44.641083,0.000044
1150,459.008148,204.484665,22.823395,53.520981,0.000024
1150,599.179016,62.055817,106.202576,236.865662,0.000023
1150,259.624634,78.824562,40.307983,85.598259,0.000022
1150,430.125610,174.039841,22.728058,48.123932,0.000019
1150,431.371338,205.352142,21.263397,49.848465,0.000015
1150,275.874573,131.816956,34.536072,73.827942,0.000014
1150,494.303619,207.275787,124.094147,255.638275,0.000010
1150,256.631592,90.700249,57.553986,129.185425,0.000005
1150,442.292664,169.496277,25.456024,56.186462,0.000001
1175,454.946960,129.396774,104.741638,228.515457,0.994340
1175,588.926086,172.585953,63.103333,140.641800,0.935353
1175,476.180969,211.711990,65.531067,139.890671,0.027032
1175,468.288635,212.855103,13.048553,28.637558,0.019073
1175,420.130219,214.938721,12.452423,25.757294,0.002452
1175,490.606659,123.577148,122.366241,256.300171,0.002417
1175,587.127625,216.732040,28.238586,59.384903,0.002414
1175,481.720032,210.906113,17.068970,39.134918,0.001978
1175,481.074982,224.279388,18.253113,42.920380,0.001281
1175,578.202209,152.672958,103.718567,217.938583,0.000916
1175,577.076233,195.173462,41.603394,96.291809,0.000757
1175,403.316742,207.993896,10.899597,23.435059,0.000405
1175,402.949036,215.517349,11.863190,25.009506,0.000383
1175,432.684875,214.577896,12.748047,26.613358,0.000337
1175,431.424896,205.373459,12.927124,28.316132,0.000234
1175,316.184052,131.419861,22.165619,49.984711,0.000096
1175,525.860901,209.848434,18.959595,41.000000,0.000067
1175,473.229584,154.832443,69.581451,157.630692,0.000033
1175,307.405396,112.472328,34.141418,72.550774,0.000024
1175,485.574799,197.452927,35.639008,73.090256,0.000015
1175,643.592529,126.403885,68.133850,220.835159,0.000009
1175,494.498291,205.846420,22.726379,49.330261,0.000008
1175,308.958588,99.165871,27.612366,61.938866,0.000007
1175,285.021149,66.462105,74.186188,166.335236,0.000002
1175,286.181213,125.455429,104.433014,227.202286,0.000001
1175,507.072449,169.439255,24.396729,55.215118,0.000001
1200,518.176270,128.794220,108.983948,237.052399,0.995948
1200,21.874525,67.686462,36.279663,79.211823,0.053132
1200,534.385925,207.287155,73.622925,156.988998,0.011326
1200,512.274475,206.641037,21.778748,47.015015,0.010292
1200,525.146057,216.899200,22.803833,46.971649,0.008036
1200,669.227539,120.536285,41.454529,91.738892,0.001469
1200,544.291809,209.699203,18.504822,42.732925,0.001200
1200,521.501709,189.013962,30.182068,62.728851,0.000887
1200,516.296143,173.590332,47.757507,107.370087,0.000554
1200,545.480408,194.473022,17.880676,40.868011,0.000506
1200,543.935120,223.690109,19.711853,46.518723,0.000493
1200,613.817383,124.568695,100.914490,216.301880,0.000284
1200,538.146667,193.731674,36.242188,78.014114,0.000227
1200,526.710388,197.496841,17.498230,40.806091,0.000223
1200,644.091797,180.084061,65.445007,167.915054,0.000174
1200,642.889954,78.667679,73.115601,186.974136,0.000083
1200,360.745941,133.538193,21.702301,46.266434,0.000052
1200,208.921921,215.667709,12.375229,26.674393,0.000040
1200,467.493042,213.935165,12.983978,28.738403,0.000036
1200,194.622101,218.021774,13.440170,28.931473,0.000034
1200,250.788666,175.277344,24.711487,51.928696,0.000028
1200,558.383911,206.337219,22.287598,47.881516,0.000008
1200,352.479004,122.007202,34.999786,74.983994,0.000007
1200,337.867950,91.034103,38.759613,81.816086,0.000007
1200,571.569763,170.293427,24.020142,54.162949,0.000001
1225,558.287109,116.433952,118.191467,257.080658,0.994518
1225,574.752930,204.240585,78.673584,165.741592,0.002349
1225,531.126465,218.955566,12.303284,26.771774,0.001313
1225,562.674377,223.280853,15.089050,32.636429,0.001082
1225,579.087219,225.736938,14.114014,32.747040,0.001067
1225,548.362915,229.011200,13.022522,27.173859,0.000951
1225,671.569153,227.697342,16.420105,35.036758,0.000928
1225,48.872978,72.855362,38.812149,85.788376,0.000680
1225,578.866272,212.811920,14.425842,33.203995,0.000410
1225,574.141724,220.547775,22.696960,45.725998,0.000400
1225,547.879761,219.018372,12.973206,28.888657,0.000379
1225,593.222778,208.011169,19.365479,44.719650,0.000333
1225,404.798920,169.780823,14.641205,32.873932,0.000267
1225,638.964844,227.455887,16.963562,38.187668,0.000257
1225,515.598206,217.049057,12.202515,27.300598,0.000249
1225,638.782043,211.272491,17.543457,37.292633,0.000239
1225,598.120850,158.635742,74.624084,164.944977,0.000163
1225,267.413208,179.505692,24.291626,52.711426,0.000144
1225,592.692810,223.832825,19.692078,47.046692,0.000116
1225,500.559570,218.304428,11.271698,23.806854,0.000094
1225,40.405914,75.481041,56.618988,122.929527,0.000087
1225,243.379593,147.961197,76.075760,169.837662,0.000079
1225,369.867279,95.674088,34.300018,73.808517,0.000009
1225,606.409668,205.326584,22.607056,48.947266,0.000004
1225,619.272339,200.250809,24.186218,56.281052,0.000003
1225,355.783783,102.364784,129.898529,266.369659,0.000001
